k[unitless]    k[h/Mpc]    D^2(k)
     1    0.20944E-01    0.42003E-02
     2    0.41888E-01    0.21293E-01
     3    0.62832E-01    0.84407E-01
     4    0.83776E-01    0.15679E+00
     5    0.10472E+00    0.27887E+00
     6    0.12566E+00    0.44296E+00
     7    0.14661E+00    0.69080E+00
     8    0.16755E+00    0.97451E+00
     9    0.18850E+00    0.12121E+01
    10    0.20944E+00    0.14783E+01
    11    0.23038E+00    0.18771E+01
    12    0.25133E+00    0.22000E+01
    13    0.27227E+00    0.26708E+01
    14    0.29322E+00    0.30154E+01
    15    0.31416E+00    0.34164E+01
    16    0.33510E+00    0.36841E+01
    17    0.35605E+00    0.40398E+01
    18    0.37699E+00    0.45311E+01
    19    0.39794E+00    0.48556E+01
    20    0.41888E+00    0.53952E+01
    21    0.43982E+00    0.55723E+01
    22    0.46077E+00    0.60288E+01
    23    0.48171E+00    0.64612E+01
    24    0.50265E+00    0.66606E+01
    25    0.52360E+00    0.69846E+01
    26    0.54454E+00    0.75236E+01
    27    0.56549E+00    0.80161E+01
    28    0.58643E+00    0.79430E+01
    29    0.60737E+00    0.83084E+01
    30    0.62832E+00    0.85726E+01
    31    0.64926E+00    0.87948E+01
    32    0.67021E+00    0.92219E+01
    33    0.69115E+00    0.94570E+01
    34    0.71209E+00    0.94427E+01
    35    0.73304E+00    0.96657E+01
    36    0.75398E+00    0.10164E+02
    37    0.77493E+00    0.10188E+02
    38    0.79587E+00    0.10425E+02
    39    0.81681E+00    0.10410E+02
    40    0.83776E+00    0.10711E+02
    41    0.85870E+00    0.10678E+02
    42    0.87965E+00    0.11056E+02
    43    0.90059E+00    0.11428E+02
    44    0.92153E+00    0.11556E+02
    45    0.94248E+00    0.11535E+02
    46    0.96342E+00    0.11516E+02
    47    0.98437E+00    0.11970E+02
    48    0.10053E+01    0.12015E+02
    49    0.10263E+01    0.12087E+02
    50    0.10472E+01    0.12237E+02
    51    0.10681E+01    0.12581E+02
    52    0.10891E+01    0.12600E+02
    53    0.11100E+01    0.12868E+02
    54    0.11310E+01    0.13033E+02
    55    0.11519E+01    0.13294E+02
    56    0.11729E+01    0.13629E+02
    57    0.11938E+01    0.14033E+02
    58    0.12147E+01    0.14078E+02
    59    0.12357E+01    0.14578E+02
    60    0.12566E+01    0.14635E+02
    61    0.12776E+01    0.14744E+02
    62    0.12985E+01    0.15345E+02
    63    0.13195E+01    0.15658E+02
    64    0.13404E+01    0.16042E+02
    65    0.13614E+01    0.16409E+02
    66    0.13823E+01    0.16755E+02
    67    0.14032E+01    0.17280E+02
    68    0.14242E+01    0.17643E+02
    69    0.14451E+01    0.18139E+02
    70    0.14661E+01    0.18515E+02
    71    0.14870E+01    0.18813E+02
    72    0.15080E+01    0.19394E+02
    73    0.15289E+01    0.20123E+02
    74    0.15499E+01    0.20604E+02
    75    0.15708E+01    0.21128E+02
    76    0.15917E+01    0.21836E+02
    77    0.16127E+01    0.22356E+02
    78    0.16336E+01    0.23066E+02
    79    0.16546E+01    0.23599E+02
    80    0.16755E+01    0.24101E+02
    81    0.16965E+01    0.24976E+02
    82    0.17174E+01    0.25194E+02
    83    0.17383E+01    0.26413E+02
    84    0.17593E+01    0.26671E+02
    85    0.17802E+01    0.27639E+02
    86    0.18012E+01    0.28243E+02
    87    0.18221E+01    0.28957E+02
    88    0.18431E+01    0.29808E+02
    89    0.18640E+01    0.30469E+02
    90    0.18850E+01    0.31093E+02
    91    0.19059E+01    0.31493E+02
    92    0.19268E+01    0.32452E+02
    93    0.19478E+01    0.33326E+02
    94    0.19687E+01    0.33986E+02
    95    0.19897E+01    0.34879E+02
    96    0.20106E+01    0.35542E+02
    97    0.20316E+01    0.36075E+02
    98    0.20525E+01    0.36732E+02
    99    0.20735E+01    0.37595E+02
   100    0.20944E+01    0.38315E+02
   101    0.21153E+01    0.38529E+02
   102    0.21363E+01    0.39492E+02
   103    0.21572E+01    0.40116E+02
   104    0.21782E+01    0.40979E+02
   105    0.21991E+01    0.41318E+02
   106    0.22201E+01    0.42058E+02
   107    0.22410E+01    0.42482E+02
   108    0.22619E+01    0.43121E+02
   109    0.22829E+01    0.43450E+02
   110    0.23038E+01    0.43826E+02
   111    0.23248E+01    0.44177E+02
   112    0.23457E+01    0.44895E+02
   113    0.23667E+01    0.45009E+02
   114    0.23876E+01    0.45158E+02
   115    0.24086E+01    0.45861E+02
   116    0.24295E+01    0.46609E+02
   117    0.24504E+01    0.46374E+02
   118    0.24714E+01    0.46319E+02
   119    0.24923E+01    0.47117E+02
   120    0.25133E+01    0.46808E+02
   121    0.25342E+01    0.47137E+02
   122    0.25552E+01    0.47110E+02
   123    0.25761E+01    0.46614E+02
   124    0.25970E+01    0.46752E+02
   125    0.26180E+01    0.46671E+02
   126    0.26389E+01    0.46741E+02
   127    0.26599E+01    0.46537E+02
   128    0.26808E+01    0.45676E+02
   129    0.27018E+01    0.45478E+02
   130    0.27227E+01    0.45104E+02
   131    0.27437E+01    0.44810E+02
   132    0.27646E+01    0.43842E+02
   133    0.27855E+01    0.43691E+02
   134    0.28065E+01    0.42619E+02
   135    0.28274E+01    0.41991E+02
   136    0.28484E+01    0.41310E+02
   137    0.28693E+01    0.40276E+02
   138    0.28903E+01    0.39828E+02
   139    0.29112E+01    0.38834E+02
   140    0.29322E+01    0.37944E+02
   141    0.29531E+01    0.36986E+02
   142    0.29740E+01    0.35700E+02
   143    0.29950E+01    0.34750E+02
   144    0.30159E+01    0.33654E+02
   145    0.30369E+01    0.32903E+02
   146    0.30578E+01    0.31726E+02
   147    0.30788E+01    0.30812E+02
   148    0.30997E+01    0.30265E+02
   149    0.31206E+01    0.29624E+02
