k[unitless]    k[h/Mpc]    D^2(k)
     1    0.20944E-01    0.64389E-01
     2    0.41888E-01    0.30159E+00
     3    0.62832E-01    0.87567E+00
     4    0.83776E-01    0.15936E+01
     5    0.10472E+00    0.19870E+01
     6    0.12566E+00    0.28242E+01
     7    0.14661E+00    0.36620E+01
     8    0.16755E+00    0.42808E+01
     9    0.18850E+00    0.52902E+01
    10    0.20944E+00    0.59633E+01
    11    0.23038E+00    0.68675E+01
    12    0.25133E+00    0.71436E+01
    13    0.27227E+00    0.78970E+01
    14    0.29322E+00    0.84014E+01
    15    0.31416E+00    0.89203E+01
    16    0.33510E+00    0.90256E+01
    17    0.35605E+00    0.95410E+01
    18    0.37699E+00    0.99213E+01
    19    0.39794E+00    0.96515E+01
    20    0.41888E+00    0.10964E+02
    21    0.43982E+00    0.10768E+02
    22    0.46077E+00    0.10639E+02
    23    0.48171E+00    0.10714E+02
    24    0.50265E+00    0.10996E+02
    25    0.52360E+00    0.11270E+02
    26    0.54454E+00    0.11631E+02
    27    0.56549E+00    0.11467E+02
    28    0.58643E+00    0.11437E+02
    29    0.60737E+00    0.11716E+02
    30    0.62832E+00    0.11510E+02
    31    0.64926E+00    0.11617E+02
    32    0.67021E+00    0.11412E+02
    33    0.69115E+00    0.11255E+02
    34    0.71209E+00    0.11168E+02
    35    0.73304E+00    0.11228E+02
    36    0.75398E+00    0.11486E+02
    37    0.77493E+00    0.11101E+02
    38    0.79587E+00    0.11113E+02
    39    0.81681E+00    0.11114E+02
    40    0.83776E+00    0.10697E+02
    41    0.85870E+00    0.10974E+02
    42    0.87965E+00    0.10835E+02
    43    0.90059E+00    0.10747E+02
    44    0.92153E+00    0.10867E+02
    45    0.94248E+00    0.10745E+02
    46    0.96342E+00    0.10656E+02
    47    0.98437E+00    0.10676E+02
    48    0.10053E+01    0.10588E+02
    49    0.10263E+01    0.10704E+02
    50    0.10472E+01    0.10663E+02
    51    0.10681E+01    0.10706E+02
    52    0.10891E+01    0.10690E+02
    53    0.11100E+01    0.10808E+02
    54    0.11310E+01    0.10888E+02
    55    0.11519E+01    0.10855E+02
    56    0.11729E+01    0.10979E+02
    57    0.11938E+01    0.11229E+02
    58    0.12147E+01    0.11336E+02
    59    0.12357E+01    0.11507E+02
    60    0.12566E+01    0.11498E+02
    61    0.12776E+01    0.11717E+02
    62    0.12985E+01    0.12059E+02
    63    0.13195E+01    0.12150E+02
    64    0.13404E+01    0.12511E+02
    65    0.13614E+01    0.12668E+02
    66    0.13823E+01    0.12913E+02
    67    0.14032E+01    0.13096E+02
    68    0.14242E+01    0.13464E+02
    69    0.14451E+01    0.13910E+02
    70    0.14661E+01    0.14215E+02
    71    0.14870E+01    0.14419E+02
    72    0.15080E+01    0.14886E+02
    73    0.15289E+01    0.15307E+02
    74    0.15499E+01    0.15657E+02
    75    0.15708E+01    0.16146E+02
    76    0.15917E+01    0.16525E+02
    77    0.16127E+01    0.17110E+02
    78    0.16336E+01    0.17503E+02
    79    0.16546E+01    0.17896E+02
    80    0.16755E+01    0.18451E+02
    81    0.16965E+01    0.18905E+02
    82    0.17174E+01    0.19452E+02
    83    0.17383E+01    0.20073E+02
    84    0.17593E+01    0.20446E+02
    85    0.17802E+01    0.21160E+02
    86    0.18012E+01    0.21455E+02
    87    0.18221E+01    0.22082E+02
    88    0.18431E+01    0.22746E+02
    89    0.18640E+01    0.23320E+02
    90    0.18850E+01    0.23765E+02
    91    0.19059E+01    0.24160E+02
    92    0.19268E+01    0.24706E+02
    93    0.19478E+01    0.25520E+02
    94    0.19687E+01    0.25798E+02
    95    0.19897E+01    0.26656E+02
    96    0.20106E+01    0.27104E+02
    97    0.20316E+01    0.27657E+02
    98    0.20525E+01    0.28138E+02
    99    0.20735E+01    0.28594E+02
   100    0.20944E+01    0.29134E+02
   101    0.21153E+01    0.29392E+02
   102    0.21363E+01    0.30264E+02
   103    0.21572E+01    0.30455E+02
   104    0.21782E+01    0.30973E+02
   105    0.21991E+01    0.31588E+02
   106    0.22201E+01    0.31927E+02
   107    0.22410E+01    0.32194E+02
   108    0.22619E+01    0.32835E+02
   109    0.22829E+01    0.33270E+02
   110    0.23038E+01    0.33488E+02
   111    0.23248E+01    0.33542E+02
   112    0.23457E+01    0.34117E+02
   113    0.23667E+01    0.34408E+02
   114    0.23876E+01    0.34704E+02
   115    0.24086E+01    0.34824E+02
   116    0.24295E+01    0.35385E+02
   117    0.24504E+01    0.35243E+02
   118    0.24714E+01    0.35191E+02
   119    0.24923E+01    0.35800E+02
   120    0.25133E+01    0.35534E+02
   121    0.25342E+01    0.35955E+02
   122    0.25552E+01    0.35635E+02
   123    0.25761E+01    0.35596E+02
   124    0.25970E+01    0.35778E+02
   125    0.26180E+01    0.35664E+02
   126    0.26389E+01    0.35755E+02
   127    0.26599E+01    0.35134E+02
   128    0.26808E+01    0.34739E+02
   129    0.27018E+01    0.34908E+02
   130    0.27227E+01    0.34459E+02
   131    0.27437E+01    0.34270E+02
   132    0.27646E+01    0.33622E+02
   133    0.27855E+01    0.33235E+02
   134    0.28065E+01    0.32829E+02
   135    0.28274E+01    0.32235E+02
   136    0.28484E+01    0.31796E+02
   137    0.28693E+01    0.31172E+02
   138    0.28903E+01    0.30686E+02
   139    0.29112E+01    0.29859E+02
   140    0.29322E+01    0.29321E+02
   141    0.29531E+01    0.28681E+02
   142    0.29740E+01    0.27899E+02
   143    0.29950E+01    0.27125E+02
   144    0.30159E+01    0.26561E+02
   145    0.30369E+01    0.25937E+02
   146    0.30578E+01    0.25112E+02
   147    0.30788E+01    0.24516E+02
   148    0.30997E+01    0.24224E+02
   149    0.31206E+01    0.23870E+02
