k[unitless]    k[h/Mpc]    D^2(k)
     1    0.20944E-01    0.13581E+00
     2    0.41888E-01    0.64172E+00
     3    0.62832E-01    0.17635E+01
     4    0.83776E-01    0.30171E+01
     5    0.10472E+00    0.36305E+01
     6    0.12566E+00    0.48655E+01
     7    0.14661E+00    0.59218E+01
     8    0.16755E+00    0.64012E+01
     9    0.18850E+00    0.76611E+01
    10    0.20944E+00    0.82891E+01
    11    0.23038E+00    0.90054E+01
    12    0.25133E+00    0.89605E+01
    13    0.27227E+00    0.93496E+01
    14    0.29322E+00    0.94235E+01
    15    0.31416E+00    0.96270E+01
    16    0.33510E+00    0.98444E+01
    17    0.35605E+00    0.10019E+02
    18    0.37699E+00    0.10061E+02
    19    0.39794E+00    0.96647E+01
    20    0.41888E+00    0.10417E+02
    21    0.43982E+00    0.10389E+02
    22    0.46077E+00    0.10140E+02
    23    0.48171E+00    0.98886E+01
    24    0.50265E+00    0.10028E+02
    25    0.52360E+00    0.10078E+02
    26    0.54454E+00    0.10238E+02
    27    0.56549E+00    0.10030E+02
    28    0.58643E+00    0.99759E+01
    29    0.60737E+00    0.10093E+02
    30    0.62832E+00    0.98818E+01
    31    0.64926E+00    0.97411E+01
    32    0.67021E+00    0.96388E+01
    33    0.69115E+00    0.95427E+01
    34    0.71209E+00    0.92542E+01
    35    0.73304E+00    0.91038E+01
    36    0.75398E+00    0.91951E+01
    37    0.77493E+00    0.90282E+01
    38    0.79587E+00    0.90780E+01
    39    0.81681E+00    0.90162E+01
    40    0.83776E+00    0.87618E+01
    41    0.85870E+00    0.88125E+01
    42    0.87965E+00    0.86285E+01
    43    0.90059E+00    0.85735E+01
    44    0.92153E+00    0.85520E+01
    45    0.94248E+00    0.86693E+01
    46    0.96342E+00    0.83876E+01
    47    0.98437E+00    0.84980E+01
    48    0.10053E+01    0.85031E+01
    49    0.10263E+01    0.83759E+01
    50    0.10472E+01    0.84051E+01
    51    0.10681E+01    0.83950E+01
    52    0.10891E+01    0.84231E+01
    53    0.11100E+01    0.86003E+01
    54    0.11310E+01    0.84329E+01
    55    0.11519E+01    0.85356E+01
    56    0.11729E+01    0.85427E+01
    57    0.11938E+01    0.86756E+01
    58    0.12147E+01    0.87643E+01
    59    0.12357E+01    0.89489E+01
    60    0.12566E+01    0.89045E+01
    61    0.12776E+01    0.91061E+01
    62    0.12985E+01    0.91702E+01
    63    0.13195E+01    0.93727E+01
    64    0.13404E+01    0.95019E+01
    65    0.13614E+01    0.96935E+01
    66    0.13823E+01    0.98408E+01
    67    0.14032E+01    0.10017E+02
    68    0.14242E+01    0.10213E+02
    69    0.14451E+01    0.10386E+02
    70    0.14661E+01    0.10658E+02
    71    0.14870E+01    0.10801E+02
    72    0.15080E+01    0.11128E+02
    73    0.15289E+01    0.11388E+02
    74    0.15499E+01    0.11706E+02
    75    0.15708E+01    0.11989E+02
    76    0.15917E+01    0.12230E+02
    77    0.16127E+01    0.12495E+02
    78    0.16336E+01    0.12757E+02
    79    0.16546E+01    0.13125E+02
    80    0.16755E+01    0.13378E+02
    81    0.16965E+01    0.13720E+02
    82    0.17174E+01    0.14060E+02
    83    0.17383E+01    0.14432E+02
    84    0.17593E+01    0.14772E+02
    85    0.17802E+01    0.15270E+02
    86    0.18012E+01    0.15412E+02
    87    0.18221E+01    0.15796E+02
    88    0.18431E+01    0.16064E+02
    89    0.18640E+01    0.16598E+02
    90    0.18850E+01    0.16812E+02
    91    0.19059E+01    0.17057E+02
    92    0.19268E+01    0.17392E+02
    93    0.19478E+01    0.17842E+02
    94    0.19687E+01    0.18160E+02
    95    0.19897E+01    0.18531E+02
    96    0.20106E+01    0.18912E+02
    97    0.20316E+01    0.19189E+02
    98    0.20525E+01    0.19547E+02
    99    0.20735E+01    0.19812E+02
   100    0.20944E+01    0.20293E+02
   101    0.21153E+01    0.20387E+02
   102    0.21363E+01    0.20964E+02
   103    0.21572E+01    0.20959E+02
   104    0.21782E+01    0.21357E+02
   105    0.21991E+01    0.21692E+02
   106    0.22201E+01    0.21715E+02
   107    0.22410E+01    0.22110E+02
   108    0.22619E+01    0.22510E+02
   109    0.22829E+01    0.22751E+02
   110    0.23038E+01    0.22794E+02
   111    0.23248E+01    0.23004E+02
   112    0.23457E+01    0.23287E+02
   113    0.23667E+01    0.23431E+02
   114    0.23876E+01    0.23608E+02
   115    0.24086E+01    0.23648E+02
   116    0.24295E+01    0.23935E+02
   117    0.24504E+01    0.23904E+02
   118    0.24714E+01    0.23919E+02
   119    0.24923E+01    0.24068E+02
   120    0.25133E+01    0.24118E+02
   121    0.25342E+01    0.24301E+02
   122    0.25552E+01    0.24024E+02
   123    0.25761E+01    0.24014E+02
   124    0.25970E+01    0.24115E+02
   125    0.26180E+01    0.24014E+02
   126    0.26389E+01    0.24101E+02
   127    0.26599E+01    0.23520E+02
   128    0.26808E+01    0.23543E+02
   129    0.27018E+01    0.23441E+02
   130    0.27227E+01    0.23308E+02
   131    0.27437E+01    0.23207E+02
   132    0.27646E+01    0.22692E+02
   133    0.27855E+01    0.22556E+02
   134    0.28065E+01    0.22313E+02
   135    0.28274E+01    0.21801E+02
   136    0.28484E+01    0.21620E+02
   137    0.28693E+01    0.21229E+02
   138    0.28903E+01    0.20850E+02
   139    0.29112E+01    0.20368E+02
   140    0.29322E+01    0.20062E+02
   141    0.29531E+01    0.19665E+02
   142    0.29740E+01    0.19287E+02
   143    0.29950E+01    0.18848E+02
   144    0.30159E+01    0.18490E+02
   145    0.30369E+01    0.18048E+02
   146    0.30578E+01    0.17710E+02
   147    0.30788E+01    0.17337E+02
   148    0.30997E+01    0.17193E+02
   149    0.31206E+01    0.17007E+02
