k[unitless]    k[h/Mpc]    D^2(k)
     1    0.20944E-01    0.89259E-04
     2    0.41888E-01    0.42632E-03
     3    0.62832E-01    0.11507E-02
     4    0.83776E-01    0.28195E-02
     5    0.10472E+00    0.46340E-02
     6    0.12566E+00    0.55114E-02
     7    0.14661E+00    0.66655E-02
     8    0.16755E+00    0.81061E-02
     9    0.18850E+00    0.80069E-02
    10    0.20944E+00    0.76541E-02
    11    0.23038E+00    0.78495E-02
    12    0.25133E+00    0.79594E-02
    13    0.27227E+00    0.80922E-02
    14    0.29322E+00    0.83029E-02
    15    0.31416E+00    0.88092E-02
    16    0.33510E+00    0.91006E-02
    17    0.35605E+00    0.95413E-02
    18    0.37699E+00    0.10044E-01
    19    0.39794E+00    0.10350E-01
    20    0.41888E+00    0.10782E-01
    21    0.43982E+00    0.11122E-01
    22    0.46077E+00    0.11053E-01
    23    0.48171E+00    0.11153E-01
    24    0.50265E+00    0.11491E-01
    25    0.52360E+00    0.11458E-01
    26    0.54454E+00    0.11025E-01
    27    0.56549E+00    0.10491E-01
    28    0.58643E+00    0.10107E-01
    29    0.60737E+00    0.96072E-02
    30    0.62832E+00    0.96238E-02
    31    0.64926E+00    0.94698E-02
    32    0.67021E+00    0.94045E-02
    33    0.69115E+00    0.90942E-02
    34    0.71209E+00    0.91336E-02
    35    0.73304E+00    0.93738E-02
    36    0.75398E+00    0.92268E-02
    37    0.77493E+00    0.92093E-02
    38    0.79587E+00    0.92638E-02
    39    0.81681E+00    0.95722E-02
    40    0.83776E+00    0.93751E-02
    41    0.85870E+00    0.95146E-02
    42    0.87965E+00    0.95251E-02
    43    0.90059E+00    0.91941E-02
    44    0.92153E+00    0.90627E-02
    45    0.94248E+00    0.89683E-02
    46    0.96342E+00    0.88862E-02
    47    0.98437E+00    0.85712E-02
    48    0.10053E+01    0.83100E-02
    49    0.10263E+01    0.80783E-02
    50    0.10472E+01    0.79985E-02
    51    0.10681E+01    0.82328E-02
    52    0.10891E+01    0.84751E-02
    53    0.11100E+01    0.83670E-02
    54    0.11310E+01    0.85556E-02
    55    0.11519E+01    0.86703E-02
    56    0.11729E+01    0.86957E-02
    57    0.11938E+01    0.88782E-02
    58    0.12147E+01    0.90315E-02
    59    0.12357E+01    0.90135E-02
    60    0.12566E+01    0.90924E-02
    61    0.12776E+01    0.91581E-02
    62    0.12985E+01    0.91973E-02
    63    0.13195E+01    0.90961E-02
    64    0.13404E+01    0.90788E-02
    65    0.13614E+01    0.91264E-02
    66    0.13823E+01    0.91893E-02
    67    0.14032E+01    0.93028E-02
    68    0.14242E+01    0.94204E-02
    69    0.14451E+01    0.95631E-02
    70    0.14661E+01    0.96319E-02
    71    0.14870E+01    0.96959E-02
    72    0.15080E+01    0.97420E-02
    73    0.15289E+01    0.97935E-02
    74    0.15499E+01    0.97073E-02
    75    0.15708E+01    0.97547E-02
    76    0.15917E+01    0.10011E-01
    77    0.16127E+01    0.10165E-01
    78    0.16336E+01    0.10207E-01
    79    0.16546E+01    0.10301E-01
    80    0.16755E+01    0.10417E-01
    81    0.16965E+01    0.10498E-01
    82    0.17174E+01    0.10598E-01
    83    0.17383E+01    0.10545E-01
    84    0.17593E+01    0.10481E-01
    85    0.17802E+01    0.10638E-01
    86    0.18012E+01    0.10829E-01
    87    0.18221E+01    0.10863E-01
    88    0.18431E+01    0.10974E-01
    89    0.18640E+01    0.10986E-01
    90    0.18850E+01    0.11133E-01
    91    0.19059E+01    0.11305E-01
    92    0.19268E+01    0.11225E-01
    93    0.19478E+01    0.11273E-01
    94    0.19687E+01    0.11407E-01
    95    0.19897E+01    0.11626E-01
    96    0.20106E+01    0.11838E-01
    97    0.20316E+01    0.12127E-01
    98    0.20525E+01    0.12287E-01
    99    0.20735E+01    0.12404E-01
   100    0.20944E+01    0.12623E-01
   101    0.21153E+01    0.12580E-01
   102    0.21363E+01    0.12578E-01
   103    0.21572E+01    0.12599E-01
   104    0.21782E+01    0.12605E-01
   105    0.21991E+01    0.12648E-01
   106    0.22201E+01    0.12690E-01
   107    0.22410E+01    0.12648E-01
   108    0.22619E+01    0.12599E-01
   109    0.22829E+01    0.12511E-01
   110    0.23038E+01    0.12511E-01
   111    0.23248E+01    0.12438E-01
   112    0.23457E+01    0.12451E-01
   113    0.23667E+01    0.12483E-01
   114    0.23876E+01    0.12496E-01
   115    0.24086E+01    0.12646E-01
   116    0.24295E+01    0.12727E-01
   117    0.24504E+01    0.12827E-01
   118    0.24714E+01    0.12983E-01
   119    0.24923E+01    0.13025E-01
   120    0.25133E+01    0.12973E-01
   121    0.25342E+01    0.12955E-01
   122    0.25552E+01    0.12890E-01
   123    0.25761E+01    0.12594E-01
   124    0.25970E+01    0.12446E-01
   125    0.26180E+01    0.12256E-01
   126    0.26389E+01    0.12139E-01
   127    0.26599E+01    0.11923E-01
   128    0.26808E+01    0.11907E-01
   129    0.27018E+01    0.11782E-01
   130    0.27227E+01    0.11620E-01
   131    0.27437E+01    0.11654E-01
   132    0.27646E+01    0.11584E-01
   133    0.27855E+01    0.11577E-01
   134    0.28065E+01    0.11541E-01
   135    0.28274E+01    0.11499E-01
   136    0.28484E+01    0.11405E-01
   137    0.28693E+01    0.11392E-01
   138    0.28903E+01    0.11425E-01
   139    0.29112E+01    0.11404E-01
   140    0.29322E+01    0.11374E-01
   141    0.29531E+01    0.11215E-01
   142    0.29740E+01    0.11281E-01
   143    0.29950E+01    0.11305E-01
   144    0.30159E+01    0.11140E-01
   145    0.30369E+01    0.10949E-01
   146    0.30578E+01    0.10942E-01
   147    0.30788E+01    0.10906E-01
   148    0.30997E+01    0.10728E-01
   149    0.31206E+01    0.10698E-01
