k[unitless]    k[h/Mpc]    D^2(k)
     1    0.20944E-01    0.33260E-01
     2    0.41888E-01    0.11095E+00
     3    0.62832E-01    0.19406E+00
     4    0.83776E-01    0.26173E+00
     5    0.10472E+00    0.44613E+00
     6    0.12566E+00    0.46987E+00
     7    0.14661E+00    0.49020E+00
     8    0.16755E+00    0.46314E+00
     9    0.18850E+00    0.52516E+00
    10    0.20944E+00    0.56592E+00
    11    0.23038E+00    0.57527E+00
    12    0.25133E+00    0.54113E+00
    13    0.27227E+00    0.55019E+00
    14    0.29322E+00    0.52802E+00
    15    0.31416E+00    0.51550E+00
    16    0.33510E+00    0.53284E+00
    17    0.35605E+00    0.53109E+00
    18    0.37699E+00    0.52879E+00
    19    0.39794E+00    0.54578E+00
    20    0.41888E+00    0.54391E+00
    21    0.43982E+00    0.51211E+00
    22    0.46077E+00    0.51089E+00
    23    0.48171E+00    0.50252E+00
    24    0.50265E+00    0.49214E+00
    25    0.52360E+00    0.49028E+00
    26    0.54454E+00    0.47215E+00
    27    0.56549E+00    0.46941E+00
    28    0.58643E+00    0.48526E+00
    29    0.60737E+00    0.46727E+00
    30    0.62832E+00    0.47063E+00
    31    0.64926E+00    0.45354E+00
    32    0.67021E+00    0.44559E+00
    33    0.69115E+00    0.44431E+00
    34    0.71209E+00    0.43514E+00
    35    0.73304E+00    0.42834E+00
    36    0.75398E+00    0.43420E+00
    37    0.77493E+00    0.43473E+00
    38    0.79587E+00    0.42970E+00
    39    0.81681E+00    0.42936E+00
    40    0.83776E+00    0.42686E+00
    41    0.85870E+00    0.42730E+00
    42    0.87965E+00    0.42234E+00
    43    0.90059E+00    0.42375E+00
    44    0.92153E+00    0.42450E+00
    45    0.94248E+00    0.41918E+00
    46    0.96342E+00    0.42171E+00
    47    0.98437E+00    0.41401E+00
    48    0.10053E+01    0.41771E+00
    49    0.10263E+01    0.41945E+00
    50    0.10472E+01    0.41679E+00
    51    0.10681E+01    0.42626E+00
    52    0.10891E+01    0.43015E+00
    53    0.11100E+01    0.42174E+00
    54    0.11310E+01    0.42609E+00
    55    0.11519E+01    0.42304E+00
    56    0.11729E+01    0.42386E+00
    57    0.11938E+01    0.42377E+00
    58    0.12147E+01    0.42611E+00
    59    0.12357E+01    0.43310E+00
    60    0.12566E+01    0.43343E+00
    61    0.12776E+01    0.44094E+00
    62    0.12985E+01    0.43941E+00
    63    0.13195E+01    0.44082E+00
    64    0.13404E+01    0.44652E+00
    65    0.13614E+01    0.44902E+00
    66    0.13823E+01    0.44834E+00
    67    0.14032E+01    0.45420E+00
    68    0.14242E+01    0.46339E+00
    69    0.14451E+01    0.46626E+00
    70    0.14661E+01    0.46768E+00
    71    0.14870E+01    0.47146E+00
    72    0.15080E+01    0.48277E+00
    73    0.15289E+01    0.48560E+00
    74    0.15499E+01    0.48628E+00
    75    0.15708E+01    0.49101E+00
    76    0.15917E+01    0.49901E+00
    77    0.16127E+01    0.50530E+00
    78    0.16336E+01    0.50951E+00
    79    0.16546E+01    0.51272E+00
    80    0.16755E+01    0.52033E+00
    81    0.16965E+01    0.53397E+00
    82    0.17174E+01    0.54177E+00
    83    0.17383E+01    0.54348E+00
    84    0.17593E+01    0.54701E+00
    85    0.17802E+01    0.56265E+00
    86    0.18012E+01    0.56124E+00
    87    0.18221E+01    0.56649E+00
    88    0.18431E+01    0.57557E+00
    89    0.18640E+01    0.58222E+00
    90    0.18850E+01    0.58708E+00
    91    0.19059E+01    0.59358E+00
    92    0.19268E+01    0.59740E+00
    93    0.19478E+01    0.61075E+00
    94    0.19687E+01    0.61602E+00
    95    0.19897E+01    0.61715E+00
    96    0.20106E+01    0.61839E+00
    97    0.20316E+01    0.62279E+00
    98    0.20525E+01    0.62984E+00
    99    0.20735E+01    0.63416E+00
   100    0.20944E+01    0.64094E+00
   101    0.21153E+01    0.64339E+00
   102    0.21363E+01    0.65139E+00
   103    0.21572E+01    0.66123E+00
   104    0.21782E+01    0.65573E+00
   105    0.21991E+01    0.65529E+00
   106    0.22201E+01    0.65963E+00
   107    0.22410E+01    0.65855E+00
   108    0.22619E+01    0.67023E+00
   109    0.22829E+01    0.67451E+00
   110    0.23038E+01    0.67233E+00
   111    0.23248E+01    0.67075E+00
   112    0.23457E+01    0.66875E+00
   113    0.23667E+01    0.67173E+00
   114    0.23876E+01    0.68226E+00
   115    0.24086E+01    0.68336E+00
   116    0.24295E+01    0.68101E+00
   117    0.24504E+01    0.68647E+00
   118    0.24714E+01    0.68870E+00
   119    0.24923E+01    0.68259E+00
   120    0.25133E+01    0.67852E+00
   121    0.25342E+01    0.67560E+00
   122    0.25552E+01    0.67537E+00
   123    0.25761E+01    0.67304E+00
   124    0.25970E+01    0.67364E+00
   125    0.26180E+01    0.67030E+00
   126    0.26389E+01    0.66605E+00
   127    0.26599E+01    0.65886E+00
   128    0.26808E+01    0.65758E+00
   129    0.27018E+01    0.65391E+00
   130    0.27227E+01    0.64739E+00
   131    0.27437E+01    0.64301E+00
   132    0.27646E+01    0.63966E+00
   133    0.27855E+01    0.63311E+00
   134    0.28065E+01    0.62752E+00
   135    0.28274E+01    0.62411E+00
   136    0.28484E+01    0.61215E+00
   137    0.28693E+01    0.60363E+00
   138    0.28903E+01    0.59956E+00
   139    0.29112E+01    0.59173E+00
   140    0.29322E+01    0.58408E+00
   141    0.29531E+01    0.57479E+00
   142    0.29740E+01    0.57146E+00
   143    0.29950E+01    0.56636E+00
   144    0.30159E+01    0.55998E+00
   145    0.30369E+01    0.55588E+00
   146    0.30578E+01    0.54917E+00
   147    0.30788E+01    0.54642E+00
   148    0.30997E+01    0.54312E+00
   149    0.31206E+01    0.53988E+00
