k[unitless]    k[h/Mpc]    D^2(k)
     1    0.20944E-01    0.43039E-01
     2    0.41888E-01    0.20143E+00
     3    0.62832E-01    0.59980E+00
     4    0.83776E-01    0.11152E+01
     5    0.10472E+00    0.14134E+01
     6    0.12566E+00    0.20517E+01
     7    0.14661E+00    0.27268E+01
     8    0.16755E+00    0.32872E+01
     9    0.18850E+00    0.41015E+01
    10    0.20944E+00    0.46924E+01
    11    0.23038E+00    0.55291E+01
    12    0.25133E+00    0.58510E+01
    13    0.27227E+00    0.66091E+01
    14    0.29322E+00    0.71561E+01
    15    0.31416E+00    0.77295E+01
    16    0.33510E+00    0.78888E+01
    17    0.35605E+00    0.84245E+01
    18    0.37699E+00    0.89154E+01
    19    0.39794E+00    0.87837E+01
    20    0.41888E+00    0.10055E+02
    21    0.43982E+00    0.98937E+01
    22    0.46077E+00    0.99491E+01
    23    0.48171E+00    0.10128E+02
    24    0.50265E+00    0.10421E+02
    25    0.52360E+00    0.10795E+02
    26    0.54454E+00    0.11206E+02
    27    0.56549E+00    0.11204E+02
    28    0.58643E+00    0.11151E+02
    29    0.60737E+00    0.11449E+02
    30    0.62832E+00    0.11391E+02
    31    0.64926E+00    0.11534E+02
    32    0.67021E+00    0.11455E+02
    33    0.69115E+00    0.11347E+02
    34    0.71209E+00    0.11307E+02
    35    0.73304E+00    0.11399E+02
    36    0.75398E+00    0.11687E+02
    37    0.77493E+00    0.11380E+02
    38    0.79587E+00    0.11397E+02
    39    0.81681E+00    0.11354E+02
    40    0.83776E+00    0.11081E+02
    41    0.85870E+00    0.11323E+02
    42    0.87965E+00    0.11298E+02
    43    0.90059E+00    0.11265E+02
    44    0.92153E+00    0.11333E+02
    45    0.94248E+00    0.11177E+02
    46    0.96342E+00    0.11204E+02
    47    0.98437E+00    0.11219E+02
    48    0.10053E+01    0.11148E+02
    49    0.10263E+01    0.11284E+02
    50    0.10472E+01    0.11256E+02
    51    0.10681E+01    0.11374E+02
    52    0.10891E+01    0.11274E+02
    53    0.11100E+01    0.11438E+02
    54    0.11310E+01    0.11545E+02
    55    0.11519E+01    0.11525E+02
    56    0.11729E+01    0.11695E+02
    57    0.11938E+01    0.11980E+02
    58    0.12147E+01    0.12081E+02
    59    0.12357E+01    0.12317E+02
    60    0.12566E+01    0.12293E+02
    61    0.12776E+01    0.12502E+02
    62    0.12985E+01    0.12938E+02
    63    0.13195E+01    0.13054E+02
    64    0.13404E+01    0.13391E+02
    65    0.13614E+01    0.13704E+02
    66    0.13823E+01    0.13920E+02
    67    0.14032E+01    0.14198E+02
    68    0.14242E+01    0.14523E+02
    69    0.14451E+01    0.15036E+02
    70    0.14661E+01    0.15370E+02
    71    0.14870E+01    0.15600E+02
    72    0.15080E+01    0.16128E+02
    73    0.15289E+01    0.16609E+02
    74    0.15499E+01    0.17006E+02
    75    0.15708E+01    0.17547E+02
    76    0.15917E+01    0.18022E+02
    77    0.16127E+01    0.18622E+02
    78    0.16336E+01    0.19143E+02
    79    0.16546E+01    0.19555E+02
    80    0.16755E+01    0.20153E+02
    81    0.16965E+01    0.20708E+02
    82    0.17174E+01    0.21225E+02
    83    0.17383E+01    0.22005E+02
    84    0.17593E+01    0.22377E+02
    85    0.17802E+01    0.23127E+02
    86    0.18012E+01    0.23549E+02
    87    0.18221E+01    0.24212E+02
    88    0.18431E+01    0.25020E+02
    89    0.18640E+01    0.25614E+02
    90    0.18850E+01    0.26156E+02
    91    0.19059E+01    0.26566E+02
    92    0.19268E+01    0.27250E+02
    93    0.19478E+01    0.28093E+02
    94    0.19687E+01    0.28389E+02
    95    0.19897E+01    0.29334E+02
    96    0.20106E+01    0.29813E+02
    97    0.20316E+01    0.30450E+02
    98    0.20525E+01    0.31072E+02
    99    0.20735E+01    0.31551E+02
   100    0.20944E+01    0.32188E+02
   101    0.21153E+01    0.32428E+02
   102    0.21363E+01    0.33338E+02
   103    0.21572E+01    0.33646E+02
   104    0.21782E+01    0.34309E+02
   105    0.21991E+01    0.34993E+02
   106    0.22201E+01    0.35353E+02
   107    0.22410E+01    0.35716E+02
   108    0.22619E+01    0.36399E+02
   109    0.22829E+01    0.36872E+02
   110    0.23038E+01    0.37152E+02
   111    0.23248E+01    0.37202E+02
   112    0.23457E+01    0.37846E+02
   113    0.23667E+01    0.38040E+02
   114    0.23876E+01    0.38447E+02
   115    0.24086E+01    0.38712E+02
   116    0.24295E+01    0.39339E+02
   117    0.24504E+01    0.39128E+02
   118    0.24714E+01    0.39130E+02
   119    0.24923E+01    0.39767E+02
   120    0.25133E+01    0.39452E+02
   121    0.25342E+01    0.39941E+02
   122    0.25552E+01    0.39695E+02
   123    0.25761E+01    0.39612E+02
   124    0.25970E+01    0.39730E+02
   125    0.26180E+01    0.39562E+02
   126    0.26389E+01    0.39694E+02
   127    0.26599E+01    0.39168E+02
   128    0.26808E+01    0.38624E+02
   129    0.27018E+01    0.38810E+02
   130    0.27227E+01    0.38273E+02
   131    0.27437E+01    0.38084E+02
   132    0.27646E+01    0.37389E+02
   133    0.27855E+01    0.37024E+02
   134    0.28065E+01    0.36369E+02
   135    0.28274E+01    0.35878E+02
   136    0.28484E+01    0.35221E+02
   137    0.28693E+01    0.34481E+02
   138    0.28903E+01    0.33927E+02
   139    0.29112E+01    0.33125E+02
   140    0.29322E+01    0.32446E+02
   141    0.29531E+01    0.31674E+02
   142    0.29740E+01    0.30767E+02
   143    0.29950E+01    0.29913E+02
   144    0.30159E+01    0.29192E+02
   145    0.30369E+01    0.28569E+02
   146    0.30578E+01    0.27564E+02
   147    0.30788E+01    0.26876E+02
   148    0.30997E+01    0.26549E+02
   149    0.31206E+01    0.26152E+02
