k[unitless]    k[h/Mpc]    D^2(k)
     1    0.20944E-01    0.54855E-01
     2    0.41888E-01    0.18817E+00
     3    0.62832E-01    0.34282E+00
     4    0.83776E-01    0.43296E+00
     5    0.10472E+00    0.69966E+00
     6    0.12566E+00    0.74287E+00
     7    0.14661E+00    0.77257E+00
     8    0.16755E+00    0.74216E+00
     9    0.18850E+00    0.80680E+00
    10    0.20944E+00    0.84732E+00
    11    0.23038E+00    0.88159E+00
    12    0.25133E+00    0.82120E+00
    13    0.27227E+00    0.85037E+00
    14    0.29322E+00    0.81481E+00
    15    0.31416E+00    0.80801E+00
    16    0.33510E+00    0.81505E+00
    17    0.35605E+00    0.80938E+00
    18    0.37699E+00    0.80819E+00
    19    0.39794E+00    0.82006E+00
    20    0.41888E+00    0.82382E+00
    21    0.43982E+00    0.79900E+00
    22    0.46077E+00    0.77093E+00
    23    0.48171E+00    0.76957E+00
    24    0.50265E+00    0.75683E+00
    25    0.52360E+00    0.73807E+00
    26    0.54454E+00    0.72013E+00
    27    0.56549E+00    0.72687E+00
    28    0.58643E+00    0.71197E+00
    29    0.60737E+00    0.72634E+00
    30    0.62832E+00    0.70632E+00
    31    0.64926E+00    0.69222E+00
    32    0.67021E+00    0.68162E+00
    33    0.69115E+00    0.67514E+00
    34    0.71209E+00    0.67722E+00
    35    0.73304E+00    0.64989E+00
    36    0.75398E+00    0.66333E+00
    37    0.77493E+00    0.66221E+00
    38    0.79587E+00    0.64718E+00
    39    0.81681E+00    0.64894E+00
    40    0.83776E+00    0.64562E+00
    41    0.85870E+00    0.64759E+00
    42    0.87965E+00    0.64231E+00
    43    0.90059E+00    0.63692E+00
    44    0.92153E+00    0.63880E+00
    45    0.94248E+00    0.63135E+00
    46    0.96342E+00    0.62978E+00
    47    0.98437E+00    0.63973E+00
    48    0.10053E+01    0.64782E+00
    49    0.10263E+01    0.64364E+00
    50    0.10472E+01    0.64037E+00
    51    0.10681E+01    0.64008E+00
    52    0.10891E+01    0.65127E+00
    53    0.11100E+01    0.63913E+00
    54    0.11310E+01    0.64608E+00
    55    0.11519E+01    0.64205E+00
    56    0.11729E+01    0.64366E+00
    57    0.11938E+01    0.64474E+00
    58    0.12147E+01    0.65059E+00
    59    0.12357E+01    0.66130E+00
    60    0.12566E+01    0.65968E+00
    61    0.12776E+01    0.66821E+00
    62    0.12985E+01    0.67335E+00
    63    0.13195E+01    0.67781E+00
    64    0.13404E+01    0.68256E+00
    65    0.13614E+01    0.68375E+00
    66    0.13823E+01    0.68889E+00
    67    0.14032E+01    0.69949E+00
    68    0.14242E+01    0.70709E+00
    69    0.14451E+01    0.71291E+00
    70    0.14661E+01    0.72363E+00
    71    0.14870E+01    0.72941E+00
    72    0.15080E+01    0.73750E+00
    73    0.15289E+01    0.75329E+00
    74    0.15499E+01    0.75667E+00
    75    0.15708E+01    0.75644E+00
    76    0.15917E+01    0.76346E+00
    77    0.16127E+01    0.78059E+00
    78    0.16336E+01    0.78987E+00
    79    0.16546E+01    0.79348E+00
    80    0.16755E+01    0.80959E+00
    81    0.16965E+01    0.82587E+00
    82    0.17174E+01    0.83021E+00
    83    0.17383E+01    0.83357E+00
    84    0.17593E+01    0.84553E+00
    85    0.17802E+01    0.86717E+00
    86    0.18012E+01    0.86761E+00
    87    0.18221E+01    0.87449E+00
    88    0.18431E+01    0.88849E+00
    89    0.18640E+01    0.90459E+00
    90    0.18850E+01    0.91424E+00
    91    0.19059E+01    0.92165E+00
    92    0.19268E+01    0.93431E+00
    93    0.19478E+01    0.95232E+00
    94    0.19687E+01    0.95892E+00
    95    0.19897E+01    0.96708E+00
    96    0.20106E+01    0.96565E+00
    97    0.20316E+01    0.97444E+00
    98    0.20525E+01    0.98080E+00
    99    0.20735E+01    0.99370E+00
   100    0.20944E+01    0.10018E+01
   101    0.21153E+01    0.10048E+01
   102    0.21363E+01    0.10166E+01
   103    0.21572E+01    0.10323E+01
   104    0.21782E+01    0.10236E+01
   105    0.21991E+01    0.10267E+01
   106    0.22201E+01    0.10315E+01
   107    0.22410E+01    0.10415E+01
   108    0.22619E+01    0.10505E+01
   109    0.22829E+01    0.10535E+01
   110    0.23038E+01    0.10604E+01
   111    0.23248E+01    0.10549E+01
   112    0.23457E+01    0.10534E+01
   113    0.23667E+01    0.10534E+01
   114    0.23876E+01    0.10689E+01
   115    0.24086E+01    0.10657E+01
   116    0.24295E+01    0.10710E+01
   117    0.24504E+01    0.10744E+01
   118    0.24714E+01    0.10741E+01
   119    0.24923E+01    0.10678E+01
   120    0.25133E+01    0.10600E+01
   121    0.25342E+01    0.10618E+01
   122    0.25552E+01    0.10629E+01
   123    0.25761E+01    0.10506E+01
   124    0.25970E+01    0.10563E+01
   125    0.26180E+01    0.10523E+01
   126    0.26389E+01    0.10444E+01
   127    0.26599E+01    0.10322E+01
   128    0.26808E+01    0.10299E+01
   129    0.27018E+01    0.10279E+01
   130    0.27227E+01    0.10115E+01
   131    0.27437E+01    0.10073E+01
   132    0.27646E+01    0.99201E+00
   133    0.27855E+01    0.99161E+00
   134    0.28065E+01    0.97741E+00
   135    0.28274E+01    0.97685E+00
   136    0.28484E+01    0.95611E+00
   137    0.28693E+01    0.94101E+00
   138    0.28903E+01    0.93391E+00
   139    0.29112E+01    0.92347E+00
   140    0.29322E+01    0.90828E+00
   141    0.29531E+01    0.89775E+00
   142    0.29740E+01    0.89034E+00
   143    0.29950E+01    0.87693E+00
   144    0.30159E+01    0.87048E+00
   145    0.30369E+01    0.86080E+00
   146    0.30578E+01    0.85585E+00
   147    0.30788E+01    0.84859E+00
   148    0.30997E+01    0.84199E+00
   149    0.31206E+01    0.83756E+00
