k[unitless]    k[h/Mpc]    D^2(k)
     1    0.20944E-01    0.24609E-06
     2    0.41888E-01    0.19391E-05
     3    0.62832E-01    0.64041E-05
     4    0.83776E-01    0.14730E-04
     5    0.10472E+00    0.27576E-04
     6    0.12566E+00    0.45286E-04
     7    0.14661E+00    0.68051E-04
     8    0.16755E+00    0.95408E-04
     9    0.18850E+00    0.12585E-03
    10    0.20944E+00    0.15879E-03
    11    0.23038E+00    0.19401E-03
    12    0.25133E+00    0.22966E-03
    13    0.27227E+00    0.26412E-03
    14    0.29322E+00    0.29677E-03
    15    0.31416E+00    0.32887E-03
    16    0.33510E+00    0.35711E-03
    17    0.35605E+00    0.38254E-03
    18    0.37699E+00    0.40514E-03
    19    0.39794E+00    0.42648E-03
    20    0.41888E+00    0.44603E-03
    21    0.43982E+00    0.46333E-03
    22    0.46077E+00    0.48327E-03
    23    0.48171E+00    0.49664E-03
    24    0.50265E+00    0.51465E-03
    25    0.52360E+00    0.53022E-03
    26    0.54454E+00    0.54500E-03
    27    0.56549E+00    0.55662E-03
    28    0.58643E+00    0.56569E-03
    29    0.60737E+00    0.57823E-03
    30    0.62832E+00    0.58320E-03
    31    0.64926E+00    0.58509E-03
    32    0.67021E+00    0.58455E-03
    33    0.69115E+00    0.58080E-03
    34    0.71209E+00    0.57443E-03
    35    0.73304E+00    0.56660E-03
    36    0.75398E+00    0.55080E-03
    37    0.77493E+00    0.54343E-03
    38    0.79587E+00    0.52449E-03
    39    0.81681E+00    0.51372E-03
    40    0.83776E+00    0.50407E-03
    41    0.85870E+00    0.48985E-03
    42    0.87965E+00    0.47945E-03
    43    0.90059E+00    0.47179E-03
    44    0.92153E+00    0.46433E-03
    45    0.94248E+00    0.45543E-03
    46    0.96342E+00    0.45154E-03
    47    0.98437E+00    0.44400E-03
    48    0.10053E+01    0.43870E-03
    49    0.10263E+01    0.42783E-03
    50    0.10472E+01    0.42281E-03
    51    0.10681E+01    0.40983E-03
    52    0.10891E+01    0.40009E-03
    53    0.11100E+01    0.38882E-03
    54    0.11310E+01    0.37419E-03
    55    0.11519E+01    0.36489E-03
    56    0.11729E+01    0.35010E-03
    57    0.11938E+01    0.34052E-03
    58    0.12147E+01    0.32922E-03
    59    0.12357E+01    0.32139E-03
    60    0.12566E+01    0.31536E-03
    61    0.12776E+01    0.31029E-03
    62    0.12985E+01    0.30798E-03
    63    0.13195E+01    0.30572E-03
    64    0.13404E+01    0.30870E-03
    65    0.13614E+01    0.31088E-03
    66    0.13823E+01    0.31538E-03
    67    0.14032E+01    0.31797E-03
    68    0.14242E+01    0.32548E-03
    69    0.14451E+01    0.33024E-03
    70    0.14661E+01    0.33624E-03
    71    0.14870E+01    0.34266E-03
    72    0.15080E+01    0.34883E-03
    73    0.15289E+01    0.35641E-03
    74    0.15499E+01    0.36073E-03
    75    0.15708E+01    0.36663E-03
    76    0.15917E+01    0.37253E-03
    77    0.16127E+01    0.37798E-03
    78    0.16336E+01    0.38343E-03
    79    0.16546E+01    0.38705E-03
    80    0.16755E+01    0.39172E-03
    81    0.16965E+01    0.39514E-03
    82    0.17174E+01    0.39851E-03
    83    0.17383E+01    0.40037E-03
    84    0.17593E+01    0.40348E-03
    85    0.17802E+01    0.40450E-03
    86    0.18012E+01    0.40693E-03
    87    0.18221E+01    0.40779E-03
    88    0.18431E+01    0.40948E-03
    89    0.18640E+01    0.41148E-03
    90    0.18850E+01    0.41332E-03
    91    0.19059E+01    0.41707E-03
    92    0.19268E+01    0.41796E-03
    93    0.19478E+01    0.42275E-03
    94    0.19687E+01    0.42594E-03
    95    0.19897E+01    0.43005E-03
    96    0.20106E+01    0.43448E-03
    97    0.20316E+01    0.43870E-03
    98    0.20525E+01    0.44381E-03
    99    0.20735E+01    0.44723E-03
   100    0.20944E+01    0.44995E-03
   101    0.21153E+01    0.45353E-03
   102    0.21363E+01    0.45657E-03
   103    0.21572E+01    0.45961E-03
   104    0.21782E+01    0.46064E-03
   105    0.21991E+01    0.46133E-03
   106    0.22201E+01    0.46338E-03
   107    0.22410E+01    0.46362E-03
   108    0.22619E+01    0.46530E-03
   109    0.22829E+01    0.46412E-03
   110    0.23038E+01    0.46566E-03
   111    0.23248E+01    0.46592E-03
   112    0.23457E+01    0.46548E-03
   113    0.23667E+01    0.46627E-03
   114    0.23876E+01    0.46538E-03
   115    0.24086E+01    0.46790E-03
   116    0.24295E+01    0.46669E-03
   117    0.24504E+01    0.46653E-03
   118    0.24714E+01    0.46665E-03
   119    0.24923E+01    0.46805E-03
   120    0.25133E+01    0.46851E-03
   121    0.25342E+01    0.46836E-03
   122    0.25552E+01    0.46881E-03
   123    0.25761E+01    0.47000E-03
   124    0.25970E+01    0.47038E-03
   125    0.26180E+01    0.47090E-03
   126    0.26389E+01    0.47154E-03
   127    0.26599E+01    0.47167E-03
   128    0.26808E+01    0.47196E-03
   129    0.27018E+01    0.47145E-03
   130    0.27227E+01    0.46973E-03
   131    0.27437E+01    0.46986E-03
   132    0.27646E+01    0.46683E-03
   133    0.27855E+01    0.46515E-03
   134    0.28065E+01    0.46226E-03
   135    0.28274E+01    0.45914E-03
   136    0.28484E+01    0.45664E-03
   137    0.28693E+01    0.45255E-03
   138    0.28903E+01    0.45022E-03
   139    0.29112E+01    0.44797E-03
   140    0.29322E+01    0.44606E-03
   141    0.29531E+01    0.44488E-03
   142    0.29740E+01    0.44375E-03
   143    0.29950E+01    0.44312E-03
   144    0.30159E+01    0.44398E-03
   145    0.30369E+01    0.44542E-03
   146    0.30578E+01    0.44653E-03
   147    0.30788E+01    0.44739E-03
   148    0.30997E+01    0.45039E-03
   149    0.31206E+01    0.45095E-03
