k[unitless]    k[h/Mpc]    D^2(k)
     1    0.20944E-01    0.32785E-02
     2    0.41888E-01    0.17641E-01
     3    0.62832E-01    0.70785E-01
     4    0.83776E-01    0.12529E+00
     5    0.10472E+00    0.24723E+00
     6    0.12566E+00    0.39232E+00
     7    0.14661E+00    0.61936E+00
     8    0.16755E+00    0.88231E+00
     9    0.18850E+00    0.10914E+01
    10    0.20944E+00    0.13393E+01
    11    0.23038E+00    0.16993E+01
    12    0.25133E+00    0.20270E+01
    13    0.27227E+00    0.24665E+01
    14    0.29322E+00    0.27864E+01
    15    0.31416E+00    0.31612E+01
    16    0.33510E+00    0.34294E+01
    17    0.35605E+00    0.37644E+01
    18    0.37699E+00    0.42349E+01
    19    0.39794E+00    0.46060E+01
    20    0.41888E+00    0.50452E+01
    21    0.43982E+00    0.52580E+01
    22    0.46077E+00    0.57320E+01
    23    0.48171E+00    0.61656E+01
    24    0.50265E+00    0.63733E+01
    25    0.52360E+00    0.66430E+01
    26    0.54454E+00    0.71979E+01
    27    0.56549E+00    0.77133E+01
    28    0.58643E+00    0.76533E+01
    29    0.60737E+00    0.80074E+01
    30    0.62832E+00    0.82987E+01
    31    0.64926E+00    0.85272E+01
    32    0.67021E+00    0.89637E+01
    33    0.69115E+00    0.92409E+01
    34    0.71209E+00    0.92311E+01
    35    0.73304E+00    0.94551E+01
    36    0.75398E+00    0.99927E+01
    37    0.77493E+00    0.10036E+02
    38    0.79587E+00    0.10302E+02
    39    0.81681E+00    0.10292E+02
    40    0.83776E+00    0.10622E+02
    41    0.85870E+00    0.10605E+02
    42    0.87965E+00    0.10982E+02
    43    0.90059E+00    0.11379E+02
    44    0.92153E+00    0.11545E+02
    45    0.94248E+00    0.11541E+02
    46    0.96342E+00    0.11540E+02
    47    0.98437E+00    0.12025E+02
    48    0.10053E+01    0.12081E+02
    49    0.10263E+01    0.12158E+02
    50    0.10472E+01    0.12335E+02
    51    0.10681E+01    0.12685E+02
    52    0.10891E+01    0.12754E+02
    53    0.11100E+01    0.12996E+02
    54    0.11310E+01    0.13199E+02
    55    0.11519E+01    0.13481E+02
    56    0.11729E+01    0.13823E+02
    57    0.11938E+01    0.14244E+02
    58    0.12147E+01    0.14265E+02
    59    0.12357E+01    0.14817E+02
    60    0.12566E+01    0.14869E+02
    61    0.12776E+01    0.14991E+02
    62    0.12985E+01    0.15595E+02
    63    0.13195E+01    0.15897E+02
    64    0.13404E+01    0.16287E+02
    65    0.13614E+01    0.16658E+02
    66    0.13823E+01    0.17033E+02
    67    0.14032E+01    0.17556E+02
    68    0.14242E+01    0.17942E+02
    69    0.14451E+01    0.18421E+02
    70    0.14661E+01    0.18792E+02
    71    0.14870E+01    0.19071E+02
    72    0.15080E+01    0.19665E+02
    73    0.15289E+01    0.20400E+02
    74    0.15499E+01    0.20860E+02
    75    0.15708E+01    0.21387E+02
    76    0.15917E+01    0.22105E+02
    77    0.16127E+01    0.22596E+02
    78    0.16336E+01    0.23317E+02
    79    0.16546E+01    0.23859E+02
    80    0.16755E+01    0.24345E+02
    81    0.16965E+01    0.25199E+02
    82    0.17174E+01    0.25440E+02
    83    0.17383E+01    0.26655E+02
    84    0.17593E+01    0.26892E+02
    85    0.17802E+01    0.27814E+02
    86    0.18012E+01    0.28460E+02
    87    0.18221E+01    0.29122E+02
    88    0.18431E+01    0.29974E+02
    89    0.18640E+01    0.30660E+02
    90    0.18850E+01    0.31254E+02
    91    0.19059E+01    0.31669E+02
    92    0.19268E+01    0.32598E+02
    93    0.19478E+01    0.33477E+02
    94    0.19687E+01    0.34075E+02
    95    0.19897E+01    0.34947E+02
    96    0.20106E+01    0.35685E+02
    97    0.20316E+01    0.36193E+02
    98    0.20525E+01    0.36771E+02
    99    0.20735E+01    0.37638E+02
   100    0.20944E+01    0.38358E+02
   101    0.21153E+01    0.38601E+02
   102    0.21363E+01    0.39560E+02
   103    0.21572E+01    0.40150E+02
   104    0.21782E+01    0.41027E+02
   105    0.21991E+01    0.41321E+02
   106    0.22201E+01    0.42054E+02
   107    0.22410E+01    0.42478E+02
   108    0.22619E+01    0.43113E+02
   109    0.22829E+01    0.43421E+02
   110    0.23038E+01    0.43791E+02
   111    0.23248E+01    0.44178E+02
   112    0.23457E+01    0.44828E+02
   113    0.23667E+01    0.45001E+02
   114    0.23876E+01    0.45112E+02
   115    0.24086E+01    0.45809E+02
   116    0.24295E+01    0.46531E+02
   117    0.24504E+01    0.46335E+02
   118    0.24714E+01    0.46238E+02
   119    0.24923E+01    0.47050E+02
   120    0.25133E+01    0.46721E+02
   121    0.25342E+01    0.47018E+02
   122    0.25552E+01    0.47016E+02
   123    0.25761E+01    0.46547E+02
   124    0.25970E+01    0.46624E+02
   125    0.26180E+01    0.46630E+02
   126    0.26389E+01    0.46595E+02
   127    0.26599E+01    0.46425E+02
   128    0.26808E+01    0.45491E+02
   129    0.27018E+01    0.45346E+02
   130    0.27227E+01    0.44999E+02
   131    0.27437E+01    0.44643E+02
   132    0.27646E+01    0.43710E+02
   133    0.27855E+01    0.43574E+02
   134    0.28065E+01    0.42469E+02
   135    0.28274E+01    0.41822E+02
   136    0.28484E+01    0.41170E+02
   137    0.28693E+01    0.40078E+02
   138    0.28903E+01    0.39684E+02
   139    0.29112E+01    0.38671E+02
   140    0.29322E+01    0.37840E+02
   141    0.29531E+01    0.36872E+02
   142    0.29740E+01    0.35601E+02
   143    0.29950E+01    0.34640E+02
   144    0.30159E+01    0.33552E+02
   145    0.30369E+01    0.32807E+02
   146    0.30578E+01    0.31608E+02
   147    0.30788E+01    0.30666E+02
   148    0.30997E+01    0.30159E+02
   149    0.31206E+01    0.29485E+02
