k[unitless]    k[h/Mpc]    D^2(k)
     1    0.20944E-01    0.24559E-03
     2    0.41888E-01    0.10230E-02
     3    0.62832E-01    0.25063E-02
     4    0.83776E-01    0.58391E-02
     5    0.10472E+00    0.96736E-02
     6    0.12566E+00    0.10577E-01
     7    0.14661E+00    0.12022E-01
     8    0.16755E+00    0.13936E-01
     9    0.18850E+00    0.13877E-01
    10    0.20944E+00    0.13755E-01
    11    0.23038E+00    0.14554E-01
    12    0.25133E+00    0.15516E-01
    13    0.27227E+00    0.16592E-01
    14    0.29322E+00    0.17371E-01
    15    0.31416E+00    0.18010E-01
    16    0.33510E+00    0.18413E-01
    17    0.35605E+00    0.19273E-01
    18    0.37699E+00    0.19131E-01
    19    0.39794E+00    0.19241E-01
    20    0.41888E+00    0.20005E-01
    21    0.43982E+00    0.21103E-01
    22    0.46077E+00    0.20908E-01
    23    0.48171E+00    0.20157E-01
    24    0.50265E+00    0.20525E-01
    25    0.52360E+00    0.20816E-01
    26    0.54454E+00    0.19560E-01
    27    0.56549E+00    0.18723E-01
    28    0.58643E+00    0.18022E-01
    29    0.60737E+00    0.17353E-01
    30    0.62832E+00    0.17809E-01
    31    0.64926E+00    0.18092E-01
    32    0.67021E+00    0.17789E-01
    33    0.69115E+00    0.17212E-01
    34    0.71209E+00    0.17792E-01
    35    0.73304E+00    0.17914E-01
    36    0.75398E+00    0.17794E-01
    37    0.77493E+00    0.17855E-01
    38    0.79587E+00    0.17710E-01
    39    0.81681E+00    0.17813E-01
    40    0.83776E+00    0.17505E-01
    41    0.85870E+00    0.17693E-01
    42    0.87965E+00    0.17653E-01
    43    0.90059E+00    0.16940E-01
    44    0.92153E+00    0.16545E-01
    45    0.94248E+00    0.16567E-01
    46    0.96342E+00    0.16840E-01
    47    0.98437E+00    0.16471E-01
    48    0.10053E+01    0.15937E-01
    49    0.10263E+01    0.15778E-01
    50    0.10472E+01    0.15578E-01
    51    0.10681E+01    0.16231E-01
    52    0.10891E+01    0.16278E-01
    53    0.11100E+01    0.16006E-01
    54    0.11310E+01    0.16503E-01
    55    0.11519E+01    0.16623E-01
    56    0.11729E+01    0.16579E-01
    57    0.11938E+01    0.16758E-01
    58    0.12147E+01    0.16877E-01
    59    0.12357E+01    0.16707E-01
    60    0.12566E+01    0.16689E-01
    61    0.12776E+01    0.16765E-01
    62    0.12985E+01    0.16913E-01
    63    0.13195E+01    0.16730E-01
    64    0.13404E+01    0.16809E-01
    65    0.13614E+01    0.16731E-01
    66    0.13823E+01    0.17173E-01
    67    0.14032E+01    0.17648E-01
    68    0.14242E+01    0.17706E-01
    69    0.14451E+01    0.18104E-01
    70    0.14661E+01    0.18348E-01
    71    0.14870E+01    0.18124E-01
    72    0.15080E+01    0.18138E-01
    73    0.15289E+01    0.18305E-01
    74    0.15499E+01    0.18342E-01
    75    0.15708E+01    0.18628E-01
    76    0.15917E+01    0.18977E-01
    77    0.16127E+01    0.19484E-01
    78    0.16336E+01    0.19402E-01
    79    0.16546E+01    0.19498E-01
    80    0.16755E+01    0.19442E-01
    81    0.16965E+01    0.19656E-01
    82    0.17174E+01    0.19730E-01
    83    0.17383E+01    0.19755E-01
    84    0.17593E+01    0.19714E-01
    85    0.17802E+01    0.20013E-01
    86    0.18012E+01    0.20589E-01
    87    0.18221E+01    0.20747E-01
    88    0.18431E+01    0.20885E-01
    89    0.18640E+01    0.20833E-01
    90    0.18850E+01    0.21190E-01
    91    0.19059E+01    0.21488E-01
    92    0.19268E+01    0.21440E-01
    93    0.19478E+01    0.21745E-01
    94    0.19687E+01    0.22134E-01
    95    0.19897E+01    0.22508E-01
    96    0.20106E+01    0.22758E-01
    97    0.20316E+01    0.22842E-01
    98    0.20525E+01    0.22960E-01
    99    0.20735E+01    0.23110E-01
   100    0.20944E+01    0.22974E-01
   101    0.21153E+01    0.22732E-01
   102    0.21363E+01    0.22891E-01
   103    0.21572E+01    0.23083E-01
   104    0.21782E+01    0.23359E-01
   105    0.21991E+01    0.23357E-01
   106    0.22201E+01    0.23690E-01
   107    0.22410E+01    0.23701E-01
   108    0.22619E+01    0.23669E-01
   109    0.22829E+01    0.23481E-01
   110    0.23038E+01    0.23619E-01
   111    0.23248E+01    0.23836E-01
   112    0.23457E+01    0.23745E-01
   113    0.23667E+01    0.23841E-01
   114    0.23876E+01    0.24054E-01
   115    0.24086E+01    0.24197E-01
   116    0.24295E+01    0.24254E-01
   117    0.24504E+01    0.24216E-01
   118    0.24714E+01    0.24380E-01
   119    0.24923E+01    0.24482E-01
   120    0.25133E+01    0.24358E-01
   121    0.25342E+01    0.24339E-01
   122    0.25552E+01    0.24273E-01
   123    0.25761E+01    0.23916E-01
   124    0.25970E+01    0.23906E-01
   125    0.26180E+01    0.23788E-01
   126    0.26389E+01    0.23534E-01
   127    0.26599E+01    0.23107E-01
   128    0.26808E+01    0.23078E-01
   129    0.27018E+01    0.22897E-01
   130    0.27227E+01    0.22822E-01
   131    0.27437E+01    0.22943E-01
   132    0.27646E+01    0.22772E-01
   133    0.27855E+01    0.22752E-01
   134    0.28065E+01    0.22629E-01
   135    0.28274E+01    0.22364E-01
   136    0.28484E+01    0.22086E-01
   137    0.28693E+01    0.21873E-01
   138    0.28903E+01    0.21709E-01
   139    0.29112E+01    0.21639E-01
   140    0.29322E+01    0.21619E-01
   141    0.29531E+01    0.21336E-01
   142    0.29740E+01    0.21243E-01
   143    0.29950E+01    0.21198E-01
   144    0.30159E+01    0.20812E-01
   145    0.30369E+01    0.20600E-01
   146    0.30578E+01    0.20653E-01
   147    0.30788E+01    0.20522E-01
   148    0.30997E+01    0.20334E-01
   149    0.31206E+01    0.20225E-01
