k[unitless]    k[h/Mpc]    D^2(k)
     1    0.20944E-01    0.17991E+00
     2    0.41888E-01    0.71728E+00
     3    0.62832E-01    0.15980E+01
     4    0.83776E-01    0.19907E+01
     5    0.10472E+00    0.24815E+01
     6    0.12566E+00    0.27737E+01
     7    0.14661E+00    0.29582E+01
     8    0.16755E+00    0.29228E+01
     9    0.18850E+00    0.30932E+01
    10    0.20944E+00    0.29547E+01
    11    0.23038E+00    0.31668E+01
    12    0.25133E+00    0.32477E+01
    13    0.27227E+00    0.29795E+01
    14    0.29322E+00    0.31182E+01
    15    0.31416E+00    0.30040E+01
    16    0.33510E+00    0.31159E+01
    17    0.35605E+00    0.29387E+01
    18    0.37699E+00    0.29869E+01
    19    0.39794E+00    0.28722E+01
    20    0.41888E+00    0.29631E+01
    21    0.43982E+00    0.28924E+01
    22    0.46077E+00    0.28840E+01
    23    0.48171E+00    0.27534E+01
    24    0.50265E+00    0.27492E+01
    25    0.52360E+00    0.26495E+01
    26    0.54454E+00    0.27194E+01
    27    0.56549E+00    0.26095E+01
    28    0.58643E+00    0.26353E+01
    29    0.60737E+00    0.25541E+01
    30    0.62832E+00    0.25660E+01
    31    0.64926E+00    0.25085E+01
    32    0.67021E+00    0.25719E+01
    33    0.69115E+00    0.24913E+01
    34    0.71209E+00    0.24757E+01
    35    0.73304E+00    0.24989E+01
    36    0.75398E+00    0.23695E+01
    37    0.77493E+00    0.23871E+01
    38    0.79587E+00    0.23664E+01
    39    0.81681E+00    0.23835E+01
    40    0.83776E+00    0.23348E+01
    41    0.85870E+00    0.23252E+01
    42    0.87965E+00    0.23369E+01
    43    0.90059E+00    0.23295E+01
    44    0.92153E+00    0.23341E+01
    45    0.94248E+00    0.22837E+01
    46    0.96342E+00    0.23047E+01
    47    0.98437E+00    0.23475E+01
    48    0.10053E+01    0.22632E+01
    49    0.10263E+01    0.23164E+01
    50    0.10472E+01    0.23377E+01
    51    0.10681E+01    0.23057E+01
    52    0.10891E+01    0.22866E+01
    53    0.11100E+01    0.22820E+01
    54    0.11310E+01    0.22970E+01
    55    0.11519E+01    0.23406E+01
    56    0.11729E+01    0.23357E+01
    57    0.11938E+01    0.23586E+01
    58    0.12147E+01    0.23911E+01
    59    0.12357E+01    0.24242E+01
    60    0.12566E+01    0.23913E+01
    61    0.12776E+01    0.24276E+01
    62    0.12985E+01    0.24614E+01
    63    0.13195E+01    0.25079E+01
    64    0.13404E+01    0.25228E+01
    65    0.13614E+01    0.25554E+01
    66    0.13823E+01    0.25805E+01
    67    0.14032E+01    0.26348E+01
    68    0.14242E+01    0.26314E+01
    69    0.14451E+01    0.26943E+01
    70    0.14661E+01    0.27238E+01
    71    0.14870E+01    0.27421E+01
    72    0.15080E+01    0.27956E+01
    73    0.15289E+01    0.28330E+01
    74    0.15499E+01    0.29073E+01
    75    0.15708E+01    0.29393E+01
    76    0.15917E+01    0.30023E+01
    77    0.16127E+01    0.30193E+01
    78    0.16336E+01    0.30420E+01
    79    0.16546E+01    0.31224E+01
    80    0.16755E+01    0.31207E+01
    81    0.16965E+01    0.32283E+01
    82    0.17174E+01    0.32285E+01
    83    0.17383E+01    0.32854E+01
    84    0.17593E+01    0.33506E+01
    85    0.17802E+01    0.34430E+01
    86    0.18012E+01    0.34584E+01
    87    0.18221E+01    0.35061E+01
    88    0.18431E+01    0.35612E+01
    89    0.18640E+01    0.36368E+01
    90    0.18850E+01    0.36324E+01
    91    0.19059E+01    0.37180E+01
    92    0.19268E+01    0.37450E+01
    93    0.19478E+01    0.38159E+01
    94    0.19687E+01    0.38528E+01
    95    0.19897E+01    0.38824E+01
    96    0.20106E+01    0.39344E+01
    97    0.20316E+01    0.39711E+01
    98    0.20525E+01    0.40020E+01
    99    0.20735E+01    0.40337E+01
   100    0.20944E+01    0.41637E+01
   101    0.21153E+01    0.41367E+01
   102    0.21363E+01    0.41780E+01
   103    0.21572E+01    0.42103E+01
   104    0.21782E+01    0.42662E+01
   105    0.21991E+01    0.42855E+01
   106    0.22201E+01    0.43094E+01
   107    0.22410E+01    0.43498E+01
   108    0.22619E+01    0.43752E+01
   109    0.22829E+01    0.44291E+01
   110    0.23038E+01    0.44214E+01
   111    0.23248E+01    0.44584E+01
   112    0.23457E+01    0.44372E+01
   113    0.23667E+01    0.44909E+01
   114    0.23876E+01    0.44724E+01
   115    0.24086E+01    0.45382E+01
   116    0.24295E+01    0.45249E+01
   117    0.24504E+01    0.45332E+01
   118    0.24714E+01    0.45303E+01
   119    0.24923E+01    0.45340E+01
   120    0.25133E+01    0.44939E+01
   121    0.25342E+01    0.44857E+01
   122    0.25552E+01    0.45139E+01
   123    0.25761E+01    0.45007E+01
   124    0.25970E+01    0.44863E+01
   125    0.26180E+01    0.44828E+01
   126    0.26389E+01    0.44554E+01
   127    0.26599E+01    0.44021E+01
   128    0.26808E+01    0.43781E+01
   129    0.27018E+01    0.43676E+01
   130    0.27227E+01    0.43097E+01
   131    0.27437E+01    0.42763E+01
   132    0.27646E+01    0.42496E+01
   133    0.27855E+01    0.42175E+01
   134    0.28065E+01    0.41716E+01
   135    0.28274E+01    0.41075E+01
   136    0.28484E+01    0.40501E+01
   137    0.28693E+01    0.39867E+01
   138    0.28903E+01    0.39435E+01
   139    0.29112E+01    0.38912E+01
   140    0.29322E+01    0.38223E+01
   141    0.29531E+01    0.37837E+01
   142    0.29740E+01    0.37279E+01
   143    0.29950E+01    0.36784E+01
   144    0.30159E+01    0.36003E+01
   145    0.30369E+01    0.35643E+01
   146    0.30578E+01    0.35503E+01
   147    0.30788E+01    0.34982E+01
   148    0.30997E+01    0.34801E+01
   149    0.31206E+01    0.34329E+01
