k[unitless]    k[h/Mpc]    D^2(k)
     1    0.20944E-01    0.21482E+00
     2    0.41888E-01    0.98520E+00
     3    0.62832E-01    0.24489E+01
     4    0.83776E-01    0.36162E+01
     5    0.10472E+00    0.41387E+01
     6    0.12566E+00    0.49325E+01
     7    0.14661E+00    0.55443E+01
     8    0.16755E+00    0.54541E+01
     9    0.18850E+00    0.61162E+01
    10    0.20944E+00    0.62351E+01
    11    0.23038E+00    0.64297E+01
    12    0.25133E+00    0.64740E+01
    13    0.27227E+00    0.63002E+01
    14    0.29322E+00    0.62247E+01
    15    0.31416E+00    0.61130E+01
    16    0.33510E+00    0.64468E+01
    17    0.35605E+00    0.61470E+01
    18    0.37699E+00    0.61450E+01
    19    0.39794E+00    0.60570E+01
    20    0.41888E+00    0.60785E+01
    21    0.43982E+00    0.62678E+01
    22    0.46077E+00    0.61945E+01
    23    0.48171E+00    0.58018E+01
    24    0.50265E+00    0.56708E+01
    25    0.52360E+00    0.57834E+01
    26    0.54454E+00    0.57747E+01
    27    0.56549E+00    0.58193E+01
    28    0.58643E+00    0.57234E+01
    29    0.60737E+00    0.57699E+01
    30    0.62832E+00    0.54600E+01
    31    0.64926E+00    0.55377E+01
    32    0.67021E+00    0.54917E+01
    33    0.69115E+00    0.54233E+01
    34    0.71209E+00    0.51627E+01
    35    0.73304E+00    0.51723E+01
    36    0.75398E+00    0.51357E+01
    37    0.77493E+00    0.51160E+01
    38    0.79587E+00    0.51895E+01
    39    0.81681E+00    0.50436E+01
    40    0.83776E+00    0.49404E+01
    41    0.85870E+00    0.49143E+01
    42    0.87965E+00    0.48987E+01
    43    0.90059E+00    0.49344E+01
    44    0.92153E+00    0.48588E+01
    45    0.94248E+00    0.48167E+01
    46    0.96342E+00    0.47865E+01
    47    0.98437E+00    0.48614E+01
    48    0.10053E+01    0.47697E+01
    49    0.10263E+01    0.48684E+01
    50    0.10472E+01    0.48005E+01
    51    0.10681E+01    0.48509E+01
    52    0.10891E+01    0.47943E+01
    53    0.11100E+01    0.48909E+01
    54    0.11310E+01    0.48407E+01
    55    0.11519E+01    0.47882E+01
    56    0.11729E+01    0.49149E+01
    57    0.11938E+01    0.49225E+01
    58    0.12147E+01    0.50480E+01
    59    0.12357E+01    0.50573E+01
    60    0.12566E+01    0.50286E+01
    61    0.12776E+01    0.51391E+01
    62    0.12985E+01    0.51931E+01
    63    0.13195E+01    0.52873E+01
    64    0.13404E+01    0.53460E+01
    65    0.13614E+01    0.53993E+01
    66    0.13823E+01    0.55437E+01
    67    0.14032E+01    0.55876E+01
    68    0.14242E+01    0.56620E+01
    69    0.14451E+01    0.57860E+01
    70    0.14661E+01    0.58588E+01
    71    0.14870E+01    0.59306E+01
    72    0.15080E+01    0.60453E+01
    73    0.15289E+01    0.61439E+01
    74    0.15499E+01    0.62927E+01
    75    0.15708E+01    0.64103E+01
    76    0.15917E+01    0.65591E+01
    77    0.16127E+01    0.67122E+01
    78    0.16336E+01    0.67827E+01
    79    0.16546E+01    0.69211E+01
    80    0.16755E+01    0.69935E+01
    81    0.16965E+01    0.71262E+01
    82    0.17174E+01    0.73109E+01
    83    0.17383E+01    0.73965E+01
    84    0.17593E+01    0.76475E+01
    85    0.17802E+01    0.77959E+01
    86    0.18012E+01    0.77935E+01
    87    0.18221E+01    0.80093E+01
    88    0.18431E+01    0.81931E+01
    89    0.18640E+01    0.83266E+01
    90    0.18850E+01    0.83782E+01
    91    0.19059E+01    0.85260E+01
    92    0.19268E+01    0.86697E+01
    93    0.19478E+01    0.88636E+01
    94    0.19687E+01    0.89935E+01
    95    0.19897E+01    0.90647E+01
    96    0.20106E+01    0.92417E+01
    97    0.20316E+01    0.93622E+01
    98    0.20525E+01    0.94772E+01
    99    0.20735E+01    0.96256E+01
   100    0.20944E+01    0.97386E+01
   101    0.21153E+01    0.97791E+01
   102    0.21363E+01    0.99984E+01
   103    0.21572E+01    0.10072E+02
   104    0.21782E+01    0.10232E+02
   105    0.21991E+01    0.10279E+02
   106    0.22201E+01    0.10363E+02
   107    0.22410E+01    0.10422E+02
   108    0.22619E+01    0.10568E+02
   109    0.22829E+01    0.10755E+02
   110    0.23038E+01    0.10719E+02
   111    0.23248E+01    0.10821E+02
   112    0.23457E+01    0.10858E+02
   113    0.23667E+01    0.10921E+02
   114    0.23876E+01    0.11013E+02
   115    0.24086E+01    0.10973E+02
   116    0.24295E+01    0.11035E+02
   117    0.24504E+01    0.11097E+02
   118    0.24714E+01    0.11115E+02
   119    0.24923E+01    0.11126E+02
   120    0.25133E+01    0.11068E+02
   121    0.25342E+01    0.11090E+02
   122    0.25552E+01    0.11147E+02
   123    0.25761E+01    0.11060E+02
   124    0.25970E+01    0.11041E+02
   125    0.26180E+01    0.11017E+02
   126    0.26389E+01    0.10999E+02
   127    0.26599E+01    0.10881E+02
   128    0.26808E+01    0.10768E+02
   129    0.27018E+01    0.10775E+02
   130    0.27227E+01    0.10669E+02
   131    0.27437E+01    0.10579E+02
   132    0.27646E+01    0.10455E+02
   133    0.27855E+01    0.10369E+02
   134    0.28065E+01    0.10291E+02
   135    0.28274E+01    0.10075E+02
   136    0.28484E+01    0.99576E+01
   137    0.28693E+01    0.98415E+01
   138    0.28903E+01    0.96672E+01
   139    0.29112E+01    0.95171E+01
   140    0.29322E+01    0.93703E+01
   141    0.29531E+01    0.91988E+01
   142    0.29740E+01    0.90480E+01
   143    0.29950E+01    0.89059E+01
   144    0.30159E+01    0.87426E+01
   145    0.30369E+01    0.86490E+01
   146    0.30578E+01    0.85043E+01
   147    0.30788E+01    0.83805E+01
   148    0.30997E+01    0.83133E+01
   149    0.31206E+01    0.82556E+01
