k[unitless]    k[h/Mpc]    D^2(k)
     1    0.20944E-01    0.95607E-13
     2    0.41888E-01    0.76485E-12
     3    0.62832E-01    0.25814E-11
     4    0.83776E-01    0.61188E-11
     5    0.10472E+00    0.11951E-10
     6    0.12566E+00    0.20651E-10
     7    0.14661E+00    0.32793E-10
     8    0.16755E+00    0.48951E-10
     9    0.18850E+00    0.69697E-10
    10    0.20944E+00    0.95607E-10
    11    0.23038E+00    0.12725E-09
    12    0.25133E+00    0.16521E-09
    13    0.27227E+00    0.21005E-09
    14    0.29322E+00    0.26235E-09
    15    0.31416E+00    0.32267E-09
    16    0.33510E+00    0.39161E-09
    17    0.35605E+00    0.46972E-09
    18    0.37699E+00    0.55758E-09
    19    0.39794E+00    0.65577E-09
    20    0.41888E+00    0.76485E-09
    21    0.43982E+00    0.88541E-09
    22    0.46077E+00    0.10180E-08
    23    0.48171E+00    0.11632E-08
    24    0.50265E+00    0.13217E-08
    25    0.52360E+00    0.14939E-08
    26    0.54454E+00    0.16804E-08
    27    0.56549E+00    0.18818E-08
    28    0.58643E+00    0.20988E-08
    29    0.60737E+00    0.23318E-08
    30    0.62832E+00    0.25814E-08
    31    0.64926E+00    0.28482E-08
    32    0.67021E+00    0.31328E-08
    33    0.69115E+00    0.34358E-08
    34    0.71209E+00    0.37577E-08
    35    0.73304E+00    0.40991E-08
    36    0.75398E+00    0.44606E-08
    37    0.77493E+00    0.48428E-08
    38    0.79587E+00    0.52461E-08
    39    0.81681E+00    0.56713E-08
    40    0.83776E+00    0.61188E-08
    41    0.85870E+00    0.65893E-08
    42    0.87965E+00    0.70833E-08
    43    0.90059E+00    0.76014E-08
    44    0.92153E+00    0.81442E-08
    45    0.94248E+00    0.87122E-08
    46    0.96342E+00    0.93060E-08
    47    0.98437E+00    0.99262E-08
    48    0.10053E+01    0.10573E-07
    49    0.10263E+01    0.11248E-07
    50    0.10472E+01    0.11951E-07
    51    0.10681E+01    0.12682E-07
    52    0.10891E+01    0.13443E-07
    53    0.11100E+01    0.14234E-07
    54    0.11310E+01    0.15055E-07
    55    0.11519E+01    0.15907E-07
    56    0.11729E+01    0.16790E-07
    57    0.11938E+01    0.17706E-07
    58    0.12147E+01    0.18654E-07
    59    0.12357E+01    0.19636E-07
    60    0.12566E+01    0.20651E-07
    61    0.12776E+01    0.21701E-07
    62    0.12985E+01    0.22786E-07
    63    0.13195E+01    0.23906E-07
    64    0.13404E+01    0.25063E-07
    65    0.13614E+01    0.26256E-07
    66    0.13823E+01    0.27487E-07
    67    0.14032E+01    0.28755E-07
    68    0.14242E+01    0.30062E-07
    69    0.14451E+01    0.31408E-07
    70    0.14661E+01    0.32793E-07
    71    0.14870E+01    0.34219E-07
    72    0.15080E+01    0.35685E-07
    73    0.15289E+01    0.37193E-07
    74    0.15499E+01    0.38742E-07
    75    0.15708E+01    0.40334E-07
    76    0.15917E+01    0.41969E-07
    77    0.16127E+01    0.43648E-07
    78    0.16336E+01    0.45370E-07
    79    0.16546E+01    0.47138E-07
    80    0.16755E+01    0.48951E-07
    81    0.16965E+01    0.50809E-07
    82    0.17174E+01    0.52715E-07
    83    0.17383E+01    0.54667E-07
    84    0.17593E+01    0.56667E-07
    85    0.17802E+01    0.58715E-07
    86    0.18012E+01    0.60811E-07
    87    0.18221E+01    0.62957E-07
    88    0.18431E+01    0.65153E-07
    89    0.18640E+01    0.67400E-07
    90    0.18850E+01    0.69697E-07
    91    0.19059E+01    0.72046E-07
    92    0.19268E+01    0.74448E-07
    93    0.19478E+01    0.76902E-07
    94    0.19687E+01    0.79409E-07
    95    0.19897E+01    0.81971E-07
    96    0.20106E+01    0.84587E-07
    97    0.20316E+01    0.87258E-07
    98    0.20525E+01    0.89984E-07
    99    0.20735E+01    0.92767E-07
   100    0.20944E+01    0.95607E-07
   101    0.21153E+01    0.98504E-07
   102    0.21363E+01    0.10146E-06
   103    0.21572E+01    0.10447E-06
   104    0.21782E+01    0.10754E-06
   105    0.21991E+01    0.11068E-06
   106    0.22201E+01    0.11387E-06
   107    0.22410E+01    0.11712E-06
   108    0.22619E+01    0.12044E-06
   109    0.22829E+01    0.12381E-06
   110    0.23038E+01    0.12725E-06
   111    0.23248E+01    0.13075E-06
   112    0.23457E+01    0.13432E-06
   113    0.23667E+01    0.13795E-06
   114    0.23876E+01    0.14165E-06
   115    0.24086E+01    0.14541E-06
   116    0.24295E+01    0.14923E-06
   117    0.24504E+01    0.15313E-06
   118    0.24714E+01    0.15709E-06
   119    0.24923E+01    0.16111E-06
   120    0.25133E+01    0.16521E-06
   121    0.25342E+01    0.16937E-06
   122    0.25552E+01    0.17361E-06
   123    0.25761E+01    0.17791E-06
   124    0.25970E+01    0.18229E-06
   125    0.26180E+01    0.18673E-06
   126    0.26389E+01    0.19125E-06
   127    0.26599E+01    0.19584E-06
   128    0.26808E+01    0.20050E-06
   129    0.27018E+01    0.20524E-06
   130    0.27227E+01    0.21005E-06
   131    0.27437E+01    0.21493E-06
   132    0.27646E+01    0.21989E-06
   133    0.27855E+01    0.22493E-06
   134    0.28065E+01    0.23004E-06
   135    0.28274E+01    0.23523E-06
   136    0.28484E+01    0.24049E-06
   137    0.28693E+01    0.24584E-06
   138    0.28903E+01    0.25126E-06
   139    0.29112E+01    0.25676E-06
   140    0.29322E+01    0.26235E-06
   141    0.29531E+01    0.26801E-06
   142    0.29740E+01    0.27375E-06
   143    0.29950E+01    0.27957E-06
   144    0.30159E+01    0.28548E-06
   145    0.30369E+01    0.29147E-06
   146    0.30578E+01    0.29754E-06
   147    0.30788E+01    0.30370E-06
   148    0.30997E+01    0.30994E-06
   149    0.31206E+01    0.31626E-06
