k[unitless]    k[h/Mpc]    D^2(k)
     1    0.20944E-01    0.29685E-02
     2    0.41888E-01    0.16944E-01
     3    0.62832E-01    0.65186E-01
     4    0.83776E-01    0.10843E+00
     5    0.10472E+00    0.23238E+00
     6    0.12566E+00    0.36643E+00
     7    0.14661E+00    0.57695E+00
     8    0.16755E+00    0.82381E+00
     9    0.18850E+00    0.10147E+01
    10    0.20944E+00    0.12450E+01
    11    0.23038E+00    0.15738E+01
    12    0.25133E+00    0.19090E+01
    13    0.27227E+00    0.23253E+01
    14    0.29322E+00    0.26189E+01
    15    0.31416E+00    0.29688E+01
    16    0.33510E+00    0.32391E+01
    17    0.35605E+00    0.35536E+01
    18    0.37699E+00    0.40084E+01
    19    0.39794E+00    0.44189E+01
    20    0.41888E+00    0.47765E+01
    21    0.43982E+00    0.50136E+01
    22    0.46077E+00    0.55034E+01
    23    0.48171E+00    0.59327E+01
    24    0.50265E+00    0.61406E+01
    25    0.52360E+00    0.63739E+01
    26    0.54454E+00    0.69354E+01
    27    0.56549E+00    0.74640E+01
    28    0.58643E+00    0.74233E+01
    29    0.60737E+00    0.77602E+01
    30    0.62832E+00    0.80753E+01
    31    0.64926E+00    0.83037E+01
    32    0.67021E+00    0.87632E+01
    33    0.69115E+00    0.90648E+01
    34    0.71209E+00    0.90826E+01
    35    0.73304E+00    0.92956E+01
    36    0.75398E+00    0.98481E+01
    37    0.77493E+00    0.99057E+01
    38    0.79587E+00    0.10208E+02
    39    0.81681E+00    0.10209E+02
    40    0.83776E+00    0.10567E+02
    41    0.85870E+00    0.10546E+02
    42    0.87965E+00    0.10939E+02
    43    0.90059E+00    0.11370E+02
    44    0.92153E+00    0.11568E+02
    45    0.94248E+00    0.11583E+02
    46    0.96342E+00    0.11581E+02
    47    0.98437E+00    0.12111E+02
    48    0.10053E+01    0.12179E+02
    49    0.10263E+01    0.12263E+02
    50    0.10472E+01    0.12460E+02
    51    0.10681E+01    0.12826E+02
    52    0.10891E+01    0.12879E+02
    53    0.11100E+01    0.13155E+02
    54    0.11310E+01    0.13365E+02
    55    0.11519E+01    0.13696E+02
    56    0.11729E+01    0.14035E+02
    57    0.11938E+01    0.14446E+02
    58    0.12147E+01    0.14472E+02
    59    0.12357E+01    0.15043E+02
    60    0.12566E+01    0.15125E+02
    61    0.12776E+01    0.15234E+02
    62    0.12985E+01    0.15858E+02
    63    0.13195E+01    0.16134E+02
    64    0.13404E+01    0.16556E+02
    65    0.13614E+01    0.16923E+02
    66    0.13823E+01    0.17276E+02
    67    0.14032E+01    0.17814E+02
    68    0.14242E+01    0.18228E+02
    69    0.14451E+01    0.18680E+02
    70    0.14661E+01    0.19023E+02
    71    0.14870E+01    0.19337E+02
    72    0.15080E+01    0.19928E+02
    73    0.15289E+01    0.20667E+02
    74    0.15499E+01    0.21105E+02
    75    0.15708E+01    0.21629E+02
    76    0.15917E+01    0.22305E+02
    77    0.16127E+01    0.22833E+02
    78    0.16336E+01    0.23480E+02
    79    0.16546E+01    0.24107E+02
    80    0.16755E+01    0.24573E+02
    81    0.16965E+01    0.25383E+02
    82    0.17174E+01    0.25642E+02
    83    0.17383E+01    0.26789E+02
    84    0.17593E+01    0.27070E+02
    85    0.17802E+01    0.27931E+02
    86    0.18012E+01    0.28583E+02
    87    0.18221E+01    0.29257E+02
    88    0.18431E+01    0.30060E+02
    89    0.18640E+01    0.30742E+02
    90    0.18850E+01    0.31320E+02
    91    0.19059E+01    0.31780E+02
    92    0.19268E+01    0.32647E+02
    93    0.19478E+01    0.33526E+02
    94    0.19687E+01    0.34090E+02
    95    0.19897E+01    0.34940E+02
    96    0.20106E+01    0.35707E+02
    97    0.20316E+01    0.36176E+02
    98    0.20525E+01    0.36718E+02
    99    0.20735E+01    0.37612E+02
   100    0.20944E+01    0.38301E+02
   101    0.21153E+01    0.38568E+02
   102    0.21363E+01    0.39497E+02
   103    0.21572E+01    0.40076E+02
   104    0.21782E+01    0.40924E+02
   105    0.21991E+01    0.41208E+02
   106    0.22201E+01    0.41951E+02
   107    0.22410E+01    0.42400E+02
   108    0.22619E+01    0.42962E+02
   109    0.22829E+01    0.43258E+02
   110    0.23038E+01    0.43627E+02
   111    0.23248E+01    0.44009E+02
   112    0.23457E+01    0.44683E+02
   113    0.23667E+01    0.44785E+02
   114    0.23876E+01    0.44907E+02
   115    0.24086E+01    0.45622E+02
   116    0.24295E+01    0.46253E+02
   117    0.24504E+01    0.46134E+02
   118    0.24714E+01    0.45997E+02
   119    0.24923E+01    0.46738E+02
   120    0.25133E+01    0.46433E+02
   121    0.25342E+01    0.46674E+02
   122    0.25552E+01    0.46714E+02
   123    0.25761E+01    0.46311E+02
   124    0.25970E+01    0.46286E+02
   125    0.26180E+01    0.46285E+02
   126    0.26389E+01    0.46306E+02
   127    0.26599E+01    0.46081E+02
   128    0.26808E+01    0.45133E+02
   129    0.27018E+01    0.45066E+02
   130    0.27227E+01    0.44677E+02
   131    0.27437E+01    0.44361E+02
   132    0.27646E+01    0.43419E+02
   133    0.27855E+01    0.43291E+02
   134    0.28065E+01    0.42194E+02
   135    0.28274E+01    0.41425E+02
   136    0.28484E+01    0.40899E+02
   137    0.28693E+01    0.39787E+02
   138    0.28903E+01    0.39357E+02
   139    0.29112E+01    0.38394E+02
   140    0.29322E+01    0.37520E+02
   141    0.29531E+01    0.36611E+02
   142    0.29740E+01    0.35369E+02
   143    0.29950E+01    0.34483E+02
   144    0.30159E+01    0.33354E+02
   145    0.30369E+01    0.32560E+02
   146    0.30578E+01    0.31416E+02
   147    0.30788E+01    0.30519E+02
   148    0.30997E+01    0.29986E+02
   149    0.31206E+01    0.29241E+02
