k[unitless]    k[h/Mpc]    D^2(k)
     1    0.20944E-01    0.37053E-01
     2    0.41888E-01    0.17338E+00
     3    0.62832E-01    0.52146E+00
     4    0.83776E-01    0.97485E+00
     5    0.10472E+00    0.12439E+01
     6    0.12566E+00    0.18199E+01
     7    0.14661E+00    0.24429E+01
     8    0.16755E+00    0.29782E+01
     9    0.18850E+00    0.37254E+01
    10    0.20944E+00    0.42790E+01
    11    0.23038E+00    0.50841E+01
    12    0.25133E+00    0.54112E+01
    13    0.27227E+00    0.61633E+01
    14    0.29322E+00    0.67059E+01
    15    0.31416E+00    0.72821E+01
    16    0.33510E+00    0.74569E+01
    17    0.35605E+00    0.79953E+01
    18    0.37699E+00    0.84987E+01
    19    0.39794E+00    0.84262E+01
    20    0.41888E+00    0.96614E+01
    21    0.43982E+00    0.95183E+01
    22    0.46077E+00    0.96327E+01
    23    0.48171E+00    0.98488E+01
    24    0.50265E+00    0.10148E+02
    25    0.52360E+00    0.10537E+02
    26    0.54454E+00    0.10954E+02
    27    0.56549E+00    0.11023E+02
    28    0.58643E+00    0.10958E+02
    29    0.60737E+00    0.11259E+02
    30    0.62832E+00    0.11245E+02
    31    0.64926E+00    0.11410E+02
    32    0.67021E+00    0.11372E+02
    33    0.69115E+00    0.11289E+02
    34    0.71209E+00    0.11253E+02
    35    0.73304E+00    0.11364E+02
    36    0.75398E+00    0.11654E+02
    37    0.77493E+00    0.11387E+02
    38    0.79587E+00    0.11426E+02
    39    0.81681E+00    0.11364E+02
    40    0.83776E+00    0.11149E+02
    41    0.85870E+00    0.11371E+02
    42    0.87965E+00    0.11382E+02
    43    0.90059E+00    0.11387E+02
    44    0.92153E+00    0.11450E+02
    45    0.94248E+00    0.11291E+02
    46    0.96342E+00    0.11316E+02
    47    0.98437E+00    0.11346E+02
    48    0.10053E+01    0.11288E+02
    49    0.10263E+01    0.11429E+02
    50    0.10472E+01    0.11402E+02
    51    0.10681E+01    0.11543E+02
    52    0.10891E+01    0.11434E+02
    53    0.11100E+01    0.11611E+02
    54    0.11310E+01    0.11720E+02
    55    0.11519E+01    0.11726E+02
    56    0.11729E+01    0.11912E+02
    57    0.11938E+01    0.12217E+02
    58    0.12147E+01    0.12301E+02
    59    0.12357E+01    0.12536E+02
    60    0.12566E+01    0.12529E+02
    61    0.12776E+01    0.12727E+02
    62    0.12985E+01    0.13203E+02
    63    0.13195E+01    0.13325E+02
    64    0.13404E+01    0.13663E+02
    65    0.13614E+01    0.14012E+02
    66    0.13823E+01    0.14207E+02
    67    0.14032E+01    0.14519E+02
    68    0.14242E+01    0.14865E+02
    69    0.14451E+01    0.15375E+02
    70    0.14661E+01    0.15709E+02
    71    0.14870E+01    0.15957E+02
    72    0.15080E+01    0.16485E+02
    73    0.15289E+01    0.17017E+02
    74    0.15499E+01    0.17401E+02
    75    0.15708E+01    0.17977E+02
    76    0.15917E+01    0.18473E+02
    77    0.16127E+01    0.19077E+02
    78    0.16336E+01    0.19641E+02
    79    0.16546E+01    0.20058E+02
    80    0.16755E+01    0.20654E+02
    81    0.16965E+01    0.21247E+02
    82    0.17174E+01    0.21741E+02
    83    0.17383E+01    0.22594E+02
    84    0.17593E+01    0.22926E+02
    85    0.17802E+01    0.23752E+02
    86    0.18012E+01    0.24202E+02
    87    0.18221E+01    0.24830E+02
    88    0.18431E+01    0.25693E+02
    89    0.18640E+01    0.26277E+02
    90    0.18850E+01    0.26826E+02
    91    0.19059E+01    0.27271E+02
    92    0.19268E+01    0.28029E+02
    93    0.19478E+01    0.28844E+02
    94    0.19687E+01    0.29178E+02
    95    0.19897E+01    0.30136E+02
    96    0.20106E+01    0.30630E+02
    97    0.20316E+01    0.31314E+02
    98    0.20525E+01    0.31969E+02
    99    0.20735E+01    0.32462E+02
   100    0.20944E+01    0.33116E+02
   101    0.21153E+01    0.33356E+02
   102    0.21363E+01    0.34261E+02
   103    0.21572E+01    0.34603E+02
   104    0.21782E+01    0.35348E+02
   105    0.21991E+01    0.35999E+02
   106    0.22201E+01    0.36390E+02
   107    0.22410E+01    0.36787E+02
   108    0.22619E+01    0.37451E+02
   109    0.22829E+01    0.37941E+02
   110    0.23038E+01    0.38246E+02
   111    0.23248E+01    0.38286E+02
   112    0.23457E+01    0.38961E+02
   113    0.23667E+01    0.39109E+02
   114    0.23876E+01    0.39558E+02
   115    0.24086E+01    0.39856E+02
   116    0.24295E+01    0.40541E+02
   117    0.24504E+01    0.40320E+02
   118    0.24714E+01    0.40302E+02
   119    0.24923E+01    0.40955E+02
   120    0.25133E+01    0.40633E+02
   121    0.25342E+01    0.41092E+02
   122    0.25552E+01    0.40897E+02
   123    0.25761E+01    0.40807E+02
   124    0.25970E+01    0.40909E+02
   125    0.26180E+01    0.40753E+02
   126    0.26389E+01    0.40832E+02
   127    0.26599E+01    0.40338E+02
   128    0.26808E+01    0.39778E+02
   129    0.27018E+01    0.39937E+02
   130    0.27227E+01    0.39394E+02
   131    0.27437E+01    0.39221E+02
   132    0.27646E+01    0.38489E+02
   133    0.27855E+01    0.38107E+02
   134    0.28065E+01    0.37421E+02
   135    0.28274E+01    0.36934E+02
   136    0.28484E+01    0.36220E+02
   137    0.28693E+01    0.35482E+02
   138    0.28903E+01    0.34923E+02
   139    0.29112E+01    0.34095E+02
   140    0.29322E+01    0.33373E+02
   141    0.29531E+01    0.32569E+02
   142    0.29740E+01    0.31557E+02
   143    0.29950E+01    0.30743E+02
   144    0.30159E+01    0.29941E+02
   145    0.30369E+01    0.29285E+02
   146    0.30578E+01    0.28321E+02
   147    0.30788E+01    0.27554E+02
   148    0.30997E+01    0.27235E+02
   149    0.31206E+01    0.26778E+02
