k[unitless]    k[h/Mpc]    D^2(k)
     1    0.20944E-01    0.56529E-02
     2    0.41888E-01    0.27496E-01
     3    0.62832E-01    0.10428E+00
     4    0.83776E-01    0.19913E+00
     5    0.10472E+00    0.32441E+00
     6    0.12566E+00    0.51303E+00
     7    0.14661E+00    0.78520E+00
     8    0.16755E+00    0.10911E+01
     9    0.18850E+00    0.13641E+01
    10    0.20944E+00    0.16506E+01
    11    0.23038E+00    0.20912E+01
    12    0.25133E+00    0.24109E+01
    13    0.27227E+00    0.29143E+01
    14    0.29322E+00    0.32833E+01
    15    0.31416E+00    0.37103E+01
    16    0.33510E+00    0.39787E+01
    17    0.35605E+00    0.43529E+01
    18    0.37699E+00    0.48582E+01
    19    0.39794E+00    0.51499E+01
    20    0.41888E+00    0.57782E+01
    21    0.43982E+00    0.59208E+01
    22    0.46077E+00    0.63716E+01
    23    0.48171E+00    0.67840E+01
    24    0.50265E+00    0.69873E+01
    25    0.52360E+00    0.73542E+01
    26    0.54454E+00    0.78902E+01
    27    0.56549E+00    0.83436E+01
    28    0.58643E+00    0.82594E+01
    29    0.60737E+00    0.86246E+01
    30    0.62832E+00    0.88683E+01
    31    0.64926E+00    0.91015E+01
    32    0.67021E+00    0.94901E+01
    33    0.69115E+00    0.97027E+01
    34    0.71209E+00    0.96623E+01
    35    0.73304E+00    0.98756E+01
    36    0.75398E+00    0.10351E+02
    37    0.77493E+00    0.10357E+02
    38    0.79587E+00    0.10575E+02
    39    0.81681E+00    0.10544E+02
    40    0.83776E+00    0.10806E+02
    41    0.85870E+00    0.10771E+02
    42    0.87965E+00    0.11132E+02
    43    0.90059E+00    0.11475E+02
    44    0.92153E+00    0.11574E+02
    45    0.94248E+00    0.11538E+02
    46    0.96342E+00    0.11508E+02
    47    0.98437E+00    0.11911E+02
    48    0.10053E+01    0.11955E+02
    49    0.10263E+01    0.12016E+02
    50    0.10472E+01    0.12154E+02
    51    0.10681E+01    0.12475E+02
    52    0.10891E+01    0.12465E+02
    53    0.11100E+01    0.12733E+02
    54    0.11310E+01    0.12905E+02
    55    0.11519E+01    0.13153E+02
    56    0.11729E+01    0.13446E+02
    57    0.11938E+01    0.13843E+02
    58    0.12147E+01    0.13867E+02
    59    0.12357E+01    0.14353E+02
    60    0.12566E+01    0.14395E+02
    61    0.12776E+01    0.14519E+02
    62    0.12985E+01    0.15105E+02
    63    0.13195E+01    0.15427E+02
    64    0.13404E+01    0.15801E+02
    65    0.13614E+01    0.16166E+02
    66    0.13823E+01    0.16493E+02
    67    0.14032E+01    0.16964E+02
    68    0.14242E+01    0.17365E+02
    69    0.14451E+01    0.17858E+02
    70    0.14661E+01    0.18219E+02
    71    0.14870E+01    0.18540E+02
    72    0.15080E+01    0.19092E+02
    73    0.15289E+01    0.19850E+02
    74    0.15499E+01    0.20306E+02
    75    0.15708E+01    0.20856E+02
    76    0.15917E+01    0.21568E+02
    77    0.16127E+01    0.22073E+02
    78    0.16336E+01    0.22811E+02
    79    0.16546E+01    0.23309E+02
    80    0.16755E+01    0.23835E+02
    81    0.16965E+01    0.24708E+02
    82    0.17174E+01    0.24932E+02
    83    0.17383E+01    0.26143E+02
    84    0.17593E+01    0.26427E+02
    85    0.17802E+01    0.27409E+02
    86    0.18012E+01    0.28017E+02
    87    0.18221E+01    0.28680E+02
    88    0.18431E+01    0.29603E+02
    89    0.18640E+01    0.30231E+02
    90    0.18850E+01    0.30855E+02
    91    0.19059E+01    0.31240E+02
    92    0.19268E+01    0.32199E+02
    93    0.19478E+01    0.33110E+02
    94    0.19687E+01    0.33765E+02
    95    0.19897E+01    0.34639E+02
    96    0.20106E+01    0.35281E+02
    97    0.20316E+01    0.35876E+02
    98    0.20525E+01    0.36550E+02
    99    0.20735E+01    0.37415E+02
   100    0.20944E+01    0.38096E+02
   101    0.21153E+01    0.38326E+02
   102    0.21363E+01    0.39307E+02
   103    0.21572E+01    0.39906E+02
   104    0.21782E+01    0.40752E+02
   105    0.21991E+01    0.41160E+02
   106    0.22201E+01    0.41841E+02
   107    0.22410E+01    0.42304E+02
   108    0.22619E+01    0.42951E+02
   109    0.22829E+01    0.43295E+02
   110    0.23038E+01    0.43668E+02
   111    0.23248E+01    0.44025E+02
   112    0.23457E+01    0.44734E+02
   113    0.23667E+01    0.44841E+02
   114    0.23876E+01    0.44982E+02
   115    0.24086E+01    0.45664E+02
   116    0.24295E+01    0.46450E+02
   117    0.24504E+01    0.46189E+02
   118    0.24714E+01    0.46195E+02
   119    0.24923E+01    0.47015E+02
   120    0.25133E+01    0.46692E+02
   121    0.25342E+01    0.47106E+02
   122    0.25552E+01    0.47022E+02
   123    0.25761E+01    0.46512E+02
   124    0.25970E+01    0.46703E+02
   125    0.26180E+01    0.46603E+02
   126    0.26389E+01    0.46639E+02
   127    0.26599E+01    0.46443E+02
   128    0.26808E+01    0.45593E+02
   129    0.27018E+01    0.45423E+02
   130    0.27227E+01    0.45043E+02
   131    0.27437E+01    0.44721E+02
   132    0.27646E+01    0.43760E+02
   133    0.27855E+01    0.43642E+02
   134    0.28065E+01    0.42561E+02
   135    0.28274E+01    0.41912E+02
   136    0.28484E+01    0.41245E+02
   137    0.28693E+01    0.40235E+02
   138    0.28903E+01    0.39755E+02
   139    0.29112E+01    0.38750E+02
   140    0.29322E+01    0.37843E+02
   141    0.29531E+01    0.36937E+02
   142    0.29740E+01    0.35692E+02
   143    0.29950E+01    0.34658E+02
   144    0.30159E+01    0.33624E+02
   145    0.30369E+01    0.32850E+02
   146    0.30578E+01    0.31664E+02
   147    0.30788E+01    0.30771E+02
   148    0.30997E+01    0.30271E+02
   149    0.31206E+01    0.29599E+02
