k[unitless]    k[h/Mpc]    D^2(k)
     1    0.20944E-01    0.89785E-01
     2    0.41888E-01    0.45181E+00
     3    0.62832E-01    0.11677E+01
     4    0.83776E-01    0.19735E+01
     5    0.10472E+00    0.26572E+01
     6    0.12566E+00    0.37241E+01
     7    0.14661E+00    0.46026E+01
     8    0.16755E+00    0.52610E+01
     9    0.18850E+00    0.64367E+01
    10    0.20944E+00    0.72421E+01
    11    0.23038E+00    0.79430E+01
    12    0.25133E+00    0.90836E+01
    13    0.27227E+00    0.98271E+01
    14    0.29322E+00    0.10455E+02
    15    0.31416E+00    0.11351E+02
    16    0.33510E+00    0.12070E+02
    17    0.35605E+00    0.12588E+02
    18    0.37699E+00    0.13534E+02
    19    0.39794E+00    0.14261E+02
    20    0.41888E+00    0.14960E+02
    21    0.43982E+00    0.15401E+02
    22    0.46077E+00    0.15971E+02
    23    0.48171E+00    0.16685E+02
    24    0.50265E+00    0.17276E+02
    25    0.52360E+00    0.17702E+02
    26    0.54454E+00    0.18197E+02
    27    0.56549E+00    0.19001E+02
    28    0.58643E+00    0.19315E+02
    29    0.60737E+00    0.19920E+02
    30    0.62832E+00    0.20505E+02
    31    0.64926E+00    0.20857E+02
    32    0.67021E+00    0.21235E+02
    33    0.69115E+00    0.21822E+02
    34    0.71209E+00    0.21982E+02
    35    0.73304E+00    0.22478E+02
    36    0.75398E+00    0.22943E+02
    37    0.77493E+00    0.23132E+02
    38    0.79587E+00    0.23604E+02
    39    0.81681E+00    0.23767E+02
    40    0.83776E+00    0.24227E+02
    41    0.85870E+00    0.24273E+02
    42    0.87965E+00    0.24686E+02
    43    0.90059E+00    0.24885E+02
    44    0.92153E+00    0.25314E+02
    45    0.94248E+00    0.25576E+02
    46    0.96342E+00    0.25541E+02
    47    0.98437E+00    0.26084E+02
    48    0.10053E+01    0.26199E+02
    49    0.10263E+01    0.26215E+02
    50    0.10472E+01    0.26167E+02
    51    0.10681E+01    0.26385E+02
    52    0.10891E+01    0.26958E+02
    53    0.11100E+01    0.26443E+02
    54    0.11310E+01    0.26899E+02
    55    0.11519E+01    0.27151E+02
    56    0.11729E+01    0.27140E+02
    57    0.11938E+01    0.27193E+02
    58    0.12147E+01    0.27079E+02
    59    0.12357E+01    0.27166E+02
    60    0.12566E+01    0.27336E+02
    61    0.12776E+01    0.27231E+02
    62    0.12985E+01    0.27394E+02
    63    0.13195E+01    0.27197E+02
    64    0.13404E+01    0.27353E+02
    65    0.13614E+01    0.27256E+02
    66    0.13823E+01    0.27102E+02
    67    0.14032E+01    0.26998E+02
    68    0.14242E+01    0.27135E+02
    69    0.14451E+01    0.27159E+02
    70    0.14661E+01    0.26865E+02
    71    0.14870E+01    0.26803E+02
    72    0.15080E+01    0.26841E+02
    73    0.15289E+01    0.26698E+02
    74    0.15499E+01    0.26509E+02
    75    0.15708E+01    0.26587E+02
    76    0.15917E+01    0.26446E+02
    77    0.16127E+01    0.26119E+02
    78    0.16336E+01    0.26141E+02
    79    0.16546E+01    0.26119E+02
    80    0.16755E+01    0.25985E+02
    81    0.16965E+01    0.25677E+02
    82    0.17174E+01    0.25309E+02
    83    0.17383E+01    0.25212E+02
    84    0.17593E+01    0.24891E+02
    85    0.17802E+01    0.24866E+02
    86    0.18012E+01    0.24601E+02
    87    0.18221E+01    0.24611E+02
    88    0.18431E+01    0.24412E+02
    89    0.18640E+01    0.24117E+02
    90    0.18850E+01    0.24018E+02
    91    0.19059E+01    0.23432E+02
    92    0.19268E+01    0.23306E+02
    93    0.19478E+01    0.23233E+02
    94    0.19687E+01    0.22918E+02
    95    0.19897E+01    0.22721E+02
    96    0.20106E+01    0.22793E+02
    97    0.20316E+01    0.22214E+02
    98    0.20525E+01    0.22054E+02
    99    0.20735E+01    0.21723E+02
   100    0.20944E+01    0.21498E+02
   101    0.21153E+01    0.21079E+02
   102    0.21363E+01    0.21215E+02
   103    0.21572E+01    0.20630E+02
   104    0.21782E+01    0.20618E+02
   105    0.21991E+01    0.20197E+02
   106    0.22201E+01    0.20053E+02
   107    0.22410E+01    0.19760E+02
   108    0.22619E+01    0.19709E+02
   109    0.22829E+01    0.19277E+02
   110    0.23038E+01    0.19057E+02
   111    0.23248E+01    0.18549E+02
   112    0.23457E+01    0.18465E+02
   113    0.23667E+01    0.18127E+02
   114    0.23876E+01    0.17866E+02
   115    0.24086E+01    0.17588E+02
   116    0.24295E+01    0.17400E+02
   117    0.24504E+01    0.17221E+02
   118    0.24714E+01    0.16862E+02
   119    0.24923E+01    0.16711E+02
   120    0.25133E+01    0.16536E+02
   121    0.25342E+01    0.16020E+02
   122    0.25552E+01    0.15915E+02
   123    0.25761E+01    0.15787E+02
   124    0.25970E+01    0.15407E+02
   125    0.26180E+01    0.15139E+02
   126    0.26389E+01    0.15056E+02
   127    0.26599E+01    0.14629E+02
   128    0.26808E+01    0.14387E+02
   129    0.27018E+01    0.14229E+02
   130    0.27227E+01    0.13978E+02
   131    0.27437E+01    0.13739E+02
   132    0.27646E+01    0.13544E+02
   133    0.27855E+01    0.13448E+02
   134    0.28065E+01    0.13130E+02
   135    0.28274E+01    0.12945E+02
   136    0.28484E+01    0.12713E+02
   137    0.28693E+01    0.12482E+02
   138    0.28903E+01    0.12421E+02
   139    0.29112E+01    0.12201E+02
   140    0.29322E+01    0.12075E+02
   141    0.29531E+01    0.11886E+02
   142    0.29740E+01    0.11702E+02
   143    0.29950E+01    0.11529E+02
   144    0.30159E+01    0.11420E+02
   145    0.30369E+01    0.11246E+02
   146    0.30578E+01    0.11098E+02
   147    0.30788E+01    0.11009E+02
   148    0.30997E+01    0.10908E+02
   149    0.31206E+01    0.10846E+02
