k[unitless]    k[h/Mpc]    D^2(k)
     1    0.20944E-01    0.32012E-02
     2    0.41888E-01    0.18904E-01
     3    0.62832E-01    0.66643E-01
     4    0.83776E-01    0.10320E+00
     5    0.10472E+00    0.23349E+00
     6    0.12566E+00    0.36220E+00
     7    0.14661E+00    0.56159E+00
     8    0.16755E+00    0.79825E+00
     9    0.18850E+00    0.97676E+00
    10    0.20944E+00    0.11973E+01
    11    0.23038E+00    0.14962E+01
    12    0.25133E+00    0.18448E+01
    13    0.27227E+00    0.22341E+01
    14    0.29322E+00    0.25072E+01
    15    0.31416E+00    0.28404E+01
    16    0.33510E+00    0.31128E+01
    17    0.35605E+00    0.34081E+01
    18    0.37699E+00    0.38554E+01
    19    0.39794E+00    0.43030E+01
    20    0.41888E+00    0.45751E+01
    21    0.43982E+00    0.48429E+01
    22    0.46077E+00    0.53388E+01
    23    0.48171E+00    0.57658E+01
    24    0.50265E+00    0.59758E+01
    25    0.52360E+00    0.61651E+01
    26    0.54454E+00    0.67399E+01
    27    0.56549E+00    0.72827E+01
    28    0.58643E+00    0.72524E+01
    29    0.60737E+00    0.75755E+01
    30    0.62832E+00    0.79135E+01
    31    0.64926E+00    0.81379E+01
    32    0.67021E+00    0.86117E+01
    33    0.69115E+00    0.89397E+01
    34    0.71209E+00    0.89643E+01
    35    0.73304E+00    0.91851E+01
    36    0.75398E+00    0.97611E+01
    37    0.77493E+00    0.98292E+01
    38    0.79587E+00    0.10148E+02
    39    0.81681E+00    0.10145E+02
    40    0.83776E+00    0.10553E+02
    41    0.85870E+00    0.10542E+02
    42    0.87965E+00    0.10955E+02
    43    0.90059E+00    0.11389E+02
    44    0.92153E+00    0.11597E+02
    45    0.94248E+00    0.11659E+02
    46    0.96342E+00    0.11651E+02
    47    0.98437E+00    0.12218E+02
    48    0.10053E+01    0.12291E+02
    49    0.10263E+01    0.12387E+02
    50    0.10472E+01    0.12608E+02
    51    0.10681E+01    0.12957E+02
    52    0.10891E+01    0.13063E+02
    53    0.11100E+01    0.13335E+02
    54    0.11310E+01    0.13539E+02
    55    0.11519E+01    0.13911E+02
    56    0.11729E+01    0.14266E+02
    57    0.11938E+01    0.14647E+02
    58    0.12147E+01    0.14704E+02
    59    0.12357E+01    0.15299E+02
    60    0.12566E+01    0.15378E+02
    61    0.12776E+01    0.15497E+02
    62    0.12985E+01    0.16101E+02
    63    0.13195E+01    0.16390E+02
    64    0.13404E+01    0.16822E+02
    65    0.13614E+01    0.17190E+02
    66    0.13823E+01    0.17523E+02
    67    0.14032E+01    0.18070E+02
    68    0.14242E+01    0.18489E+02
    69    0.14451E+01    0.18936E+02
    70    0.14661E+01    0.19268E+02
    71    0.14870E+01    0.19575E+02
    72    0.15080E+01    0.20159E+02
    73    0.15289E+01    0.20885E+02
    74    0.15499E+01    0.21316E+02
    75    0.15708E+01    0.21833E+02
    76    0.15917E+01    0.22531E+02
    77    0.16127E+01    0.23004E+02
    78    0.16336E+01    0.23684E+02
    79    0.16546E+01    0.24305E+02
    80    0.16755E+01    0.24737E+02
    81    0.16965E+01    0.25550E+02
    82    0.17174E+01    0.25796E+02
    83    0.17383E+01    0.26895E+02
    84    0.17593E+01    0.27182E+02
    85    0.17802E+01    0.27969E+02
    86    0.18012E+01    0.28659E+02
    87    0.18221E+01    0.29319E+02
    88    0.18431E+01    0.30104E+02
    89    0.18640E+01    0.30765E+02
    90    0.18850E+01    0.31326E+02
    91    0.19059E+01    0.31762E+02
    92    0.19268E+01    0.32625E+02
    93    0.19478E+01    0.33464E+02
    94    0.19687E+01    0.34031E+02
    95    0.19897E+01    0.34871E+02
    96    0.20106E+01    0.35678E+02
    97    0.20316E+01    0.36044E+02
    98    0.20525E+01    0.36594E+02
    99    0.20735E+01    0.37484E+02
   100    0.20944E+01    0.38142E+02
   101    0.21153E+01    0.38409E+02
   102    0.21363E+01    0.39322E+02
   103    0.21572E+01    0.39834E+02
   104    0.21782E+01    0.40713E+02
   105    0.21991E+01    0.40959E+02
   106    0.22201E+01    0.41704E+02
   107    0.22410E+01    0.42167E+02
   108    0.22619E+01    0.42732E+02
   109    0.22829E+01    0.42951E+02
   110    0.23038E+01    0.43312E+02
   111    0.23248E+01    0.43661E+02
   112    0.23457E+01    0.44367E+02
   113    0.23667E+01    0.44500E+02
   114    0.23876E+01    0.44569E+02
   115    0.24086E+01    0.45254E+02
   116    0.24295E+01    0.45828E+02
   117    0.24504E+01    0.45741E+02
   118    0.24714E+01    0.45598E+02
   119    0.24923E+01    0.46317E+02
   120    0.25133E+01    0.46062E+02
   121    0.25342E+01    0.46224E+02
   122    0.25552E+01    0.46261E+02
   123    0.25761E+01    0.45830E+02
   124    0.25970E+01    0.45852E+02
   125    0.26180E+01    0.45846E+02
   126    0.26389E+01    0.45858E+02
   127    0.26599E+01    0.45543E+02
   128    0.26808E+01    0.44720E+02
   129    0.27018E+01    0.44621E+02
   130    0.27227E+01    0.44197E+02
   131    0.27437E+01    0.43917E+02
   132    0.27646E+01    0.42995E+02
   133    0.27855E+01    0.42842E+02
   134    0.28065E+01    0.41789E+02
   135    0.28274E+01    0.40965E+02
   136    0.28484E+01    0.40509E+02
   137    0.28693E+01    0.39414E+02
   138    0.28903E+01    0.38967E+02
   139    0.29112E+01    0.38046E+02
   140    0.29322E+01    0.37137E+02
   141    0.29531E+01    0.36268E+02
   142    0.29740E+01    0.35013E+02
   143    0.29950E+01    0.34206E+02
   144    0.30159E+01    0.33043E+02
   145    0.30369E+01    0.32280E+02
   146    0.30578E+01    0.31115E+02
   147    0.30788E+01    0.30247E+02
   148    0.30997E+01    0.29729E+02
   149    0.31206E+01    0.29050E+02
