k[unitless]    k[h/Mpc]    D^2(k)
     1    0.20944E-01    0.20183E+00
     2    0.41888E-01    0.94205E+00
     3    0.62832E-01    0.24131E+01
     4    0.83776E-01    0.37572E+01
     5    0.10472E+00    0.43298E+01
     6    0.12566E+00    0.53309E+01
     7    0.14661E+00    0.61061E+01
     8    0.16755E+00    0.61125E+01
     9    0.18850E+00    0.69954E+01
    10    0.20944E+00    0.72383E+01
    11    0.23038E+00    0.75338E+01
    12    0.25133E+00    0.75029E+01
    13    0.27227E+00    0.74511E+01
    14    0.29322E+00    0.72468E+01
    15    0.31416E+00    0.72279E+01
    16    0.33510E+00    0.76339E+01
    17    0.35605E+00    0.73342E+01
    18    0.37699E+00    0.73302E+01
    19    0.39794E+00    0.72068E+01
    20    0.41888E+00    0.72988E+01
    21    0.43982E+00    0.74439E+01
    22    0.46077E+00    0.73853E+01
    23    0.48171E+00    0.70447E+01
    24    0.50265E+00    0.68992E+01
    25    0.52360E+00    0.70013E+01
    26    0.54454E+00    0.69971E+01
    27    0.56549E+00    0.70286E+01
    28    0.58643E+00    0.69074E+01
    29    0.60737E+00    0.69648E+01
    30    0.62832E+00    0.66060E+01
    31    0.64926E+00    0.66333E+01
    32    0.67021E+00    0.66297E+01
    33    0.69115E+00    0.66197E+01
    34    0.71209E+00    0.62362E+01
    35    0.73304E+00    0.62128E+01
    36    0.75398E+00    0.61801E+01
    37    0.77493E+00    0.61707E+01
    38    0.79587E+00    0.62835E+01
    39    0.81681E+00    0.60668E+01
    40    0.83776E+00    0.59538E+01
    41    0.85870E+00    0.59530E+01
    42    0.87965E+00    0.59401E+01
    43    0.90059E+00    0.59340E+01
    44    0.92153E+00    0.58564E+01
    45    0.94248E+00    0.57614E+01
    46    0.96342E+00    0.57704E+01
    47    0.98437E+00    0.58712E+01
    48    0.10053E+01    0.57620E+01
    49    0.10263E+01    0.58032E+01
    50    0.10472E+01    0.57649E+01
    51    0.10681E+01    0.58252E+01
    52    0.10891E+01    0.57109E+01
    53    0.11100E+01    0.58461E+01
    54    0.11310E+01    0.58007E+01
    55    0.11519E+01    0.57430E+01
    56    0.11729E+01    0.58933E+01
    57    0.11938E+01    0.58700E+01
    58    0.12147E+01    0.60385E+01
    59    0.12357E+01    0.61473E+01
    60    0.12566E+01    0.60074E+01
    61    0.12776E+01    0.62223E+01
    62    0.12985E+01    0.62016E+01
    63    0.13195E+01    0.63658E+01
    64    0.13404E+01    0.64501E+01
    65    0.13614E+01    0.65045E+01
    66    0.13823E+01    0.66492E+01
    67    0.14032E+01    0.67266E+01
    68    0.14242E+01    0.68596E+01
    69    0.14451E+01    0.69694E+01
    70    0.14661E+01    0.70911E+01
    71    0.14870E+01    0.71501E+01
    72    0.15080E+01    0.72863E+01
    73    0.15289E+01    0.74755E+01
    74    0.15499E+01    0.76551E+01
    75    0.15708E+01    0.77959E+01
    76    0.15917E+01    0.79419E+01
    77    0.16127E+01    0.81844E+01
    78    0.16336E+01    0.83230E+01
    79    0.16546E+01    0.84775E+01
    80    0.16755E+01    0.85942E+01
    81    0.16965E+01    0.87773E+01
    82    0.17174E+01    0.89739E+01
    83    0.17383E+01    0.91307E+01
    84    0.17593E+01    0.94075E+01
    85    0.17802E+01    0.96157E+01
    86    0.18012E+01    0.96196E+01
    87    0.18221E+01    0.99093E+01
    88    0.18431E+01    0.10083E+02
    89    0.18640E+01    0.10342E+02
    90    0.18850E+01    0.10383E+02
    91    0.19059E+01    0.10526E+02
    92    0.19268E+01    0.10762E+02
    93    0.19478E+01    0.10995E+02
    94    0.19687E+01    0.11164E+02
    95    0.19897E+01    0.11305E+02
    96    0.20106E+01    0.11568E+02
    97    0.20316E+01    0.11729E+02
    98    0.20525E+01    0.11800E+02
    99    0.20735E+01    0.12054E+02
   100    0.20944E+01    0.12214E+02
   101    0.21153E+01    0.12276E+02
   102    0.21363E+01    0.12558E+02
   103    0.21572E+01    0.12664E+02
   104    0.21782E+01    0.12809E+02
   105    0.21991E+01    0.12948E+02
   106    0.22201E+01    0.13013E+02
   107    0.22410E+01    0.13144E+02
   108    0.22619E+01    0.13344E+02
   109    0.22829E+01    0.13545E+02
   110    0.23038E+01    0.13482E+02
   111    0.23248E+01    0.13679E+02
   112    0.23457E+01    0.13760E+02
   113    0.23667E+01    0.13800E+02
   114    0.23876E+01    0.13857E+02
   115    0.24086E+01    0.13892E+02
   116    0.24295E+01    0.13974E+02
   117    0.24504E+01    0.14106E+02
   118    0.24714E+01    0.14034E+02
   119    0.24923E+01    0.14109E+02
   120    0.25133E+01    0.14074E+02
   121    0.25342E+01    0.14093E+02
   122    0.25552E+01    0.14101E+02
   123    0.25761E+01    0.14026E+02
   124    0.25970E+01    0.14041E+02
   125    0.26180E+01    0.13994E+02
   126    0.26389E+01    0.13977E+02
   127    0.26599E+01    0.13753E+02
   128    0.26808E+01    0.13714E+02
   129    0.27018E+01    0.13694E+02
   130    0.27227E+01    0.13626E+02
   131    0.27437E+01    0.13465E+02
   132    0.27646E+01    0.13287E+02
   133    0.27855E+01    0.13175E+02
   134    0.28065E+01    0.13061E+02
   135    0.28274E+01    0.12778E+02
   136    0.28484E+01    0.12631E+02
   137    0.28693E+01    0.12455E+02
   138    0.28903E+01    0.12249E+02
   139    0.29112E+01    0.12052E+02
   140    0.29322E+01    0.11880E+02
   141    0.29531E+01    0.11645E+02
   142    0.29740E+01    0.11458E+02
   143    0.29950E+01    0.11264E+02
   144    0.30159E+01    0.11058E+02
   145    0.30369E+01    0.10884E+02
   146    0.30578E+01    0.10682E+02
   147    0.30788E+01    0.10526E+02
   148    0.30997E+01    0.10458E+02
   149    0.31206E+01    0.10372E+02
