k[unitless]    k[h/Mpc]    D^2(k)
     1    0.20944E-01    0.18077E+00
     2    0.41888E-01    0.84997E+00
     3    0.62832E-01    0.22416E+01
     4    0.83776E-01    0.36416E+01
     5    0.10472E+00    0.42587E+01
     6    0.12566E+00    0.54258E+01
     7    0.14661E+00    0.63509E+01
     8    0.16755E+00    0.65166E+01
     9    0.18850E+00    0.76085E+01
    10    0.20944E+00    0.80019E+01
    11    0.23038E+00    0.84364E+01
    12    0.25133E+00    0.83365E+01
    13    0.27227E+00    0.84318E+01
    14    0.29322E+00    0.82380E+01
    15    0.31416E+00    0.83003E+01
    16    0.33510E+00    0.87022E+01
    17    0.35605E+00    0.85104E+01
    18    0.37699E+00    0.85072E+01
    19    0.39794E+00    0.82796E+01
    20    0.41888E+00    0.85602E+01
    21    0.43982E+00    0.86077E+01
    22    0.46077E+00    0.85220E+01
    23    0.48171E+00    0.82351E+01
    24    0.50265E+00    0.81616E+01
    25    0.52360E+00    0.82126E+01
    26    0.54454E+00    0.83090E+01
    27    0.56549E+00    0.82214E+01
    28    0.58643E+00    0.81106E+01
    29    0.60737E+00    0.81496E+01
    30    0.62832E+00    0.78598E+01
    31    0.64926E+00    0.77788E+01
    32    0.67021E+00    0.78162E+01
    33    0.69115E+00    0.78134E+01
    34    0.71209E+00    0.73852E+01
    35    0.73304E+00    0.73066E+01
    36    0.75398E+00    0.72731E+01
    37    0.77493E+00    0.72959E+01
    38    0.79587E+00    0.73591E+01
    39    0.81681E+00    0.71757E+01
    40    0.83776E+00    0.70300E+01
    41    0.85870E+00    0.70390E+01
    42    0.87965E+00    0.69731E+01
    43    0.90059E+00    0.68901E+01
    44    0.92153E+00    0.68821E+01
    45    0.94248E+00    0.67921E+01
    46    0.96342E+00    0.67660E+01
    47    0.98437E+00    0.68624E+01
    48    0.10053E+01    0.67832E+01
    49    0.10263E+01    0.67939E+01
    50    0.10472E+01    0.67745E+01
    51    0.10681E+01    0.67709E+01
    52    0.10891E+01    0.67277E+01
    53    0.11100E+01    0.68654E+01
    54    0.11310E+01    0.68081E+01
    55    0.11519E+01    0.67601E+01
    56    0.11729E+01    0.68410E+01
    57    0.11938E+01    0.68968E+01
    58    0.12147E+01    0.69996E+01
    59    0.12357E+01    0.72113E+01
    60    0.12566E+01    0.70818E+01
    61    0.12776E+01    0.73121E+01
    62    0.12985E+01    0.72482E+01
    63    0.13195E+01    0.74712E+01
    64    0.13404E+01    0.75976E+01
    65    0.13614E+01    0.76809E+01
    66    0.13823E+01    0.78273E+01
    67    0.14032E+01    0.79513E+01
    68    0.14242E+01    0.80895E+01
    69    0.14451E+01    0.81811E+01
    70    0.14661E+01    0.83644E+01
    71    0.14870E+01    0.84756E+01
    72    0.15080E+01    0.86463E+01
    73    0.15289E+01    0.88886E+01
    74    0.15499E+01    0.91423E+01
    75    0.15708E+01    0.92720E+01
    76    0.15917E+01    0.94670E+01
    77    0.16127E+01    0.96734E+01
    78    0.16336E+01    0.99272E+01
    79    0.16546E+01    0.10170E+02
    80    0.16755E+01    0.10340E+02
    81    0.16965E+01    0.10554E+02
    82    0.17174E+01    0.10768E+02
    83    0.17383E+01    0.11008E+02
    84    0.17593E+01    0.11316E+02
    85    0.17802E+01    0.11632E+02
    86    0.18012E+01    0.11673E+02
    87    0.18221E+01    0.11971E+02
    88    0.18431E+01    0.12162E+02
    89    0.18640E+01    0.12586E+02
    90    0.18850E+01    0.12657E+02
    91    0.19059E+01    0.12802E+02
    92    0.19268E+01    0.13058E+02
    93    0.19478E+01    0.13423E+02
    94    0.19687E+01    0.13556E+02
    95    0.19897E+01    0.13850E+02
    96    0.20106E+01    0.14151E+02
    97    0.20316E+01    0.14357E+02
    98    0.20525E+01    0.14500E+02
    99    0.20735E+01    0.14693E+02
   100    0.20944E+01    0.15032E+02
   101    0.21153E+01    0.15045E+02
   102    0.21363E+01    0.15433E+02
   103    0.21572E+01    0.15545E+02
   104    0.21782E+01    0.15713E+02
   105    0.21991E+01    0.15955E+02
   106    0.22201E+01    0.16024E+02
   107    0.22410E+01    0.16194E+02
   108    0.22619E+01    0.16559E+02
   109    0.22829E+01    0.16721E+02
   110    0.23038E+01    0.16683E+02
   111    0.23248E+01    0.16909E+02
   112    0.23457E+01    0.17034E+02
   113    0.23667E+01    0.17046E+02
   114    0.23876E+01    0.17224E+02
   115    0.24086E+01    0.17223E+02
   116    0.24295E+01    0.17392E+02
   117    0.24504E+01    0.17489E+02
   118    0.24714E+01    0.17434E+02
   119    0.24923E+01    0.17553E+02
   120    0.25133E+01    0.17488E+02
   121    0.25342E+01    0.17552E+02
   122    0.25552E+01    0.17472E+02
   123    0.25761E+01    0.17439E+02
   124    0.25970E+01    0.17483E+02
   125    0.26180E+01    0.17447E+02
   126    0.26389E+01    0.17434E+02
   127    0.26599E+01    0.17049E+02
   128    0.26808E+01    0.17059E+02
   129    0.27018E+01    0.17020E+02
   130    0.27227E+01    0.16935E+02
   131    0.27437E+01    0.16800E+02
   132    0.27646E+01    0.16500E+02
   133    0.27855E+01    0.16386E+02
   134    0.28065E+01    0.16198E+02
   135    0.28274E+01    0.15847E+02
   136    0.28484E+01    0.15705E+02
   137    0.28693E+01    0.15441E+02
   138    0.28903E+01    0.15155E+02
   139    0.29112E+01    0.14920E+02
   140    0.29322E+01    0.14704E+02
   141    0.29531E+01    0.14439E+02
   142    0.29740E+01    0.14145E+02
   143    0.29950E+01    0.13920E+02
   144    0.30159E+01    0.13640E+02
   145    0.30369E+01    0.13369E+02
   146    0.30578E+01    0.13090E+02
   147    0.30788E+01    0.12923E+02
   148    0.30997E+01    0.12801E+02
   149    0.31206E+01    0.12727E+02
