k[unitless]    k[h/Mpc]    D^2(k)
     1    0.20944E-01    0.21736E+00
     2    0.41888E-01    0.98745E+00
     3    0.62832E-01    0.24273E+01
     4    0.83776E-01    0.35098E+01
     5    0.10472E+00    0.40204E+01
     6    0.12566E+00    0.47416E+01
     7    0.14661E+00    0.52974E+01
     8    0.16755E+00    0.51895E+01
     9    0.18850E+00    0.57772E+01
    10    0.20944E+00    0.58571E+01
    11    0.23038E+00    0.60186E+01
    12    0.25133E+00    0.60995E+01
    13    0.27227E+00    0.58897E+01
    14    0.29322E+00    0.58721E+01
    15    0.31416E+00    0.57286E+01
    16    0.33510E+00    0.60309E+01
    17    0.35605E+00    0.57374E+01
    18    0.37699E+00    0.57411E+01
    19    0.39794E+00    0.56589E+01
    20    0.41888E+00    0.56725E+01
    21    0.43982E+00    0.58571E+01
    22    0.46077E+00    0.57790E+01
    23    0.48171E+00    0.53837E+01
    24    0.50265E+00    0.52725E+01
    25    0.52360E+00    0.53641E+01
    26    0.54454E+00    0.53801E+01
    27    0.56549E+00    0.54085E+01
    28    0.58643E+00    0.53166E+01
    29    0.60737E+00    0.53581E+01
    30    0.62832E+00    0.50940E+01
    31    0.64926E+00    0.51519E+01
    32    0.67021E+00    0.51022E+01
    33    0.69115E+00    0.50287E+01
    34    0.71209E+00    0.48164E+01
    35    0.73304E+00    0.48334E+01
    36    0.75398E+00    0.47945E+01
    37    0.77493E+00    0.47677E+01
    38    0.79587E+00    0.48220E+01
    39    0.81681E+00    0.47002E+01
    40    0.83776E+00    0.46051E+01
    41    0.85870E+00    0.45742E+01
    42    0.87965E+00    0.45490E+01
    43    0.90059E+00    0.45904E+01
    44    0.92153E+00    0.45290E+01
    45    0.94248E+00    0.44881E+01
    46    0.96342E+00    0.44625E+01
    47    0.98437E+00    0.45278E+01
    48    0.10053E+01    0.44434E+01
    49    0.10263E+01    0.45420E+01
    50    0.10472E+01    0.44703E+01
    51    0.10681E+01    0.45209E+01
    52    0.10891E+01    0.44885E+01
    53    0.11100E+01    0.45606E+01
    54    0.11310E+01    0.45234E+01
    55    0.11519E+01    0.44594E+01
    56    0.11729E+01    0.45726E+01
    57    0.11938E+01    0.46060E+01
    58    0.12147E+01    0.47087E+01
    59    0.12357E+01    0.46992E+01
    60    0.12566E+01    0.46988E+01
    61    0.12776E+01    0.47770E+01
    62    0.12985E+01    0.48532E+01
    63    0.13195E+01    0.49253E+01
    64    0.13404E+01    0.49912E+01
    65    0.13614E+01    0.50417E+01
    66    0.13823E+01    0.51782E+01
    67    0.14032E+01    0.52022E+01
    68    0.14242E+01    0.52584E+01
    69    0.14451E+01    0.53749E+01
    70    0.14661E+01    0.54472E+01
    71    0.14870E+01    0.55252E+01
    72    0.15080E+01    0.56336E+01
    73    0.15289E+01    0.57215E+01
    74    0.15499E+01    0.58380E+01
    75    0.15708E+01    0.59628E+01
    76    0.15917E+01    0.60794E+01
    77    0.16127E+01    0.62119E+01
    78    0.16336E+01    0.62751E+01
    79    0.16546E+01    0.64066E+01
    80    0.16755E+01    0.64766E+01
    81    0.16965E+01    0.66016E+01
    82    0.17174E+01    0.67595E+01
    83    0.17383E+01    0.68415E+01
    84    0.17593E+01    0.70462E+01
    85    0.17802E+01    0.71990E+01
    86    0.18012E+01    0.71904E+01
    87    0.18221E+01    0.73931E+01
    88    0.18431E+01    0.75486E+01
    89    0.18640E+01    0.76742E+01
    90    0.18850E+01    0.77224E+01
    91    0.19059E+01    0.78640E+01
    92    0.19268E+01    0.79963E+01
    93    0.19478E+01    0.81734E+01
    94    0.19687E+01    0.82736E+01
    95    0.19897E+01    0.83582E+01
    96    0.20106E+01    0.85119E+01
    97    0.20316E+01    0.86010E+01
    98    0.20525E+01    0.87369E+01
    99    0.20735E+01    0.88579E+01
   100    0.20944E+01    0.89642E+01
   101    0.21153E+01    0.89708E+01
   102    0.21363E+01    0.91625E+01
   103    0.21572E+01    0.92449E+01
   104    0.21782E+01    0.93827E+01
   105    0.21991E+01    0.94332E+01
   106    0.22201E+01    0.95062E+01
   107    0.22410E+01    0.95746E+01
   108    0.22619E+01    0.96865E+01
   109    0.22829E+01    0.98450E+01
   110    0.23038E+01    0.98359E+01
   111    0.23248E+01    0.99066E+01
   112    0.23457E+01    0.99452E+01
   113    0.23667E+01    0.99814E+01
   114    0.23876E+01    0.10101E+02
   115    0.24086E+01    0.10060E+02
   116    0.24295E+01    0.10100E+02
   117    0.24504E+01    0.10162E+02
   118    0.24714E+01    0.10185E+02
   119    0.24923E+01    0.10170E+02
   120    0.25133E+01    0.10105E+02
   121    0.25342E+01    0.10139E+02
   122    0.25552E+01    0.10194E+02
   123    0.25761E+01    0.10131E+02
   124    0.25970E+01    0.10093E+02
   125    0.26180E+01    0.10070E+02
   126    0.26389E+01    0.10051E+02
   127    0.26599E+01    0.99659E+01
   128    0.26808E+01    0.98431E+01
   129    0.27018E+01    0.98451E+01
   130    0.27227E+01    0.97629E+01
   131    0.27437E+01    0.96675E+01
   132    0.27646E+01    0.95717E+01
   133    0.27855E+01    0.94637E+01
   134    0.28065E+01    0.94266E+01
   135    0.28274E+01    0.92271E+01
   136    0.28484E+01    0.91108E+01
   137    0.28693E+01    0.90069E+01
   138    0.28903E+01    0.88363E+01
   139    0.29112E+01    0.87075E+01
   140    0.29322E+01    0.85671E+01
   141    0.29531E+01    0.84282E+01
   142    0.29740E+01    0.82938E+01
   143    0.29950E+01    0.81463E+01
   144    0.30159E+01    0.80201E+01
   145    0.30369E+01    0.79351E+01
   146    0.30578E+01    0.78032E+01
   147    0.30788E+01    0.77111E+01
   148    0.30997E+01    0.76233E+01
   149    0.31206E+01    0.75821E+01
