k[unitless]    k[h/Mpc]    D^2(k)
     1    0.20944E-01    0.47687E-01
     2    0.41888E-01    0.24379E+00
     3    0.62832E-01    0.62517E+00
     4    0.83776E-01    0.10136E+01
     5    0.10472E+00    0.14488E+01
     6    0.12566E+00    0.20231E+01
     7    0.14661E+00    0.25135E+01
     8    0.16755E+00    0.28998E+01
     9    0.18850E+00    0.35334E+01
    10    0.20944E+00    0.40011E+01
    11    0.23038E+00    0.43850E+01
    12    0.25133E+00    0.51762E+01
    13    0.27227E+00    0.56295E+01
    14    0.29322E+00    0.59776E+01
    15    0.31416E+00    0.65074E+01
    16    0.33510E+00    0.69739E+01
    17    0.35605E+00    0.72839E+01
    18    0.37699E+00    0.79009E+01
    19    0.39794E+00    0.86746E+01
    20    0.41888E+00    0.87285E+01
    21    0.43982E+00    0.92198E+01
    22    0.46077E+00    0.97183E+01
    23    0.48171E+00    0.10215E+02
    24    0.50265E+00    0.10597E+02
    25    0.52360E+00    0.10691E+02
    26    0.54454E+00    0.11296E+02
    27    0.56549E+00    0.11937E+02
    28    0.58643E+00    0.12062E+02
    29    0.60737E+00    0.12457E+02
    30    0.62832E+00    0.13010E+02
    31    0.64926E+00    0.13257E+02
    32    0.67021E+00    0.13673E+02
    33    0.69115E+00    0.14173E+02
    34    0.71209E+00    0.14316E+02
    35    0.73304E+00    0.14672E+02
    36    0.75398E+00    0.15159E+02
    37    0.77493E+00    0.15292E+02
    38    0.79587E+00    0.15753E+02
    39    0.81681E+00    0.15897E+02
    40    0.83776E+00    0.16367E+02
    41    0.85870E+00    0.16498E+02
    42    0.87965E+00    0.16880E+02
    43    0.90059E+00    0.17204E+02
    44    0.92153E+00    0.17609E+02
    45    0.94248E+00    0.17906E+02
    46    0.96342E+00    0.17876E+02
    47    0.98437E+00    0.18460E+02
    48    0.10053E+01    0.18760E+02
    49    0.10263E+01    0.18764E+02
    50    0.10472E+01    0.18917E+02
    51    0.10681E+01    0.19186E+02
    52    0.10891E+01    0.19591E+02
    53    0.11100E+01    0.19603E+02
    54    0.11310E+01    0.20022E+02
    55    0.11519E+01    0.20407E+02
    56    0.11729E+01    0.20537E+02
    57    0.11938E+01    0.20838E+02
    58    0.12147E+01    0.20785E+02
    59    0.12357E+01    0.21219E+02
    60    0.12566E+01    0.21350E+02
    61    0.12776E+01    0.21524E+02
    62    0.12985E+01    0.21852E+02
    63    0.13195E+01    0.21888E+02
    64    0.13404E+01    0.22159E+02
    65    0.13614E+01    0.22338E+02
    66    0.13823E+01    0.22393E+02
    67    0.14032E+01    0.22680E+02
    68    0.14242E+01    0.22928E+02
    69    0.14451E+01    0.23190E+02
    70    0.14661E+01    0.23260E+02
    71    0.14870E+01    0.23210E+02
    72    0.15080E+01    0.23595E+02
    73    0.15289E+01    0.23778E+02
    74    0.15499E+01    0.23899E+02
    75    0.15708E+01    0.24155E+02
    76    0.15917E+01    0.24301E+02
    77    0.16127E+01    0.24402E+02
    78    0.16336E+01    0.24735E+02
    79    0.16546E+01    0.25025E+02
    80    0.16755E+01    0.25098E+02
    81    0.16965E+01    0.25266E+02
    82    0.17174E+01    0.25129E+02
    83    0.17383E+01    0.25530E+02
    84    0.17593E+01    0.25408E+02
    85    0.17802E+01    0.25638E+02
    86    0.18012E+01    0.25837E+02
    87    0.18221E+01    0.26081E+02
    88    0.18431E+01    0.26262E+02
    89    0.18640E+01    0.26422E+02
    90    0.18850E+01    0.26584E+02
    91    0.19059E+01    0.26466E+02
    92    0.19268E+01    0.26671E+02
    93    0.19478E+01    0.26878E+02
    94    0.19687E+01    0.26948E+02
    95    0.19897E+01    0.27267E+02
    96    0.20106E+01    0.27634E+02
    97    0.20316E+01    0.27329E+02
    98    0.20525E+01    0.27456E+02
    99    0.20735E+01    0.27516E+02
   100    0.20944E+01    0.27673E+02
   101    0.21153E+01    0.27584E+02
   102    0.21363E+01    0.27994E+02
   103    0.21572E+01    0.27830E+02
   104    0.21782E+01    0.28189E+02
   105    0.21991E+01    0.28139E+02
   106    0.22201E+01    0.28235E+02
   107    0.22410E+01    0.28280E+02
   108    0.22619E+01    0.28454E+02
   109    0.22829E+01    0.28216E+02
   110    0.23038E+01    0.28192E+02
   111    0.23248E+01    0.28071E+02
   112    0.23457E+01    0.28285E+02
   113    0.23667E+01    0.28354E+02
   114    0.23876E+01    0.28112E+02
   115    0.24086E+01    0.28138E+02
   116    0.24295E+01    0.28207E+02
   117    0.24504E+01    0.28260E+02
   118    0.24714E+01    0.27830E+02
   119    0.24923E+01    0.28112E+02
   120    0.25133E+01    0.28126E+02
   121    0.25342E+01    0.27616E+02
   122    0.25552E+01    0.27659E+02
   123    0.25761E+01    0.27493E+02
   124    0.25970E+01    0.27292E+02
   125    0.26180E+01    0.27118E+02
   126    0.26389E+01    0.27215E+02
   127    0.26599E+01    0.26739E+02
   128    0.26808E+01    0.26373E+02
   129    0.27018E+01    0.26234E+02
   130    0.27227E+01    0.26021E+02
   131    0.27437E+01    0.25796E+02
   132    0.27646E+01    0.25408E+02
   133    0.27855E+01    0.25462E+02
   134    0.28065E+01    0.24946E+02
   135    0.28274E+01    0.24581E+02
   136    0.28484E+01    0.24404E+02
   137    0.28693E+01    0.23887E+02
   138    0.28903E+01    0.23767E+02
   139    0.29112E+01    0.23373E+02
   140    0.29322E+01    0.23071E+02
   141    0.29531E+01    0.22636E+02
   142    0.29740E+01    0.22354E+02
   143    0.29950E+01    0.21933E+02
   144    0.30159E+01    0.21711E+02
   145    0.30369E+01    0.21428E+02
   146    0.30578E+01    0.20959E+02
   147    0.30788E+01    0.20660E+02
   148    0.30997E+01    0.20550E+02
   149    0.31206E+01    0.20372E+02
