k[unitless]    k[h/Mpc]    D^2(k)
     1    0.20944E-01    0.13097E-02
     2    0.41888E-01    0.44326E-02
     3    0.62832E-01    0.94454E-02
     4    0.83776E-01    0.18723E-01
     5    0.10472E+00    0.32691E-01
     6    0.12566E+00    0.33197E-01
     7    0.14661E+00    0.34394E-01
     8    0.16755E+00    0.37039E-01
     9    0.18850E+00    0.40995E-01
    10    0.20944E+00    0.44383E-01
    11    0.23038E+00    0.48895E-01
    12    0.25133E+00    0.53965E-01
    13    0.27227E+00    0.57323E-01
    14    0.29322E+00    0.55393E-01
    15    0.31416E+00    0.54599E-01
    16    0.33510E+00    0.56892E-01
    17    0.35605E+00    0.60107E-01
    18    0.37699E+00    0.56041E-01
    19    0.39794E+00    0.57096E-01
    20    0.41888E+00    0.59484E-01
    21    0.43982E+00    0.63302E-01
    22    0.46077E+00    0.61416E-01
    23    0.48171E+00    0.56191E-01
    24    0.50265E+00    0.54099E-01
    25    0.52360E+00    0.56682E-01
    26    0.54454E+00    0.54696E-01
    27    0.56549E+00    0.53738E-01
    28    0.58643E+00    0.52313E-01
    29    0.60737E+00    0.52176E-01
    30    0.62832E+00    0.52203E-01
    31    0.64926E+00    0.53611E-01
    32    0.67021E+00    0.51906E-01
    33    0.69115E+00    0.49431E-01
    34    0.71209E+00    0.47821E-01
    35    0.73304E+00    0.48189E-01
    36    0.75398E+00    0.48860E-01
    37    0.77493E+00    0.48642E-01
    38    0.79587E+00    0.47819E-01
    39    0.81681E+00    0.45901E-01
    40    0.83776E+00    0.46068E-01
    41    0.85870E+00    0.46734E-01
    42    0.87965E+00    0.46757E-01
    43    0.90059E+00    0.45293E-01
    44    0.92153E+00    0.46103E-01
    45    0.94248E+00    0.46809E-01
    46    0.96342E+00    0.48102E-01
    47    0.98437E+00    0.47598E-01
    48    0.10053E+01    0.46759E-01
    49    0.10263E+01    0.46159E-01
    50    0.10472E+01    0.45623E-01
    51    0.10681E+01    0.47324E-01
    52    0.10891E+01    0.46452E-01
    53    0.11100E+01    0.46211E-01
    54    0.11310E+01    0.47321E-01
    55    0.11519E+01    0.48301E-01
    56    0.11729E+01    0.48201E-01
    57    0.11938E+01    0.48156E-01
    58    0.12147E+01    0.48414E-01
    59    0.12357E+01    0.48272E-01
    60    0.12566E+01    0.47953E-01
    61    0.12776E+01    0.47946E-01
    62    0.12985E+01    0.48019E-01
    63    0.13195E+01    0.48041E-01
    64    0.13404E+01    0.48426E-01
    65    0.13614E+01    0.47517E-01
    66    0.13823E+01    0.48131E-01
    67    0.14032E+01    0.49139E-01
    68    0.14242E+01    0.49815E-01
    69    0.14451E+01    0.50317E-01
    70    0.14661E+01    0.50428E-01
    71    0.14870E+01    0.50704E-01
    72    0.15080E+01    0.50436E-01
    73    0.15289E+01    0.51138E-01
    74    0.15499E+01    0.51320E-01
    75    0.15708E+01    0.51282E-01
    76    0.15917E+01    0.51853E-01
    77    0.16127E+01    0.52858E-01
    78    0.16336E+01    0.53429E-01
    79    0.16546E+01    0.52975E-01
    80    0.16755E+01    0.53326E-01
    81    0.16965E+01    0.54004E-01
    82    0.17174E+01    0.54014E-01
    83    0.17383E+01    0.54200E-01
    84    0.17593E+01    0.54585E-01
    85    0.17802E+01    0.55573E-01
    86    0.18012E+01    0.57100E-01
    87    0.18221E+01    0.57547E-01
    88    0.18431E+01    0.57591E-01
    89    0.18640E+01    0.58550E-01
    90    0.18850E+01    0.59160E-01
    91    0.19059E+01    0.59623E-01
    92    0.19268E+01    0.59641E-01
    93    0.19478E+01    0.60915E-01
    94    0.19687E+01    0.61428E-01
    95    0.19897E+01    0.61905E-01
    96    0.20106E+01    0.62207E-01
    97    0.20316E+01    0.61724E-01
    98    0.20525E+01    0.62335E-01
    99    0.20735E+01    0.63084E-01
   100    0.20944E+01    0.64354E-01
   101    0.21153E+01    0.64707E-01
   102    0.21363E+01    0.65104E-01
   103    0.21572E+01    0.64877E-01
   104    0.21782E+01    0.65427E-01
   105    0.21991E+01    0.65274E-01
   106    0.22201E+01    0.65659E-01
   107    0.22410E+01    0.65977E-01
   108    0.22619E+01    0.66305E-01
   109    0.22829E+01    0.66132E-01
   110    0.23038E+01    0.66656E-01
   111    0.23248E+01    0.66765E-01
   112    0.23457E+01    0.66452E-01
   113    0.23667E+01    0.66517E-01
   114    0.23876E+01    0.66983E-01
   115    0.24086E+01    0.67318E-01
   116    0.24295E+01    0.67943E-01
   117    0.24504E+01    0.68228E-01
   118    0.24714E+01    0.68251E-01
   119    0.24923E+01    0.68251E-01
   120    0.25133E+01    0.68546E-01
   121    0.25342E+01    0.68748E-01
   122    0.25552E+01    0.68273E-01
   123    0.25761E+01    0.67984E-01
   124    0.25970E+01    0.67852E-01
   125    0.26180E+01    0.66747E-01
   126    0.26389E+01    0.66373E-01
   127    0.26599E+01    0.66389E-01
   128    0.26808E+01    0.66260E-01
   129    0.27018E+01    0.66032E-01
   130    0.27227E+01    0.65763E-01
   131    0.27437E+01    0.66128E-01
   132    0.27646E+01    0.65744E-01
   133    0.27855E+01    0.64939E-01
   134    0.28065E+01    0.63964E-01
   135    0.28274E+01    0.63986E-01
   136    0.28484E+01    0.63274E-01
   137    0.28693E+01    0.62966E-01
   138    0.28903E+01    0.62034E-01
   139    0.29112E+01    0.61430E-01
   140    0.29322E+01    0.60941E-01
   141    0.29531E+01    0.60287E-01
   142    0.29740E+01    0.59436E-01
   143    0.29950E+01    0.59017E-01
   144    0.30159E+01    0.58721E-01
   145    0.30369E+01    0.57933E-01
   146    0.30578E+01    0.57537E-01
   147    0.30788E+01    0.57458E-01
   148    0.30997E+01    0.56984E-01
   149    0.31206E+01    0.56514E-01
