k[unitless]    k[h/Mpc]    D^2(k)
     1    0.20944E-01    0.67815E-01
     2    0.41888E-01    0.23597E+00
     3    0.62832E-01    0.44286E+00
     4    0.83776E-01    0.54601E+00
     5    0.10472E+00    0.85464E+00
     6    0.12566E+00    0.91400E+00
     7    0.14661E+00    0.94767E+00
     8    0.16755E+00    0.92207E+00
     9    0.18850E+00    0.98591E+00
    10    0.20944E+00    0.10148E+01
    11    0.23038E+00    0.10750E+01
    12    0.25133E+00    0.10020E+01
    13    0.27227E+00    0.10340E+01
    14    0.29322E+00    0.99600E+00
    15    0.31416E+00    0.98560E+00
    16    0.33510E+00    0.99236E+00
    17    0.35605E+00    0.98293E+00
    18    0.37699E+00    0.98006E+00
    19    0.39794E+00    0.98244E+00
    20    0.41888E+00    0.98677E+00
    21    0.43982E+00    0.97445E+00
    22    0.46077E+00    0.93399E+00
    23    0.48171E+00    0.94268E+00
    24    0.50265E+00    0.91890E+00
    25    0.52360E+00    0.89728E+00
    26    0.54454E+00    0.87278E+00
    27    0.56549E+00    0.88771E+00
    28    0.58643E+00    0.84939E+00
    29    0.60737E+00    0.87890E+00
    30    0.62832E+00    0.84984E+00
    31    0.64926E+00    0.83639E+00
    32    0.67021E+00    0.83403E+00
    33    0.69115E+00    0.82441E+00
    34    0.71209E+00    0.81680E+00
    35    0.73304E+00    0.78414E+00
    36    0.75398E+00    0.80745E+00
    37    0.77493E+00    0.79694E+00
    38    0.79587E+00    0.78291E+00
    39    0.81681E+00    0.79229E+00
    40    0.83776E+00    0.77646E+00
    41    0.85870E+00    0.78769E+00
    42    0.87965E+00    0.77292E+00
    43    0.90059E+00    0.76675E+00
    44    0.92153E+00    0.77310E+00
    45    0.94248E+00    0.76877E+00
    46    0.96342E+00    0.76936E+00
    47    0.98437E+00    0.78171E+00
    48    0.10053E+01    0.78543E+00
    49    0.10263E+01    0.78001E+00
    50    0.10472E+01    0.77398E+00
    51    0.10681E+01    0.77430E+00
    52    0.10891E+01    0.78281E+00
    53    0.11100E+01    0.76651E+00
    54    0.11310E+01    0.77930E+00
    55    0.11519E+01    0.77668E+00
    56    0.11729E+01    0.77695E+00
    57    0.11938E+01    0.78240E+00
    58    0.12147E+01    0.78793E+00
    59    0.12357E+01    0.79779E+00
    60    0.12566E+01    0.79611E+00
    61    0.12776E+01    0.80865E+00
    62    0.12985E+01    0.81369E+00
    63    0.13195E+01    0.81730E+00
    64    0.13404E+01    0.82521E+00
    65    0.13614E+01    0.82732E+00
    66    0.13823E+01    0.84020E+00
    67    0.14032E+01    0.84360E+00
    68    0.14242E+01    0.85331E+00
    69    0.14451E+01    0.86542E+00
    70    0.14661E+01    0.87800E+00
    71    0.14870E+01    0.88382E+00
    72    0.15080E+01    0.89119E+00
    73    0.15289E+01    0.91560E+00
    74    0.15499E+01    0.91808E+00
    75    0.15708E+01    0.92222E+00
    76    0.15917E+01    0.93031E+00
    77    0.16127E+01    0.94826E+00
    78    0.16336E+01    0.96341E+00
    79    0.16546E+01    0.96494E+00
    80    0.16755E+01    0.98655E+00
    81    0.16965E+01    0.10040E+01
    82    0.17174E+01    0.10090E+01
    83    0.17383E+01    0.10198E+01
    84    0.17593E+01    0.10330E+01
    85    0.17802E+01    0.10599E+01
    86    0.18012E+01    0.10625E+01
    87    0.18221E+01    0.10726E+01
    88    0.18431E+01    0.10933E+01
    89    0.18640E+01    0.11077E+01
    90    0.18850E+01    0.11191E+01
    91    0.19059E+01    0.11333E+01
    92    0.19268E+01    0.11416E+01
    93    0.19478E+01    0.11653E+01
    94    0.19687E+01    0.11719E+01
    95    0.19897E+01    0.11801E+01
    96    0.20106E+01    0.11823E+01
    97    0.20316E+01    0.11967E+01
    98    0.20525E+01    0.12063E+01
    99    0.20735E+01    0.12177E+01
   100    0.20944E+01    0.12306E+01
   101    0.21153E+01    0.12289E+01
   102    0.21363E+01    0.12480E+01
   103    0.21572E+01    0.12659E+01
   104    0.21782E+01    0.12588E+01
   105    0.21991E+01    0.12592E+01
   106    0.22201E+01    0.12616E+01
   107    0.22410E+01    0.12811E+01
   108    0.22619E+01    0.12900E+01
   109    0.22829E+01    0.12950E+01
   110    0.23038E+01    0.13005E+01
   111    0.23248E+01    0.12950E+01
   112    0.23457E+01    0.12914E+01
   113    0.23667E+01    0.13017E+01
   114    0.23876E+01    0.13111E+01
   115    0.24086E+01    0.13143E+01
   116    0.24295E+01    0.13126E+01
   117    0.24504E+01    0.13179E+01
   118    0.24714E+01    0.13177E+01
   119    0.24923E+01    0.13093E+01
   120    0.25133E+01    0.13036E+01
   121    0.25342E+01    0.13031E+01
   122    0.25552E+01    0.13007E+01
   123    0.25761E+01    0.12936E+01
   124    0.25970E+01    0.12948E+01
   125    0.26180E+01    0.12947E+01
   126    0.26389E+01    0.12800E+01
   127    0.26599E+01    0.12658E+01
   128    0.26808E+01    0.12630E+01
   129    0.27018E+01    0.12610E+01
   130    0.27227E+01    0.12403E+01
   131    0.27437E+01    0.12372E+01
   132    0.27646E+01    0.12198E+01
   133    0.27855E+01    0.12182E+01
   134    0.28065E+01    0.12012E+01
   135    0.28274E+01    0.12000E+01
   136    0.28484E+01    0.11715E+01
   137    0.28693E+01    0.11566E+01
   138    0.28903E+01    0.11506E+01
   139    0.29112E+01    0.11379E+01
   140    0.29322E+01    0.11166E+01
   141    0.29531E+01    0.11046E+01
   142    0.29740E+01    0.10938E+01
   143    0.29950E+01    0.10758E+01
   144    0.30159E+01    0.10689E+01
   145    0.30369E+01    0.10538E+01
   146    0.30578E+01    0.10459E+01
   147    0.30788E+01    0.10362E+01
   148    0.30997E+01    0.10312E+01
   149    0.31206E+01    0.10258E+01
