k[unitless]    k[h/Mpc]    D^2(k)
     1    0.20944E-01    0.89341E-01
     2    0.41888E-01    0.42020E+00
     3    0.62832E-01    0.11963E+01
     4    0.83776E-01    0.21276E+01
     5    0.10472E+00    0.26211E+01
     6    0.12566E+00    0.36525E+01
     7    0.14661E+00    0.46199E+01
     8    0.16755E+00    0.52594E+01
     9    0.18850E+00    0.64178E+01
    10    0.20944E+00    0.71385E+01
    11    0.23038E+00    0.80321E+01
    12    0.25133E+00    0.82091E+01
    13    0.27227E+00    0.88799E+01
    14    0.29322E+00    0.92598E+01
    15    0.31416E+00    0.96682E+01
    16    0.33510E+00    0.97602E+01
    17    0.35605E+00    0.10193E+02
    18    0.37699E+00    0.10432E+02
    19    0.39794E+00    0.10088E+02
    20    0.41888E+00    0.11269E+02
    21    0.43982E+00    0.11125E+02
    22    0.46077E+00    0.10864E+02
    23    0.48171E+00    0.10790E+02
    24    0.50265E+00    0.11032E+02
    25    0.52360E+00    0.11215E+02
    26    0.54454E+00    0.11468E+02
    27    0.56549E+00    0.11238E+02
    28    0.58643E+00    0.11210E+02
    29    0.60737E+00    0.11455E+02
    30    0.62832E+00    0.11210E+02
    31    0.64926E+00    0.11228E+02
    32    0.67021E+00    0.10974E+02
    33    0.69115E+00    0.10833E+02
    34    0.71209E+00    0.10676E+02
    35    0.73304E+00    0.10662E+02
    36    0.75398E+00    0.10865E+02
    37    0.77493E+00    0.10507E+02
    38    0.79587E+00    0.10532E+02
    39    0.81681E+00    0.10535E+02
    40    0.83776E+00    0.10126E+02
    41    0.85870E+00    0.10321E+02
    42    0.87965E+00    0.10125E+02
    43    0.90059E+00    0.10013E+02
    44    0.92153E+00    0.10140E+02
    45    0.94248E+00    0.10118E+02
    46    0.96342E+00    0.98918E+01
    47    0.98437E+00    0.99795E+01
    48    0.10053E+01    0.99063E+01
    49    0.10263E+01    0.99176E+01
    50    0.10472E+01    0.99360E+01
    51    0.10681E+01    0.99206E+01
    52    0.10891E+01    0.99617E+01
    53    0.11100E+01    0.10094E+02
    54    0.11310E+01    0.10046E+02
    55    0.11519E+01    0.10109E+02
    56    0.11729E+01    0.10205E+02
    57    0.11938E+01    0.10367E+02
    58    0.12147E+01    0.10446E+02
    59    0.12357E+01    0.10564E+02
    60    0.12566E+01    0.10590E+02
    61    0.12776E+01    0.10822E+02
    62    0.12985E+01    0.11031E+02
    63    0.13195E+01    0.11161E+02
    64    0.13404E+01    0.11458E+02
    65    0.13614E+01    0.11598E+02
    66    0.13823E+01    0.11778E+02
    67    0.14032E+01    0.11955E+02
    68    0.14242E+01    0.12275E+02
    69    0.14451E+01    0.12641E+02
    70    0.14661E+01    0.12957E+02
    71    0.14870E+01    0.13164E+02
    72    0.15080E+01    0.13533E+02
    73    0.15289E+01    0.13893E+02
    74    0.15499E+01    0.14218E+02
    75    0.15708E+01    0.14604E+02
    76    0.15917E+01    0.14961E+02
    77    0.16127E+01    0.15436E+02
    78    0.16336E+01    0.15782E+02
    79    0.16546E+01    0.16138E+02
    80    0.16755E+01    0.16560E+02
    81    0.16965E+01    0.17001E+02
    82    0.17174E+01    0.17532E+02
    83    0.17383E+01    0.18001E+02
    84    0.17593E+01    0.18328E+02
    85    0.17802E+01    0.19015E+02
    86    0.18012E+01    0.19213E+02
    87    0.18221E+01    0.19800E+02
    88    0.18431E+01    0.20238E+02
    89    0.18640E+01    0.20838E+02
    90    0.18850E+01    0.21162E+02
    91    0.19059E+01    0.21585E+02
    92    0.19268E+01    0.22028E+02
    93    0.19478E+01    0.22685E+02
    94    0.19687E+01    0.22984E+02
    95    0.19897E+01    0.23684E+02
    96    0.20106E+01    0.24119E+02
    97    0.20316E+01    0.24595E+02
    98    0.20525E+01    0.24929E+02
    99    0.20735E+01    0.25355E+02
   100    0.20944E+01    0.25863E+02
   101    0.21153E+01    0.26111E+02
   102    0.21363E+01    0.26885E+02
   103    0.21572E+01    0.26994E+02
   104    0.21782E+01    0.27386E+02
   105    0.21991E+01    0.27864E+02
   106    0.22201E+01    0.28143E+02
   107    0.22410E+01    0.28455E+02
   108    0.22619E+01    0.28950E+02
   109    0.22829E+01    0.29308E+02
   110    0.23038E+01    0.29475E+02
   111    0.23248E+01    0.29615E+02
   112    0.23457E+01    0.30131E+02
   113    0.23667E+01    0.30365E+02
   114    0.23876E+01    0.30615E+02
   115    0.24086E+01    0.30711E+02
   116    0.24295E+01    0.31095E+02
   117    0.24504E+01    0.30987E+02
   118    0.24714E+01    0.31041E+02
   119    0.24923E+01    0.31394E+02
   120    0.25133E+01    0.31361E+02
   121    0.25342E+01    0.31618E+02
   122    0.25552E+01    0.31351E+02
   123    0.25761E+01    0.31243E+02
   124    0.25970E+01    0.31490E+02
   125    0.26180E+01    0.31393E+02
   126    0.26389E+01    0.31410E+02
   127    0.26599E+01    0.30839E+02
   128    0.26808E+01    0.30516E+02
   129    0.27018E+01    0.30578E+02
   130    0.27227E+01    0.30333E+02
   131    0.27437E+01    0.30166E+02
   132    0.27646E+01    0.29539E+02
   133    0.27855E+01    0.29265E+02
   134    0.28065E+01    0.28933E+02
   135    0.28274E+01    0.28389E+02
   136    0.28484E+01    0.28030E+02
   137    0.28693E+01    0.27459E+02
   138    0.28903E+01    0.27062E+02
   139    0.29112E+01    0.26381E+02
   140    0.29322E+01    0.25928E+02
   141    0.29531E+01    0.25318E+02
   142    0.29740E+01    0.24788E+02
   143    0.29950E+01    0.24105E+02
   144    0.30159E+01    0.23661E+02
   145    0.30369E+01    0.23096E+02
   146    0.30578E+01    0.22372E+02
   147    0.30788E+01    0.21942E+02
   148    0.30997E+01    0.21672E+02
   149    0.31206E+01    0.21368E+02
