k[unitless]    k[h/Mpc]    D^2(k)
     1    0.20944E-01    0.17223E-01
     2    0.41888E-01    0.80532E-01
     3    0.62832E-01    0.26054E+00
     4    0.83776E-01    0.49990E+00
     5    0.10472E+00    0.67512E+00
     6    0.12566E+00    0.10215E+01
     7    0.14661E+00    0.14434E+01
     8    0.16755E+00    0.18614E+01
     9    0.18850E+00    0.23417E+01
    10    0.20944E+00    0.27486E+01
    11    0.23038E+00    0.33804E+01
    12    0.25133E+00    0.37050E+01
    13    0.27227E+00    0.43486E+01
    14    0.29322E+00    0.48291E+01
    15    0.31416E+00    0.53556E+01
    16    0.33510E+00    0.56051E+01
    17    0.35605E+00    0.60917E+01
    18    0.37699E+00    0.66182E+01
    19    0.39794E+00    0.67324E+01
    20    0.41888E+00    0.77218E+01
    21    0.43982E+00    0.77290E+01
    22    0.46077E+00    0.80462E+01
    23    0.48171E+00    0.83811E+01
    24    0.50265E+00    0.86443E+01
    25    0.52360E+00    0.90674E+01
    26    0.54454E+00    0.95536E+01
    27    0.56549E+00    0.98594E+01
    28    0.58643E+00    0.97678E+01
    29    0.60737E+00    0.10072E+02
    30    0.62832E+00    0.10233E+02
    31    0.64926E+00    0.10429E+02
    32    0.67021E+00    0.10648E+02
    33    0.69115E+00    0.10704E+02
    34    0.71209E+00    0.10642E+02
    35    0.73304E+00    0.10798E+02
    36    0.75398E+00    0.11158E+02
    37    0.77493E+00    0.11073E+02
    38    0.79587E+00    0.11184E+02
    39    0.81681E+00    0.11126E+02
    40    0.83776E+00    0.11159E+02
    41    0.85870E+00    0.11240E+02
    42    0.87965E+00    0.11425E+02
    43    0.90059E+00    0.11621E+02
    44    0.92153E+00    0.11649E+02
    45    0.94248E+00    0.11531E+02
    46    0.96342E+00    0.11530E+02
    47    0.98437E+00    0.11723E+02
    48    0.10053E+01    0.11705E+02
    49    0.10263E+01    0.11776E+02
    50    0.10472E+01    0.11856E+02
    51    0.10681E+01    0.12086E+02
    52    0.10891E+01    0.12029E+02
    53    0.11100E+01    0.12252E+02
    54    0.11310E+01    0.12347E+02
    55    0.11519E+01    0.12468E+02
    56    0.11729E+01    0.12696E+02
    57    0.11938E+01    0.13063E+02
    58    0.12147E+01    0.13085E+02
    59    0.12357E+01    0.13457E+02
    60    0.12566E+01    0.13481E+02
    61    0.12776E+01    0.13611E+02
    62    0.12985E+01    0.14192E+02
    63    0.13195E+01    0.14408E+02
    64    0.13404E+01    0.14754E+02
    65    0.13614E+01    0.15151E+02
    66    0.13823E+01    0.15402E+02
    67    0.14032E+01    0.15777E+02
    68    0.14242E+01    0.16157E+02
    69    0.14451E+01    0.16691E+02
    70    0.14661E+01    0.17037E+02
    71    0.14870E+01    0.17305E+02
    72    0.15080E+01    0.17850E+02
    73    0.15289E+01    0.18496E+02
    74    0.15499E+01    0.18971E+02
    75    0.15708E+01    0.19560E+02
    76    0.15917E+01    0.20152E+02
    77    0.16127E+01    0.20747E+02
    78    0.16336E+01    0.21395E+02
    79    0.16546E+01    0.21815E+02
    80    0.16755E+01    0.22447E+02
    81    0.16965E+01    0.23168E+02
    82    0.17174E+01    0.23624E+02
    83    0.17383E+01    0.24670E+02
    84    0.17593E+01    0.24970E+02
    85    0.17802E+01    0.25907E+02
    86    0.18012E+01    0.26488E+02
    87    0.18221E+01    0.27093E+02
    88    0.18431E+01    0.28056E+02
    89    0.18640E+01    0.28656E+02
    90    0.18850E+01    0.29244E+02
    91    0.19059E+01    0.29710E+02
    92    0.19268E+01    0.30604E+02
    93    0.19478E+01    0.31468E+02
    94    0.19687E+01    0.31967E+02
    95    0.19897E+01    0.32884E+02
    96    0.20106E+01    0.33530E+02
    97    0.20316E+01    0.34170E+02
    98    0.20525E+01    0.34869E+02
    99    0.20735E+01    0.35539E+02
   100    0.20944E+01    0.36281E+02
   101    0.21153E+01    0.36544E+02
   102    0.21363E+01    0.37453E+02
   103    0.21572E+01    0.37973E+02
   104    0.21782E+01    0.38810E+02
   105    0.21991E+01    0.39362E+02
   106    0.22201E+01    0.39918E+02
   107    0.22410E+01    0.40336E+02
   108    0.22619E+01    0.41019E+02
   109    0.22829E+01    0.41448E+02
   110    0.23038E+01    0.41825E+02
   111    0.23248E+01    0.42007E+02
   112    0.23457E+01    0.42770E+02
   113    0.23667E+01    0.42829E+02
   114    0.23876E+01    0.43161E+02
   115    0.24086E+01    0.43645E+02
   116    0.24295E+01    0.44478E+02
   117    0.24504E+01    0.44088E+02
   118    0.24714E+01    0.44190E+02
   119    0.24923E+01    0.44978E+02
   120    0.25133E+01    0.44646E+02
   121    0.25342E+01    0.45123E+02
   122    0.25552E+01    0.44880E+02
   123    0.25761E+01    0.44708E+02
   124    0.25970E+01    0.44810E+02
   125    0.26180E+01    0.44632E+02
   126    0.26389E+01    0.44815E+02
   127    0.26599E+01    0.44448E+02
   128    0.26808E+01    0.43644E+02
   129    0.27018E+01    0.43673E+02
   130    0.27227E+01    0.43214E+02
   131    0.27437E+01    0.42990E+02
   132    0.27646E+01    0.42060E+02
   133    0.27855E+01    0.41832E+02
   134    0.28065E+01    0.40967E+02
   135    0.28274E+01    0.40328E+02
   136    0.28484E+01    0.39619E+02
   137    0.28693E+01    0.38791E+02
   138    0.28903E+01    0.38282E+02
   139    0.29112E+01    0.37237E+02
   140    0.29322E+01    0.36474E+02
   141    0.29531E+01    0.35567E+02
   142    0.29740E+01    0.34420E+02
   143    0.29950E+01    0.33359E+02
   144    0.30159E+01    0.32475E+02
   145    0.30369E+01    0.31742E+02
   146    0.30578E+01    0.30697E+02
   147    0.30788E+01    0.29801E+02
   148    0.30997E+01    0.29350E+02
   149    0.31206E+01    0.28770E+02
