k[unitless]    k[h/Mpc]    D^2(k)
     1    0.20944E-01    0.72097E-01
     2    0.41888E-01    0.33828E+00
     3    0.62832E-01    0.97519E+00
     4    0.83776E-01    0.17630E+01
     5    0.10472E+00    0.21880E+01
     6    0.12566E+00    0.30908E+01
     7    0.14661E+00    0.39767E+01
     8    0.16755E+00    0.46046E+01
     9    0.18850E+00    0.56703E+01
    10    0.20944E+00    0.63627E+01
    11    0.23038E+00    0.72750E+01
    12    0.25133E+00    0.75232E+01
    13    0.27227E+00    0.82569E+01
    14    0.29322E+00    0.87292E+01
    15    0.31416E+00    0.92206E+01
    16    0.33510E+00    0.93149E+01
    17    0.35605E+00    0.98134E+01
    18    0.37699E+00    0.10150E+02
    19    0.39794E+00    0.98464E+01
    20    0.41888E+00    0.11137E+02
    21    0.43982E+00    0.10943E+02
    22    0.46077E+00    0.10766E+02
    23    0.48171E+00    0.10798E+02
    24    0.50265E+00    0.11063E+02
    25    0.52360E+00    0.11304E+02
    26    0.54454E+00    0.11628E+02
    27    0.56549E+00    0.11439E+02
    28    0.58643E+00    0.11416E+02
    29    0.60737E+00    0.11684E+02
    30    0.62832E+00    0.11452E+02
    31    0.64926E+00    0.11533E+02
    32    0.67021E+00    0.11307E+02
    33    0.69115E+00    0.11150E+02
    34    0.71209E+00    0.11040E+02
    35    0.73304E+00    0.11078E+02
    36    0.75398E+00    0.11326E+02
    37    0.77493E+00    0.10937E+02
    38    0.79587E+00    0.10955E+02
    39    0.81681E+00    0.10961E+02
    40    0.83776E+00    0.10521E+02
    41    0.85870E+00    0.10789E+02
    42    0.87965E+00    0.10626E+02
    43    0.90059E+00    0.10529E+02
    44    0.92153E+00    0.10659E+02
    45    0.94248E+00    0.10568E+02
    46    0.96342E+00    0.10434E+02
    47    0.98437E+00    0.10461E+02
    48    0.10053E+01    0.10383E+02
    49    0.10263E+01    0.10463E+02
    50    0.10472E+01    0.10443E+02
    51    0.10681E+01    0.10458E+02
    52    0.10891E+01    0.10462E+02
    53    0.11100E+01    0.10589E+02
    54    0.11310E+01    0.10629E+02
    55    0.11519E+01    0.10631E+02
    56    0.11729E+01    0.10730E+02
    57    0.11938E+01    0.10960E+02
    58    0.12147E+01    0.11066E+02
    59    0.12357E+01    0.11203E+02
    60    0.12566E+01    0.11211E+02
    61    0.12776E+01    0.11441E+02
    62    0.12985E+01    0.11737E+02
    63    0.13195E+01    0.11833E+02
    64    0.13404E+01    0.12189E+02
    65    0.13614E+01    0.12326E+02
    66    0.13823E+01    0.12552E+02
    67    0.14032E+01    0.12718E+02
    68    0.14242E+01    0.13080E+02
    69    0.14451E+01    0.13512E+02
    70    0.14661E+01    0.13810E+02
    71    0.14870E+01    0.14025E+02
    72    0.15080E+01    0.14446E+02
    73    0.15289E+01    0.14853E+02
    74    0.15499E+01    0.15194E+02
    75    0.15708E+01    0.15654E+02
    76    0.15917E+01    0.16030E+02
    77    0.16127E+01    0.16586E+02
    78    0.16336E+01    0.16961E+02
    79    0.16546E+01    0.17330E+02
    80    0.16755E+01    0.17838E+02
    81    0.16965E+01    0.18309E+02
    82    0.17174E+01    0.18844E+02
    83    0.17383E+01    0.19411E+02
    84    0.17593E+01    0.19761E+02
    85    0.17802E+01    0.20489E+02
    86    0.18012E+01    0.20751E+02
    87    0.18221E+01    0.21361E+02
    88    0.18431E+01    0.21938E+02
    89    0.18640E+01    0.22510E+02
    90    0.18850E+01    0.22944E+02
    91    0.19059E+01    0.23329E+02
    92    0.19268E+01    0.23838E+02
    93    0.19478E+01    0.24634E+02
    94    0.19687E+01    0.24901E+02
    95    0.19897E+01    0.25715E+02
    96    0.20106E+01    0.26157E+02
    97    0.20316E+01    0.26683E+02
    98    0.20525E+01    0.27099E+02
    99    0.20735E+01    0.27550E+02
   100    0.20944E+01    0.28074E+02
   101    0.21153E+01    0.28348E+02
   102    0.21363E+01    0.29203E+02
   103    0.21572E+01    0.29352E+02
   104    0.21782E+01    0.29816E+02
   105    0.21991E+01    0.30396E+02
   106    0.22201E+01    0.30724E+02
   107    0.22410E+01    0.30970E+02
   108    0.22619E+01    0.31577E+02
   109    0.22829E+01    0.31967E+02
   110    0.23038E+01    0.32173E+02
   111    0.23248E+01    0.32286E+02
   112    0.23457E+01    0.32845E+02
   113    0.23667E+01    0.33122E+02
   114    0.23876E+01    0.33402E+02
   115    0.24086E+01    0.33508E+02
   116    0.24295E+01    0.33998E+02
   117    0.24504E+01    0.33873E+02
   118    0.24714E+01    0.33847E+02
   119    0.24923E+01    0.34383E+02
   120    0.25133E+01    0.34155E+02
   121    0.25342E+01    0.34563E+02
   122    0.25552E+01    0.34255E+02
   123    0.25761E+01    0.34174E+02
   124    0.25970E+01    0.34407E+02
   125    0.26180E+01    0.34324E+02
   126    0.26389E+01    0.34354E+02
   127    0.26599E+01    0.33740E+02
   128    0.26808E+01    0.33349E+02
   129    0.27018E+01    0.33519E+02
   130    0.27227E+01    0.33157E+02
   131    0.27437E+01    0.32929E+02
   132    0.27646E+01    0.32318E+02
   133    0.27855E+01    0.31959E+02
   134    0.28065E+01    0.31581E+02
   135    0.28274E+01    0.30979E+02
   136    0.28484E+01    0.30586E+02
   137    0.28693E+01    0.29979E+02
   138    0.28903E+01    0.29527E+02
   139    0.29112E+01    0.28756E+02
   140    0.29322E+01    0.28209E+02
   141    0.29531E+01    0.27635E+02
   142    0.29740E+01    0.26901E+02
   143    0.29950E+01    0.26134E+02
   144    0.30159E+01    0.25638E+02
   145    0.30369E+01    0.25003E+02
   146    0.30578E+01    0.24231E+02
   147    0.30788E+01    0.23665E+02
   148    0.30997E+01    0.23401E+02
   149    0.31206E+01    0.23045E+02
