k[unitless]    k[h/Mpc]    D^2(k)
     1    0.20944E-01    0.68929E-02
     2    0.41888E-01    0.39036E-01
     3    0.62832E-01    0.10919E+00
     4    0.83776E-01    0.15908E+00
     5    0.10472E+00    0.32354E+00
     6    0.12566E+00    0.47201E+00
     7    0.14661E+00    0.67060E+00
     8    0.16755E+00    0.89331E+00
     9    0.18850E+00    0.10737E+01
    10    0.20944E+00    0.12910E+01
    11    0.23038E+00    0.15404E+01
    12    0.25133E+00    0.19463E+01
    13    0.27227E+00    0.22740E+01
    14    0.29322E+00    0.25159E+01
    15    0.31416E+00    0.28211E+01
    16    0.33510E+00    0.31069E+01
    17    0.35605E+00    0.33525E+01
    18    0.37699E+00    0.37806E+01
    19    0.39794E+00    0.43363E+01
    20    0.41888E+00    0.44042E+01
    21    0.43982E+00    0.47552E+01
    22    0.46077E+00    0.52515E+01
    23    0.48171E+00    0.56724E+01
    24    0.50265E+00    0.58906E+01
    25    0.52360E+00    0.59783E+01
    26    0.54454E+00    0.65926E+01
    27    0.56549E+00    0.71264E+01
    28    0.58643E+00    0.71571E+01
    29    0.60737E+00    0.74364E+01
    30    0.62832E+00    0.78706E+01
    31    0.64926E+00    0.80406E+01
    32    0.67021E+00    0.85608E+01
    33    0.69115E+00    0.89431E+01
    34    0.71209E+00    0.90268E+01
    35    0.73304E+00    0.92607E+01
    36    0.75398E+00    0.98327E+01
    37    0.77493E+00    0.99216E+01
    38    0.79587E+00    0.10312E+02
    39    0.81681E+00    0.10328E+02
    40    0.83776E+00    0.10787E+02
    41    0.85870E+00    0.10833E+02
    42    0.87965E+00    0.11241E+02
    43    0.90059E+00    0.11665E+02
    44    0.92153E+00    0.11971E+02
    45    0.94248E+00    0.12101E+02
    46    0.96342E+00    0.12109E+02
    47    0.98437E+00    0.12723E+02
    48    0.10053E+01    0.12869E+02
    49    0.10263E+01    0.12973E+02
    50    0.10472E+01    0.13209E+02
    51    0.10681E+01    0.13591E+02
    52    0.10891E+01    0.13734E+02
    53    0.11100E+01    0.14012E+02
    54    0.11310E+01    0.14243E+02
    55    0.11519E+01    0.14702E+02
    56    0.11729E+01    0.15049E+02
    57    0.11938E+01    0.15457E+02
    58    0.12147E+01    0.15515E+02
    59    0.12357E+01    0.16103E+02
    60    0.12566E+01    0.16176E+02
    61    0.12776E+01    0.16381E+02
    62    0.12985E+01    0.16986E+02
    63    0.13195E+01    0.17272E+02
    64    0.13404E+01    0.17677E+02
    65    0.13614E+01    0.17993E+02
    66    0.13823E+01    0.18315E+02
    67    0.14032E+01    0.18861E+02
    68    0.14242E+01    0.19332E+02
    69    0.14451E+01    0.19670E+02
    70    0.14661E+01    0.20011E+02
    71    0.14870E+01    0.20232E+02
    72    0.15080E+01    0.20818E+02
    73    0.15289E+01    0.21438E+02
    74    0.15499E+01    0.21871E+02
    75    0.15708E+01    0.22427E+02
    76    0.15917E+01    0.23033E+02
    77    0.16127E+01    0.23501E+02
    78    0.16336E+01    0.24097E+02
    79    0.16546E+01    0.24692E+02
    80    0.16755E+01    0.25032E+02
    81    0.16965E+01    0.25787E+02
    82    0.17174E+01    0.25931E+02
    83    0.17383E+01    0.26960E+02
    84    0.17593E+01    0.27171E+02
    85    0.17802E+01    0.27862E+02
    86    0.18012E+01    0.28569E+02
    87    0.18221E+01    0.29133E+02
    88    0.18431E+01    0.29789E+02
    89    0.18640E+01    0.30441E+02
    90    0.18850E+01    0.30919E+02
    91    0.19059E+01    0.31399E+02
    92    0.19268E+01    0.32049E+02
    93    0.19478E+01    0.32885E+02
    94    0.19687E+01    0.33342E+02
    95    0.19897E+01    0.34110E+02
    96    0.20106E+01    0.34864E+02
    97    0.20316E+01    0.35097E+02
    98    0.20525E+01    0.35582E+02
    99    0.20735E+01    0.36418E+02
   100    0.20944E+01    0.37030E+02
   101    0.21153E+01    0.37214E+02
   102    0.21363E+01    0.37999E+02
   103    0.21572E+01    0.38444E+02
   104    0.21782E+01    0.39271E+02
   105    0.21991E+01    0.39490E+02
   106    0.22201E+01    0.40104E+02
   107    0.22410E+01    0.40601E+02
   108    0.22619E+01    0.41064E+02
   109    0.22829E+01    0.41208E+02
   110    0.23038E+01    0.41518E+02
   111    0.23248E+01    0.41814E+02
   112    0.23457E+01    0.42385E+02
   113    0.23667E+01    0.42730E+02
   114    0.23876E+01    0.42690E+02
   115    0.24086E+01    0.43196E+02
   116    0.24295E+01    0.43559E+02
   117    0.24504E+01    0.43756E+02
   118    0.24714E+01    0.43383E+02
   119    0.24923E+01    0.44073E+02
   120    0.25133E+01    0.43908E+02
   121    0.25342E+01    0.43867E+02
   122    0.25552E+01    0.44025E+02
   123    0.25761E+01    0.43533E+02
   124    0.25970E+01    0.43507E+02
   125    0.26180E+01    0.43458E+02
   126    0.26389E+01    0.43538E+02
   127    0.26599E+01    0.43125E+02
   128    0.26808E+01    0.42317E+02
   129    0.27018E+01    0.42196E+02
   130    0.27227E+01    0.41850E+02
   131    0.27437E+01    0.41594E+02
   132    0.27646E+01    0.40724E+02
   133    0.27855E+01    0.40528E+02
   134    0.28065E+01    0.39655E+02
   135    0.28274E+01    0.38828E+02
   136    0.28484E+01    0.38438E+02
   137    0.28693E+01    0.37428E+02
   138    0.28903E+01    0.36971E+02
   139    0.29112E+01    0.36153E+02
   140    0.29322E+01    0.35312E+02
   141    0.29531E+01    0.34456E+02
   142    0.29740E+01    0.33476E+02
   143    0.29950E+01    0.32570E+02
   144    0.30159E+01    0.31618E+02
   145    0.30369E+01    0.31019E+02
   146    0.30578E+01    0.29943E+02
   147    0.30788E+01    0.29139E+02
   148    0.30997E+01    0.28576E+02
   149    0.31206E+01    0.28006E+02
