k[unitless]    k[h/Mpc]    D^2(k)
     1    0.20944E-01    0.21154E-01
     2    0.41888E-01    0.11146E+00
     3    0.62832E-01    0.28559E+00
     4    0.83776E-01    0.44337E+00
     5    0.10472E+00    0.70831E+00
     6    0.12566E+00    0.99152E+00
     7    0.14661E+00    0.12729E+01
     8    0.16755E+00    0.15333E+01
     9    0.18850E+00    0.18524E+01
    10    0.20944E+00    0.21351E+01
    11    0.23038E+00    0.23858E+01
    12    0.25133E+00    0.29389E+01
    13    0.27227E+00    0.32637E+01
    14    0.29322E+00    0.35171E+01
    15    0.31416E+00    0.38773E+01
    16    0.33510E+00    0.42134E+01
    17    0.35605E+00    0.44439E+01
    18    0.37699E+00    0.49174E+01
    19    0.39794E+00    0.55883E+01
    20    0.41888E+00    0.55205E+01
    21    0.43982E+00    0.59579E+01
    22    0.46077E+00    0.64541E+01
    23    0.48171E+00    0.68729E+01
    24    0.50265E+00    0.71488E+01
    25    0.52360E+00    0.71800E+01
    26    0.54454E+00    0.77894E+01
    27    0.56549E+00    0.83378E+01
    28    0.58643E+00    0.84156E+01
    29    0.60737E+00    0.87144E+01
    30    0.62832E+00    0.92273E+01
    31    0.64926E+00    0.93910E+01
    32    0.67021E+00    0.99011E+01
    33    0.69115E+00    0.10327E+02
    34    0.71209E+00    0.10457E+02
    35    0.73304E+00    0.10733E+02
    36    0.75398E+00    0.11271E+02
    37    0.77493E+00    0.11404E+02
    38    0.79587E+00    0.11834E+02
    39    0.81681E+00    0.11911E+02
    40    0.83776E+00    0.12391E+02
    41    0.85870E+00    0.12489E+02
    42    0.87965E+00    0.12908E+02
    43    0.90059E+00    0.13321E+02
    44    0.92153E+00    0.13665E+02
    45    0.94248E+00    0.13915E+02
    46    0.96342E+00    0.13916E+02
    47    0.98437E+00    0.14540E+02
    48    0.10053E+01    0.14746E+02
    49    0.10263E+01    0.14847E+02
    50    0.10472E+01    0.15083E+02
    51    0.10681E+01    0.15430E+02
    52    0.10891E+01    0.15704E+02
    53    0.11100E+01    0.15875E+02
    54    0.11310E+01    0.16253E+02
    55    0.11519E+01    0.16689E+02
    56    0.11729E+01    0.16969E+02
    57    0.11938E+01    0.17355E+02
    58    0.12147E+01    0.17378E+02
    59    0.12357E+01    0.17980E+02
    60    0.12566E+01    0.18061E+02
    61    0.12776E+01    0.18324E+02
    62    0.12985E+01    0.18806E+02
    63    0.13195E+01    0.18973E+02
    64    0.13404E+01    0.19331E+02
    65    0.13614E+01    0.19672E+02
    66    0.13823E+01    0.19866E+02
    67    0.14032E+01    0.20343E+02
    68    0.14242E+01    0.20741E+02
    69    0.14451E+01    0.21039E+02
    70    0.14661E+01    0.21323E+02
    71    0.14870E+01    0.21388E+02
    72    0.15080E+01    0.21926E+02
    73    0.15289E+01    0.22370E+02
    74    0.15499E+01    0.22664E+02
    75    0.15708E+01    0.23138E+02
    76    0.15917E+01    0.23542E+02
    77    0.16127E+01    0.23903E+02
    78    0.16336E+01    0.24410E+02
    79    0.16546E+01    0.24867E+02
    80    0.16755E+01    0.25129E+02
    81    0.16965E+01    0.25636E+02
    82    0.17174E+01    0.25674E+02
    83    0.17383E+01    0.26431E+02
    84    0.17593E+01    0.26512E+02
    85    0.17802E+01    0.27083E+02
    86    0.18012E+01    0.27517E+02
    87    0.18221E+01    0.27992E+02
    88    0.18431E+01    0.28438E+02
    89    0.18640E+01    0.28903E+02
    90    0.18850E+01    0.29307E+02
    91    0.19059E+01    0.29553E+02
    92    0.19268E+01    0.29998E+02
    93    0.19478E+01    0.30621E+02
    94    0.19687E+01    0.30881E+02
    95    0.19897E+01    0.31486E+02
    96    0.20106E+01    0.32060E+02
    97    0.20316E+01    0.32162E+02
    98    0.20525E+01    0.32476E+02
    99    0.20735E+01    0.32937E+02
   100    0.20944E+01    0.33444E+02
   101    0.21153E+01    0.33515E+02
   102    0.21363E+01    0.34144E+02
   103    0.21572E+01    0.34334E+02
   104    0.21782E+01    0.34992E+02
   105    0.21991E+01    0.35115E+02
   106    0.22201E+01    0.35529E+02
   107    0.22410E+01    0.35806E+02
   108    0.22619E+01    0.36162E+02
   109    0.22829E+01    0.36104E+02
   110    0.23038E+01    0.36377E+02
   111    0.23248E+01    0.36474E+02
   112    0.23457E+01    0.36894E+02
   113    0.23667E+01    0.37099E+02
   114    0.23876E+01    0.37049E+02
   115    0.24086E+01    0.37345E+02
   116    0.24295E+01    0.37565E+02
   117    0.24504E+01    0.37711E+02
   118    0.24714E+01    0.37349E+02
   119    0.24923E+01    0.37883E+02
   120    0.25133E+01    0.37847E+02
   121    0.25342E+01    0.37553E+02
   122    0.25552E+01    0.37747E+02
   123    0.25761E+01    0.37377E+02
   124    0.25970E+01    0.37208E+02
   125    0.26180E+01    0.37106E+02
   126    0.26389E+01    0.37170E+02
   127    0.26599E+01    0.36771E+02
   128    0.26808E+01    0.36150E+02
   129    0.27018E+01    0.36018E+02
   130    0.27227E+01    0.35803E+02
   131    0.27437E+01    0.35382E+02
   132    0.27646E+01    0.34720E+02
   133    0.27855E+01    0.34809E+02
   134    0.28065E+01    0.34020E+02
   135    0.28274E+01    0.33382E+02
   136    0.28484E+01    0.32947E+02
   137    0.28693E+01    0.32240E+02
   138    0.28903E+01    0.31884E+02
   139    0.29112E+01    0.31289E+02
   140    0.29322E+01    0.30682E+02
   141    0.29531E+01    0.30053E+02
   142    0.29740E+01    0.29260E+02
   143    0.29950E+01    0.28561E+02
   144    0.30159E+01    0.27904E+02
   145    0.30369E+01    0.27508E+02
   146    0.30578E+01    0.26663E+02
   147    0.30788E+01    0.26099E+02
   148    0.30997E+01    0.25665E+02
   149    0.31206E+01    0.25327E+02
