k[unitless]    k[h/Mpc]    D^2(k)
     1    0.20944E-01    0.52094E-02
     2    0.41888E-01    0.30127E-01
     3    0.62832E-01    0.88694E-01
     4    0.83776E-01    0.12932E+00
     5    0.10472E+00    0.27982E+00
     6    0.12566E+00    0.41617E+00
     7    0.14661E+00    0.61137E+00
     8    0.16755E+00    0.83476E+00
     9    0.18850E+00    0.10086E+01
    10    0.20944E+00    0.12216E+01
    11    0.23038E+00    0.14819E+01
    12    0.25133E+00    0.18658E+01
    13    0.27227E+00    0.22126E+01
    14    0.29322E+00    0.24554E+01
    15    0.31416E+00    0.27696E+01
    16    0.33510E+00    0.30506E+01
    17    0.35605E+00    0.33115E+01
    18    0.37699E+00    0.37381E+01
    19    0.39794E+00    0.42583E+01
    20    0.41888E+00    0.43885E+01
    21    0.43982E+00    0.47134E+01
    22    0.46077E+00    0.52133E+01
    23    0.48171E+00    0.56299E+01
    24    0.50265E+00    0.58484E+01
    25    0.52360E+00    0.59562E+01
    26    0.54454E+00    0.65689E+01
    27    0.56549E+00    0.71089E+01
    28    0.58643E+00    0.71138E+01
    29    0.60737E+00    0.74066E+01
    30    0.62832E+00    0.78148E+01
    31    0.64926E+00    0.79990E+01
    32    0.67021E+00    0.85188E+01
    33    0.69115E+00    0.88739E+01
    34    0.71209E+00    0.89455E+01
    35    0.73304E+00    0.91671E+01
    36    0.75398E+00    0.97535E+01
    37    0.77493E+00    0.98397E+01
    38    0.79587E+00    0.10207E+02
    39    0.81681E+00    0.10202E+02
    40    0.83776E+00    0.10649E+02
    41    0.85870E+00    0.10674E+02
    42    0.87965E+00    0.11094E+02
    43    0.90059E+00    0.11524E+02
    44    0.92153E+00    0.11802E+02
    45    0.94248E+00    0.11917E+02
    46    0.96342E+00    0.11917E+02
    47    0.98437E+00    0.12510E+02
    48    0.10053E+01    0.12654E+02
    49    0.10263E+01    0.12740E+02
    50    0.10472E+01    0.12983E+02
    51    0.10681E+01    0.13330E+02
    52    0.10891E+01    0.13485E+02
    53    0.11100E+01    0.13754E+02
    54    0.11310E+01    0.13977E+02
    55    0.11519E+01    0.14411E+02
    56    0.11729E+01    0.14756E+02
    57    0.11938E+01    0.15160E+02
    58    0.12147E+01    0.15236E+02
    59    0.12357E+01    0.15821E+02
    60    0.12566E+01    0.15900E+02
    61    0.12776E+01    0.16075E+02
    62    0.12985E+01    0.16668E+02
    63    0.13195E+01    0.16965E+02
    64    0.13404E+01    0.17375E+02
    65    0.13614E+01    0.17729E+02
    66    0.13823E+01    0.18046E+02
    67    0.14032E+01    0.18587E+02
    68    0.14242E+01    0.19046E+02
    69    0.14451E+01    0.19430E+02
    70    0.14661E+01    0.19761E+02
    71    0.14870E+01    0.20006E+02
    72    0.15080E+01    0.20614E+02
    73    0.15289E+01    0.21280E+02
    74    0.15499E+01    0.21708E+02
    75    0.15708E+01    0.22236E+02
    76    0.15917E+01    0.22886E+02
    77    0.16127E+01    0.23363E+02
    78    0.16336E+01    0.23961E+02
    79    0.16546E+01    0.24589E+02
    80    0.16755E+01    0.24978E+02
    81    0.16965E+01    0.25752E+02
    82    0.17174E+01    0.25920E+02
    83    0.17383E+01    0.26967E+02
    84    0.17593E+01    0.27181E+02
    85    0.17802E+01    0.27974E+02
    86    0.18012E+01    0.28667E+02
    87    0.18221E+01    0.29245E+02
    88    0.18431E+01    0.29970E+02
    89    0.18640E+01    0.30609E+02
    90    0.18850E+01    0.31138E+02
    91    0.19059E+01    0.31606E+02
    92    0.19268E+01    0.32321E+02
    93    0.19478E+01    0.33130E+02
    94    0.19687E+01    0.33637E+02
    95    0.19897E+01    0.34462E+02
    96    0.20106E+01    0.35235E+02
    97    0.20316E+01    0.35480E+02
    98    0.20525E+01    0.36034E+02
    99    0.20735E+01    0.36865E+02
   100    0.20944E+01    0.37510E+02
   101    0.21153E+01    0.37730E+02
   102    0.21363E+01    0.38550E+02
   103    0.21572E+01    0.39016E+02
   104    0.21782E+01    0.39854E+02
   105    0.21991E+01    0.40098E+02
   106    0.22201E+01    0.40801E+02
   107    0.22410E+01    0.41243E+02
   108    0.22619E+01    0.41735E+02
   109    0.22829E+01    0.41902E+02
   110    0.23038E+01    0.42248E+02
   111    0.23248E+01    0.42565E+02
   112    0.23457E+01    0.43208E+02
   113    0.23667E+01    0.43440E+02
   114    0.23876E+01    0.43473E+02
   115    0.24086E+01    0.44059E+02
   116    0.24295E+01    0.44468E+02
   117    0.24504E+01    0.44511E+02
   118    0.24714E+01    0.44304E+02
   119    0.24923E+01    0.44980E+02
   120    0.25133E+01    0.44795E+02
   121    0.25342E+01    0.44821E+02
   122    0.25552E+01    0.44907E+02
   123    0.25761E+01    0.44407E+02
   124    0.25970E+01    0.44415E+02
   125    0.26180E+01    0.44416E+02
   126    0.26389E+01    0.44442E+02
   127    0.26599E+01    0.44099E+02
   128    0.26808E+01    0.43247E+02
   129    0.27018E+01    0.43116E+02
   130    0.27227E+01    0.42787E+02
   131    0.27437E+01    0.42526E+02
   132    0.27646E+01    0.41629E+02
   133    0.27855E+01    0.41422E+02
   134    0.28065E+01    0.40490E+02
   135    0.28274E+01    0.39709E+02
   136    0.28484E+01    0.39248E+02
   137    0.28693E+01    0.38159E+02
   138    0.28903E+01    0.37735E+02
   139    0.29112E+01    0.36902E+02
   140    0.29322E+01    0.36054E+02
   141    0.29531E+01    0.35159E+02
   142    0.29740E+01    0.34080E+02
   143    0.29950E+01    0.33234E+02
   144    0.30159E+01    0.32178E+02
   145    0.30369E+01    0.31515E+02
   146    0.30578E+01    0.30394E+02
   147    0.30788E+01    0.29546E+02
   148    0.30997E+01    0.29043E+02
   149    0.31206E+01    0.28447E+02
