k[unitless]    k[h/Mpc]    D^2(k)
     1    0.20944E-01    0.26187E-01
     2    0.41888E-01    0.12195E+00
     3    0.62832E-01    0.37869E+00
     4    0.83776E-01    0.71636E+00
     5    0.10472E+00    0.93301E+00
     6    0.12566E+00    0.13859E+01
     7    0.14661E+00    0.19061E+01
     8    0.16755E+00    0.23819E+01
     9    0.18850E+00    0.29895E+01
    10    0.20944E+00    0.34721E+01
    11    0.23038E+00    0.41903E+01
    12    0.25133E+00    0.45236E+01
    13    0.27227E+00    0.52282E+01
    14    0.29322E+00    0.57467E+01
    15    0.31416E+00    0.63094E+01
    16    0.33510E+00    0.65361E+01
    17    0.35605E+00    0.70460E+01
    18    0.37699E+00    0.75752E+01
    19    0.39794E+00    0.76038E+01
    20    0.41888E+00    0.87289E+01
    21    0.43982E+00    0.86586E+01
    22    0.46077E+00    0.88852E+01
    23    0.48171E+00    0.91613E+01
    24    0.50265E+00    0.94412E+01
    25    0.52360E+00    0.98672E+01
    26    0.54454E+00    0.10317E+02
    27    0.56549E+00    0.10512E+02
    28    0.58643E+00    0.10442E+02
    29    0.60737E+00    0.10739E+02
    30    0.62832E+00    0.10814E+02
    31    0.64926E+00    0.10988E+02
    32    0.67021E+00    0.11087E+02
    33    0.69115E+00    0.11070E+02
    34    0.71209E+00    0.11011E+02
    35    0.73304E+00    0.11152E+02
    36    0.75398E+00    0.11479E+02
    37    0.77493E+00    0.11300E+02
    38    0.79587E+00    0.11375E+02
    39    0.81681E+00    0.11313E+02
    40    0.83776E+00    0.11209E+02
    41    0.85870E+00    0.11358E+02
    42    0.87965E+00    0.11458E+02
    43    0.90059E+00    0.11551E+02
    44    0.92153E+00    0.11596E+02
    45    0.94248E+00    0.11438E+02
    46    0.96342E+00    0.11458E+02
    47    0.98437E+00    0.11553E+02
    48    0.10053E+01    0.11519E+02
    49    0.10263E+01    0.11638E+02
    50    0.10472E+01    0.11668E+02
    51    0.10681E+01    0.11839E+02
    52    0.10891E+01    0.11746E+02
    53    0.11100E+01    0.11960E+02
    54    0.11310E+01    0.12050E+02
    55    0.11519E+01    0.12107E+02
    56    0.11729E+01    0.12307E+02
    57    0.11938E+01    0.12659E+02
    58    0.12147E+01    0.12697E+02
    59    0.12357E+01    0.12993E+02
    60    0.12566E+01    0.12987E+02
    61    0.12776E+01    0.13171E+02
    62    0.12985E+01    0.13707E+02
    63    0.13195E+01    0.13861E+02
    64    0.13404E+01    0.14202E+02
    65    0.13614E+01    0.14599E+02
    66    0.13823E+01    0.14826E+02
    67    0.14032E+01    0.15159E+02
    68    0.14242E+01    0.15506E+02
    69    0.14451E+01    0.16058E+02
    70    0.14661E+01    0.16389E+02
    71    0.14870E+01    0.16640E+02
    72    0.15080E+01    0.17187E+02
    73    0.15289E+01    0.17768E+02
    74    0.15499E+01    0.18192E+02
    75    0.15708E+01    0.18797E+02
    76    0.15917E+01    0.19369E+02
    77    0.16127E+01    0.19925E+02
    78    0.16336E+01    0.20561E+02
    79    0.16546E+01    0.20972E+02
    80    0.16755E+01    0.21581E+02
    81    0.16965E+01    0.22253E+02
    82    0.17174E+01    0.22729E+02
    83    0.17383E+01    0.23723E+02
    84    0.17593E+01    0.24004E+02
    85    0.17802E+01    0.24910E+02
    86    0.18012E+01    0.25425E+02
    87    0.18221E+01    0.26024E+02
    88    0.18431E+01    0.26943E+02
    89    0.18640E+01    0.27577E+02
    90    0.18850E+01    0.28106E+02
    91    0.19059E+01    0.28561E+02
    92    0.19268E+01    0.29370E+02
    93    0.19478E+01    0.30239E+02
    94    0.19687E+01    0.30644E+02
    95    0.19897E+01    0.31603E+02
    96    0.20106E+01    0.32199E+02
    97    0.20316E+01    0.32825E+02
    98    0.20525E+01    0.33555E+02
    99    0.20735E+01    0.34103E+02
   100    0.20944E+01    0.34830E+02
   101    0.21153E+01    0.35086E+02
   102    0.21363E+01    0.35979E+02
   103    0.21572E+01    0.36412E+02
   104    0.21782E+01    0.37260E+02
   105    0.21991E+01    0.37871E+02
   106    0.22201E+01    0.38287E+02
   107    0.22410E+01    0.38724E+02
   108    0.22619E+01    0.39385E+02
   109    0.22829E+01    0.39890E+02
   110    0.23038E+01    0.40224E+02
   111    0.23248E+01    0.40312E+02
   112    0.23457E+01    0.41045E+02
   113    0.23667E+01    0.41130E+02
   114    0.23876E+01    0.41500E+02
   115    0.24086E+01    0.41936E+02
   116    0.24295E+01    0.42715E+02
   117    0.24504E+01    0.42353E+02
   118    0.24714E+01    0.42446E+02
   119    0.24923E+01    0.43180E+02
   120    0.25133E+01    0.42866E+02
   121    0.25342E+01    0.43315E+02
   122    0.25552E+01    0.43071E+02
   123    0.25761E+01    0.42946E+02
   124    0.25970E+01    0.43076E+02
   125    0.26180E+01    0.42905E+02
   126    0.26389E+01    0.43080E+02
   127    0.26599E+01    0.42599E+02
   128    0.26808E+01    0.41925E+02
   129    0.27018E+01    0.42037E+02
   130    0.27227E+01    0.41505E+02
   131    0.27437E+01    0.41281E+02
   132    0.27646E+01    0.40475E+02
   133    0.27855E+01    0.40153E+02
   134    0.28065E+01    0.39394E+02
   135    0.28274E+01    0.38833E+02
   136    0.28484E+01    0.38073E+02
   137    0.28693E+01    0.37361E+02
   138    0.28903E+01    0.36751E+02
   139    0.29112E+01    0.35829E+02
   140    0.29322E+01    0.35079E+02
   141    0.29531E+01    0.34219E+02
   142    0.29740E+01    0.33155E+02
   143    0.29950E+01    0.32178E+02
   144    0.30159E+01    0.31372E+02
   145    0.30369E+01    0.30658E+02
   146    0.30578E+01    0.29678E+02
   147    0.30788E+01    0.28804E+02
   148    0.30997E+01    0.28456E+02
   149    0.31206E+01    0.27891E+02
