k[unitless]    k[h/Mpc]    D^2(k)
     1    0.20944E-01    0.81726E-01
     2    0.41888E-01    0.28819E+00
     3    0.62832E-01    0.55867E+00
     4    0.83776E-01    0.67656E+00
     5    0.10472E+00    0.10244E+01
     6    0.12566E+00    0.11030E+01
     7    0.14661E+00    0.11417E+01
     8    0.16755E+00    0.11247E+01
     9    0.18850E+00    0.11855E+01
    10    0.20944E+00    0.11979E+01
    11    0.23038E+00    0.12889E+01
    12    0.25133E+00    0.12089E+01
    13    0.27227E+00    0.12299E+01
    14    0.29322E+00    0.11945E+01
    15    0.31416E+00    0.11787E+01
    16    0.33510E+00    0.11898E+01
    17    0.35605E+00    0.11785E+01
    18    0.37699E+00    0.11686E+01
    19    0.39794E+00    0.11582E+01
    20    0.41888E+00    0.11620E+01
    21    0.43982E+00    0.11651E+01
    22    0.46077E+00    0.11183E+01
    23    0.48171E+00    0.11379E+01
    24    0.50265E+00    0.10970E+01
    25    0.52360E+00    0.10732E+01
    26    0.54454E+00    0.10396E+01
    27    0.56549E+00    0.10555E+01
    28    0.58643E+00    0.10027E+01
    29    0.60737E+00    0.10415E+01
    30    0.62832E+00    0.10115E+01
    31    0.64926E+00    0.99216E+00
    32    0.67021E+00    0.10030E+01
    33    0.69115E+00    0.99070E+00
    34    0.71209E+00    0.96270E+00
    35    0.73304E+00    0.93101E+00
    36    0.75398E+00    0.96690E+00
    37    0.77493E+00    0.94531E+00
    38    0.79587E+00    0.93210E+00
    39    0.81681E+00    0.94912E+00
    40    0.83776E+00    0.92008E+00
    41    0.85870E+00    0.94033E+00
    42    0.87965E+00    0.91696E+00
    43    0.90059E+00    0.90999E+00
    44    0.92153E+00    0.92152E+00
    45    0.94248E+00    0.92412E+00
    46    0.96342E+00    0.92121E+00
    47    0.98437E+00    0.93502E+00
    48    0.10053E+01    0.92522E+00
    49    0.10263E+01    0.92804E+00
    50    0.10472E+01    0.91657E+00
    51    0.10681E+01    0.92096E+00
    52    0.10891E+01    0.92782E+00
    53    0.11100E+01    0.90528E+00
    54    0.11310E+01    0.91861E+00
    55    0.11519E+01    0.92496E+00
    56    0.11729E+01    0.92174E+00
    57    0.11938E+01    0.93362E+00
    58    0.12147E+01    0.93976E+00
    59    0.12357E+01    0.94507E+00
    60    0.12566E+01    0.94652E+00
    61    0.12776E+01    0.95786E+00
    62    0.12985E+01    0.96185E+00
    63    0.13195E+01    0.97125E+00
    64    0.13404E+01    0.98159E+00
    65    0.13614E+01    0.99150E+00
    66    0.13823E+01    0.10020E+01
    67    0.14032E+01    0.10061E+01
    68    0.14242E+01    0.10167E+01
    69    0.14451E+01    0.10306E+01
    70    0.14661E+01    0.10526E+01
    71    0.14870E+01    0.10561E+01
    72    0.15080E+01    0.10644E+01
    73    0.15289E+01    0.10963E+01
    74    0.15499E+01    0.10980E+01
    75    0.15708E+01    0.11049E+01
    76    0.15917E+01    0.11213E+01
    77    0.16127E+01    0.11365E+01
    78    0.16336E+01    0.11550E+01
    79    0.16546E+01    0.11619E+01
    80    0.16755E+01    0.11859E+01
    81    0.16965E+01    0.12044E+01
    82    0.17174E+01    0.12108E+01
    83    0.17383E+01    0.12271E+01
    84    0.17593E+01    0.12459E+01
    85    0.17802E+01    0.12748E+01
    86    0.18012E+01    0.12831E+01
    87    0.18221E+01    0.12952E+01
    88    0.18431E+01    0.13185E+01
    89    0.18640E+01    0.13341E+01
    90    0.18850E+01    0.13442E+01
    91    0.19059E+01    0.13627E+01
    92    0.19268E+01    0.13746E+01
    93    0.19478E+01    0.13975E+01
    94    0.19687E+01    0.14095E+01
    95    0.19897E+01    0.14230E+01
    96    0.20106E+01    0.14307E+01
    97    0.20316E+01    0.14442E+01
    98    0.20525E+01    0.14579E+01
    99    0.20735E+01    0.14619E+01
   100    0.20944E+01    0.14808E+01
   101    0.21153E+01    0.14751E+01
   102    0.21363E+01    0.15048E+01
   103    0.21572E+01    0.15195E+01
   104    0.21782E+01    0.15226E+01
   105    0.21991E+01    0.15184E+01
   106    0.22201E+01    0.15249E+01
   107    0.22410E+01    0.15502E+01
   108    0.22619E+01    0.15580E+01
   109    0.22829E+01    0.15679E+01
   110    0.23038E+01    0.15648E+01
   111    0.23248E+01    0.15677E+01
   112    0.23457E+01    0.15603E+01
   113    0.23667E+01    0.15765E+01
   114    0.23876E+01    0.15836E+01
   115    0.24086E+01    0.15973E+01
   116    0.24295E+01    0.15852E+01
   117    0.24504E+01    0.15912E+01
   118    0.24714E+01    0.15891E+01
   119    0.24923E+01    0.15829E+01
   120    0.25133E+01    0.15827E+01
   121    0.25342E+01    0.15798E+01
   122    0.25552E+01    0.15744E+01
   123    0.25761E+01    0.15708E+01
   124    0.25970E+01    0.15721E+01
   125    0.26180E+01    0.15676E+01
   126    0.26389E+01    0.15460E+01
   127    0.26599E+01    0.15374E+01
   128    0.26808E+01    0.15290E+01
   129    0.27018E+01    0.15257E+01
   130    0.27227E+01    0.15034E+01
   131    0.27437E+01    0.14954E+01
   132    0.27646E+01    0.14825E+01
   133    0.27855E+01    0.14758E+01
   134    0.28065E+01    0.14566E+01
   135    0.28274E+01    0.14528E+01
   136    0.28484E+01    0.14171E+01
   137    0.28693E+01    0.14004E+01
   138    0.28903E+01    0.13927E+01
   139    0.29112E+01    0.13785E+01
   140    0.29322E+01    0.13559E+01
   141    0.29531E+01    0.13329E+01
   142    0.29740E+01    0.13176E+01
   143    0.29950E+01    0.13005E+01
   144    0.30159E+01    0.12907E+01
   145    0.30369E+01    0.12746E+01
   146    0.30578E+01    0.12602E+01
   147    0.30788E+01    0.12513E+01
   148    0.30997E+01    0.12463E+01
   149    0.31206E+01    0.12371E+01
