k[unitless]    k[h/Mpc]    D^2(k)
     1    0.20944E-01    0.12595E+00
     2    0.41888E-01    0.59512E+00
     3    0.62832E-01    0.16476E+01
     4    0.83776E-01    0.28424E+01
     5    0.10472E+00    0.34389E+01
     6    0.12566E+00    0.46515E+01
     7    0.14661E+00    0.57065E+01
     8    0.16755E+00    0.62364E+01
     9    0.18850E+00    0.74965E+01
    10    0.20944E+00    0.81583E+01
    11    0.23038E+00    0.89239E+01
    12    0.25133E+00    0.89196E+01
    13    0.27227E+00    0.93753E+01
    14    0.29322E+00    0.95214E+01
    15    0.31416E+00    0.97560E+01
    16    0.33510E+00    0.99343E+01
    17    0.35605E+00    0.10185E+02
    18    0.37699E+00    0.10246E+02
    19    0.39794E+00    0.98434E+01
    20    0.41888E+00    0.10701E+02
    21    0.43982E+00    0.10657E+02
    22    0.46077E+00    0.10382E+02
    23    0.48171E+00    0.10154E+02
    24    0.50265E+00    0.10318E+02
    25    0.52360E+00    0.10392E+02
    26    0.54454E+00    0.10559E+02
    27    0.56549E+00    0.10342E+02
    28    0.58643E+00    0.10296E+02
    29    0.60737E+00    0.10441E+02
    30    0.62832E+00    0.10225E+02
    31    0.64926E+00    0.10104E+02
    32    0.67021E+00    0.99539E+01
    33    0.69115E+00    0.98450E+01
    34    0.71209E+00    0.95892E+01
    35    0.73304E+00    0.94633E+01
    36    0.75398E+00    0.95781E+01
    37    0.77493E+00    0.93444E+01
    38    0.79587E+00    0.94126E+01
    39    0.81681E+00    0.93622E+01
    40    0.83776E+00    0.90824E+01
    41    0.85870E+00    0.91484E+01
    42    0.87965E+00    0.89466E+01
    43    0.90059E+00    0.88876E+01
    44    0.92153E+00    0.89026E+01
    45    0.94248E+00    0.90255E+01
    46    0.96342E+00    0.87130E+01
    47    0.98437E+00    0.88314E+01
    48    0.10053E+01    0.88189E+01
    49    0.10263E+01    0.87007E+01
    50    0.10472E+01    0.87397E+01
    51    0.10681E+01    0.87348E+01
    52    0.10891E+01    0.87606E+01
    53    0.11100E+01    0.89437E+01
    54    0.11310E+01    0.87593E+01
    55    0.11519E+01    0.88852E+01
    56    0.11729E+01    0.89075E+01
    57    0.11938E+01    0.90307E+01
    58    0.12147E+01    0.91215E+01
    59    0.12357E+01    0.92868E+01
    60    0.12566E+01    0.92701E+01
    61    0.12776E+01    0.94707E+01
    62    0.12985E+01    0.95572E+01
    63    0.13195E+01    0.97628E+01
    64    0.13404E+01    0.99126E+01
    65    0.13614E+01    0.10099E+02
    66    0.13823E+01    0.10226E+02
    67    0.14032E+01    0.10445E+02
    68    0.14242E+01    0.10636E+02
    69    0.14451E+01    0.10852E+02
    70    0.14661E+01    0.11126E+02
    71    0.14870E+01    0.11306E+02
    72    0.15080E+01    0.11640E+02
    73    0.15289E+01    0.11891E+02
    74    0.15499E+01    0.12218E+02
    75    0.15708E+01    0.12533E+02
    76    0.15917E+01    0.12789E+02
    77    0.16127E+01    0.13111E+02
    78    0.16336E+01    0.13362E+02
    79    0.16546E+01    0.13754E+02
    80    0.16755E+01    0.14040E+02
    81    0.16965E+01    0.14366E+02
    82    0.17174E+01    0.14783E+02
    83    0.17383E+01    0.15165E+02
    84    0.17593E+01    0.15491E+02
    85    0.17802E+01    0.16051E+02
    86    0.18012E+01    0.16203E+02
    87    0.18221E+01    0.16621E+02
    88    0.18431E+01    0.16901E+02
    89    0.18640E+01    0.17447E+02
    90    0.18850E+01    0.17702E+02
    91    0.19059E+01    0.17960E+02
    92    0.19268E+01    0.18311E+02
    93    0.19478E+01    0.18813E+02
    94    0.19687E+01    0.19143E+02
    95    0.19897E+01    0.19552E+02
    96    0.20106E+01    0.19946E+02
    97    0.20316E+01    0.20251E+02
    98    0.20525E+01    0.20649E+02
    99    0.20735E+01    0.20935E+02
   100    0.20944E+01    0.21440E+02
   101    0.21153E+01    0.21534E+02
   102    0.21363E+01    0.22160E+02
   103    0.21572E+01    0.22200E+02
   104    0.21782E+01    0.22549E+02
   105    0.21991E+01    0.22965E+02
   106    0.22201E+01    0.22996E+02
   107    0.22410E+01    0.23394E+02
   108    0.22619E+01    0.23797E+02
   109    0.22829E+01    0.24075E+02
   110    0.23038E+01    0.24134E+02
   111    0.23248E+01    0.24337E+02
   112    0.23457E+01    0.24667E+02
   113    0.23667E+01    0.24823E+02
   114    0.23876E+01    0.25001E+02
   115    0.24086E+01    0.25059E+02
   116    0.24295E+01    0.25379E+02
   117    0.24504E+01    0.25336E+02
   118    0.24714E+01    0.25349E+02
   119    0.24923E+01    0.25515E+02
   120    0.25133E+01    0.25610E+02
   121    0.25342E+01    0.25761E+02
   122    0.25552E+01    0.25479E+02
   123    0.25761E+01    0.25450E+02
   124    0.25970E+01    0.25592E+02
   125    0.26180E+01    0.25481E+02
   126    0.26389E+01    0.25565E+02
   127    0.26599E+01    0.24934E+02
   128    0.26808E+01    0.24951E+02
   129    0.27018E+01    0.24861E+02
   130    0.27227E+01    0.24728E+02
   131    0.27437E+01    0.24614E+02
   132    0.27646E+01    0.24078E+02
   133    0.27855E+01    0.23887E+02
   134    0.28065E+01    0.23646E+02
   135    0.28274E+01    0.23115E+02
   136    0.28484E+01    0.22920E+02
   137    0.28693E+01    0.22489E+02
   138    0.28903E+01    0.22091E+02
   139    0.29112E+01    0.21591E+02
   140    0.29322E+01    0.21219E+02
   141    0.29531E+01    0.20800E+02
   142    0.29740E+01    0.20390E+02
   143    0.29950E+01    0.19905E+02
   144    0.30159E+01    0.19525E+02
   145    0.30369E+01    0.19063E+02
   146    0.30578E+01    0.18674E+02
   147    0.30788E+01    0.18293E+02
   148    0.30997E+01    0.18110E+02
   149    0.31206E+01    0.17902E+02
