k[unitless]    k[h/Mpc]    D^2(k)
     1    0.20944E-01    0.20745E+00
     2    0.41888E-01    0.96438E+00
     3    0.62832E-01    0.24434E+01
     4    0.83776E-01    0.37412E+01
     5    0.10472E+00    0.42947E+01
     6    0.12566E+00    0.52266E+01
     7    0.14661E+00    0.59468E+01
     8    0.16755E+00    0.59126E+01
     9    0.18850E+00    0.67172E+01
    10    0.20944E+00    0.69122E+01
    11    0.23038E+00    0.71733E+01
    12    0.25133E+00    0.71637E+01
    13    0.27227E+00    0.70686E+01
    14    0.29322E+00    0.68965E+01
    15    0.31416E+00    0.68446E+01
    16    0.33510E+00    0.72343E+01
    17    0.35605E+00    0.69261E+01
    18    0.37699E+00    0.69205E+01
    19    0.39794E+00    0.68184E+01
    20    0.41888E+00    0.68736E+01
    21    0.43982E+00    0.70454E+01
    22    0.46077E+00    0.69789E+01
    23    0.48171E+00    0.66149E+01
    24    0.50265E+00    0.64700E+01
    25    0.52360E+00    0.65858E+01
    26    0.54454E+00    0.65578E+01
    27    0.56549E+00    0.66118E+01
    28    0.58643E+00    0.64978E+01
    29    0.60737E+00    0.65587E+01
    30    0.62832E+00    0.61999E+01
    31    0.64926E+00    0.62524E+01
    32    0.67021E+00    0.62347E+01
    33    0.69115E+00    0.62031E+01
    34    0.71209E+00    0.58568E+01
    35    0.73304E+00    0.58484E+01
    36    0.75398E+00    0.58153E+01
    37    0.77493E+00    0.57982E+01
    38    0.79587E+00    0.59073E+01
    39    0.81681E+00    0.57115E+01
    40    0.83776E+00    0.55956E+01
    41    0.85870E+00    0.55906E+01
    42    0.87965E+00    0.55872E+01
    43    0.90059E+00    0.55951E+01
    44    0.92153E+00    0.55084E+01
    45    0.94248E+00    0.54375E+01
    46    0.96342E+00    0.54290E+01
    47    0.98437E+00    0.55179E+01
    48    0.10053E+01    0.54165E+01
    49    0.10263E+01    0.54739E+01
    50    0.10472E+01    0.54279E+01
    51    0.10681E+01    0.54939E+01
    52    0.10891E+01    0.53852E+01
    53    0.11100E+01    0.55145E+01
    54    0.11310E+01    0.54622E+01
    55    0.11519E+01    0.54126E+01
    56    0.11729E+01    0.55602E+01
    57    0.11938E+01    0.55368E+01
    58    0.12147E+01    0.57013E+01
    59    0.12357E+01    0.57707E+01
    60    0.12566E+01    0.56694E+01
    61    0.12776E+01    0.58515E+01
    62    0.12985E+01    0.58620E+01
    63    0.13195E+01    0.59891E+01
    64    0.13404E+01    0.60597E+01
    65    0.13614E+01    0.61083E+01
    66    0.13823E+01    0.62605E+01
    67    0.14032E+01    0.63244E+01
    68    0.14242E+01    0.64459E+01
    69    0.14451E+01    0.65659E+01
    70    0.14661E+01    0.66641E+01
    71    0.14870E+01    0.67210E+01
    72    0.15080E+01    0.68455E+01
    73    0.15289E+01    0.70049E+01
    74    0.15499E+01    0.71735E+01
    75    0.15708E+01    0.73045E+01
    76    0.15917E+01    0.74547E+01
    77    0.16127E+01    0.76793E+01
    78    0.16336E+01    0.77925E+01
    79    0.16546E+01    0.79310E+01
    80    0.16755E+01    0.80178E+01
    81    0.16965E+01    0.81950E+01
    82    0.17174E+01    0.83935E+01
    83    0.17383E+01    0.85108E+01
    84    0.17593E+01    0.87974E+01
    85    0.17802E+01    0.89767E+01
    86    0.18012E+01    0.89721E+01
    87    0.18221E+01    0.92370E+01
    88    0.18431E+01    0.94309E+01
    89    0.18640E+01    0.96200E+01
    90    0.18850E+01    0.96635E+01
    91    0.19059E+01    0.98147E+01
    92    0.19268E+01    0.10030E+02
    93    0.19478E+01    0.10229E+02
    94    0.19687E+01    0.10391E+02
    95    0.19897E+01    0.10499E+02
    96    0.20106E+01    0.10732E+02
    97    0.20316E+01    0.10877E+02
    98    0.20525E+01    0.10946E+02
    99    0.20735E+01    0.11192E+02
   100    0.20944E+01    0.11328E+02
   101    0.21153E+01    0.11373E+02
   102    0.21363E+01    0.11641E+02
   103    0.21572E+01    0.11735E+02
   104    0.21782E+01    0.11889E+02
   105    0.21991E+01    0.11991E+02
   106    0.22201E+01    0.12072E+02
   107    0.22410E+01    0.12170E+02
   108    0.22619E+01    0.12337E+02
   109    0.22829E+01    0.12558E+02
   110    0.23038E+01    0.12483E+02
   111    0.23248E+01    0.12660E+02
   112    0.23457E+01    0.12716E+02
   113    0.23667E+01    0.12779E+02
   114    0.23876E+01    0.12828E+02
   115    0.24086E+01    0.12847E+02
   116    0.24295E+01    0.12927E+02
   117    0.24504E+01    0.13015E+02
   118    0.24714E+01    0.12980E+02
   119    0.24923E+01    0.13025E+02
   120    0.25133E+01    0.12990E+02
   121    0.25342E+01    0.13007E+02
   122    0.25552E+01    0.13053E+02
   123    0.25761E+01    0.12970E+02
   124    0.25970E+01    0.12972E+02
   125    0.26180E+01    0.12916E+02
   126    0.26389E+01    0.12906E+02
   127    0.26599E+01    0.12708E+02
   128    0.26808E+01    0.12661E+02
   129    0.27018E+01    0.12656E+02
   130    0.27227E+01    0.12572E+02
   131    0.27437E+01    0.12436E+02
   132    0.27646E+01    0.12276E+02
   133    0.27855E+01    0.12178E+02
   134    0.28065E+01    0.12068E+02
   135    0.28274E+01    0.11807E+02
   136    0.28484E+01    0.11671E+02
   137    0.28693E+01    0.11524E+02
   138    0.28903E+01    0.11332E+02
   139    0.29112E+01    0.11146E+02
   140    0.29322E+01    0.10995E+02
   141    0.29531E+01    0.10761E+02
   142    0.29740E+01    0.10583E+02
   143    0.29950E+01    0.10416E+02
   144    0.30159E+01    0.10209E+02
   145    0.30369E+01    0.10091E+02
   146    0.30578E+01    0.99111E+01
   147    0.30788E+01    0.97595E+01
   148    0.30997E+01    0.96949E+01
   149    0.31206E+01    0.96116E+01
