k[unitless]    k[h/Mpc]    D^2(k)
     1    0.20944E-01    0.31197E-01
     2    0.41888E-01    0.14582E+00
     3    0.62832E-01    0.44452E+00
     4    0.83776E-01    0.83642E+00
     5    0.10472E+00    0.10774E+01
     6    0.12566E+00    0.15881E+01
     7    0.14661E+00    0.21566E+01
     8    0.16755E+00    0.26624E+01
     9    0.18850E+00    0.33367E+01
    10    0.20944E+00    0.38531E+01
    11    0.23038E+00    0.46131E+01
    12    0.25133E+00    0.49499E+01
    13    0.27227E+00    0.56774E+01
    14    0.29322E+00    0.62134E+01
    15    0.31416E+00    0.67818E+01
    16    0.33510E+00    0.69853E+01
    17    0.35605E+00    0.75088E+01
    18    0.37699E+00    0.80300E+01
    19    0.39794E+00    0.80171E+01
    20    0.41888E+00    0.91887E+01
    21    0.43982E+00    0.90897E+01
    22    0.46077E+00    0.92598E+01
    23    0.48171E+00    0.95132E+01
    24    0.50265E+00    0.97963E+01
    25    0.52360E+00    0.10208E+02
    26    0.54454E+00    0.10645E+02
    27    0.56549E+00    0.10773E+02
    28    0.58643E+00    0.10706E+02
    29    0.60737E+00    0.11003E+02
    30    0.62832E+00    0.11042E+02
    31    0.64926E+00    0.11206E+02
    32    0.67021E+00    0.11243E+02
    33    0.69115E+00    0.11194E+02
    34    0.71209E+00    0.11140E+02
    35    0.73304E+00    0.11271E+02
    36    0.75398E+00    0.11577E+02
    37    0.77493E+00    0.11357E+02
    38    0.79587E+00    0.11409E+02
    39    0.81681E+00    0.11350E+02
    40    0.83776E+00    0.11193E+02
    41    0.85870E+00    0.11374E+02
    42    0.87965E+00    0.11440E+02
    43    0.90059E+00    0.11483E+02
    44    0.92153E+00    0.11525E+02
    45    0.94248E+00    0.11368E+02
    46    0.96342E+00    0.11390E+02
    47    0.98437E+00    0.11453E+02
    48    0.10053E+01    0.11415E+02
    49    0.10263E+01    0.11543E+02
    50    0.10472E+01    0.11544E+02
    51    0.10681E+01    0.11698E+02
    52    0.10891E+01    0.11589E+02
    53    0.11100E+01    0.11799E+02
    54    0.11310E+01    0.11887E+02
    55    0.11519E+01    0.11921E+02
    56    0.11729E+01    0.12114E+02
    57    0.11938E+01    0.12439E+02
    58    0.12147E+01    0.12517E+02
    59    0.12357E+01    0.12766E+02
    60    0.12566E+01    0.12767E+02
    61    0.12776E+01    0.12953E+02
    62    0.12985E+01    0.13462E+02
    63    0.13195E+01    0.13596E+02
    64    0.13404E+01    0.13942E+02
    65    0.13614E+01    0.14307E+02
    66    0.13823E+01    0.14529E+02
    67    0.14032E+01    0.14846E+02
    68    0.14242E+01    0.15186E+02
    69    0.14451E+01    0.15736E+02
    70    0.14661E+01    0.16063E+02
    71    0.14870E+01    0.16293E+02
    72    0.15080E+01    0.16863E+02
    73    0.15289E+01    0.17414E+02
    74    0.15499E+01    0.17813E+02
    75    0.15708E+01    0.18400E+02
    76    0.15917E+01    0.18935E+02
    77    0.16127E+01    0.19512E+02
    78    0.16336E+01    0.20123E+02
    79    0.16546E+01    0.20531E+02
    80    0.16755E+01    0.21155E+02
    81    0.16965E+01    0.21771E+02
    82    0.17174E+01    0.22251E+02
    83    0.17383E+01    0.23162E+02
    84    0.17593E+01    0.23496E+02
    85    0.17802E+01    0.24341E+02
    86    0.18012E+01    0.24859E+02
    87    0.18221E+01    0.25450E+02
    88    0.18431E+01    0.26342E+02
    89    0.18640E+01    0.26964E+02
    90    0.18850E+01    0.27482E+02
    91    0.19059E+01    0.27969E+02
    92    0.19268E+01    0.28727E+02
    93    0.19478E+01    0.29577E+02
    94    0.19687E+01    0.29941E+02
    95    0.19897E+01    0.30905E+02
    96    0.20106E+01    0.31456E+02
    97    0.20316E+01    0.32122E+02
    98    0.20525E+01    0.32786E+02
    99    0.20735E+01    0.33299E+02
   100    0.20944E+01    0.34012E+02
   101    0.21153E+01    0.34262E+02
   102    0.21363E+01    0.35188E+02
   103    0.21572E+01    0.35559E+02
   104    0.21782E+01    0.36363E+02
   105    0.21991E+01    0.36984E+02
   106    0.22201E+01    0.37375E+02
   107    0.22410E+01    0.37809E+02
   108    0.22619E+01    0.38485E+02
   109    0.22829E+01    0.38972E+02
   110    0.23038E+01    0.39284E+02
   111    0.23248E+01    0.39366E+02
   112    0.23457E+01    0.40068E+02
   113    0.23667E+01    0.40153E+02
   114    0.23876E+01    0.40584E+02
   115    0.24086E+01    0.40943E+02
   116    0.24295E+01    0.41670E+02
   117    0.24504E+01    0.41392E+02
   118    0.24714E+01    0.41435E+02
   119    0.24923E+01    0.42129E+02
   120    0.25133E+01    0.41801E+02
   121    0.25342E+01    0.42240E+02
   122    0.25552E+01    0.42041E+02
   123    0.25761E+01    0.41926E+02
   124    0.25970E+01    0.42047E+02
   125    0.26180E+01    0.41905E+02
   126    0.26389E+01    0.41999E+02
   127    0.26599E+01    0.41526E+02
   128    0.26808E+01    0.40892E+02
   129    0.27018E+01    0.41030E+02
   130    0.27227E+01    0.40519E+02
   131    0.27437E+01    0.40288E+02
   132    0.27646E+01    0.39534E+02
   133    0.27855E+01    0.39163E+02
   134    0.28065E+01    0.38458E+02
   135    0.28274E+01    0.37931E+02
   136    0.28484E+01    0.37187E+02
   137    0.28693E+01    0.36484E+02
   138    0.28903E+01    0.35852E+02
   139    0.29112E+01    0.35019E+02
   140    0.29322E+01    0.34265E+02
   141    0.29531E+01    0.33423E+02
   142    0.29740E+01    0.32376E+02
   143    0.29950E+01    0.31491E+02
   144    0.30159E+01    0.30681E+02
   145    0.30369E+01    0.30000E+02
   146    0.30578E+01    0.29027E+02
   147    0.30788E+01    0.28184E+02
   148    0.30997E+01    0.27851E+02
   149    0.31206E+01    0.27356E+02
