k[unitless]    k[h/Mpc]    D^2(k)
     1    0.20944E-01    0.17245E+00
     2    0.41888E-01    0.81259E+00
     3    0.62832E-01    0.21617E+01
     4    0.83776E-01    0.35548E+01
     5    0.10472E+00    0.41809E+01
     6    0.12566E+00    0.53836E+01
     7    0.14661E+00    0.63521E+01
     8    0.16755E+00    0.65839E+01
     9    0.18850E+00    0.77281E+01
    10    0.20944E+00    0.81745E+01
    11    0.23038E+00    0.86617E+01
    12    0.25133E+00    0.85542E+01
    13    0.27227E+00    0.87023E+01
    14    0.29322E+00    0.85472E+01
    15    0.31416E+00    0.86344E+01
    16    0.33510E+00    0.90078E+01
    17    0.35605E+00    0.88832E+01
    18    0.37699E+00    0.88786E+01
    19    0.39794E+00    0.86087E+01
    20    0.41888E+00    0.89773E+01
    21    0.43982E+00    0.89995E+01
    22    0.46077E+00    0.88866E+01
    23    0.48171E+00    0.86068E+01
    24    0.50265E+00    0.85787E+01
    25    0.52360E+00    0.86201E+01
    26    0.54454E+00    0.87414E+01
    27    0.56549E+00    0.86128E+01
    28    0.58643E+00    0.85153E+01
    29    0.60737E+00    0.85511E+01
    30    0.62832E+00    0.82937E+01
    31    0.64926E+00    0.81741E+01
    32    0.67021E+00    0.82084E+01
    33    0.69115E+00    0.81945E+01
    34    0.71209E+00    0.77820E+01
    35    0.73304E+00    0.76759E+01
    36    0.75398E+00    0.76593E+01
    37    0.77493E+00    0.76709E+01
    38    0.79587E+00    0.77116E+01
    39    0.81681E+00    0.75629E+01
    40    0.83776E+00    0.74026E+01
    41    0.85870E+00    0.74117E+01
    42    0.87965E+00    0.73157E+01
    43    0.90059E+00    0.72252E+01
    44    0.92153E+00    0.72249E+01
    45    0.94248E+00    0.71722E+01
    46    0.96342E+00    0.71025E+01
    47    0.98437E+00    0.71965E+01
    48    0.10053E+01    0.71337E+01
    49    0.10263E+01    0.71176E+01
    50    0.10472E+01    0.71182E+01
    51    0.10681E+01    0.70901E+01
    52    0.10891E+01    0.70676E+01
    53    0.11100E+01    0.72199E+01
    54    0.11310E+01    0.71402E+01
    55    0.11519E+01    0.71232E+01
    56    0.11729E+01    0.71712E+01
    57    0.11938E+01    0.72604E+01
    58    0.12147E+01    0.73453E+01
    59    0.12357E+01    0.75690E+01
    60    0.12566E+01    0.74493E+01
    61    0.12776E+01    0.76720E+01
    62    0.12985E+01    0.76310E+01
    63    0.13195E+01    0.78503E+01
    64    0.13404E+01    0.79798E+01
    65    0.13614E+01    0.80846E+01
    66    0.13823E+01    0.82462E+01
    67    0.14032E+01    0.83543E+01
    68    0.14242E+01    0.85152E+01
    69    0.14451E+01    0.86104E+01
    70    0.14661E+01    0.88207E+01
    71    0.14870E+01    0.89358E+01
    72    0.15080E+01    0.91253E+01
    73    0.15289E+01    0.93947E+01
    74    0.15499E+01    0.96574E+01
    75    0.15708E+01    0.97951E+01
    76    0.15917E+01    0.99981E+01
    77    0.16127E+01    0.10207E+02
    78    0.16336E+01    0.10489E+02
    79    0.16546E+01    0.10758E+02
    80    0.16755E+01    0.10933E+02
    81    0.16965E+01    0.11168E+02
    82    0.17174E+01    0.11406E+02
    83    0.17383E+01    0.11665E+02
    84    0.17593E+01    0.12019E+02
    85    0.17802E+01    0.12338E+02
    86    0.18012E+01    0.12400E+02
    87    0.18221E+01    0.12705E+02
    88    0.18431E+01    0.12928E+02
    89    0.18640E+01    0.13368E+02
    90    0.18850E+01    0.13463E+02
    91    0.19059E+01    0.13635E+02
    92    0.19268E+01    0.13889E+02
    93    0.19478E+01    0.14279E+02
    94    0.19687E+01    0.14436E+02
    95    0.19897E+01    0.14763E+02
    96    0.20106E+01    0.15072E+02
    97    0.20316E+01    0.15278E+02
    98    0.20525E+01    0.15452E+02
    99    0.20735E+01    0.15662E+02
   100    0.20944E+01    0.16052E+02
   101    0.21153E+01    0.16038E+02
   102    0.21363E+01    0.16481E+02
   103    0.21572E+01    0.16571E+02
   104    0.21782E+01    0.16778E+02
   105    0.21991E+01    0.17071E+02
   106    0.22201E+01    0.17111E+02
   107    0.22410E+01    0.17306E+02
   108    0.22619E+01    0.17692E+02
   109    0.22829E+01    0.17875E+02
   110    0.23038E+01    0.17835E+02
   111    0.23248E+01    0.18084E+02
   112    0.23457E+01    0.18229E+02
   113    0.23667E+01    0.18234E+02
   114    0.23876E+01    0.18432E+02
   115    0.24086E+01    0.18425E+02
   116    0.24295E+01    0.18649E+02
   117    0.24504E+01    0.18681E+02
   118    0.24714E+01    0.18642E+02
   119    0.24923E+01    0.18796E+02
   120    0.25133E+01    0.18737E+02
   121    0.25342E+01    0.18822E+02
   122    0.25552E+01    0.18697E+02
   123    0.25761E+01    0.18686E+02
   124    0.25970E+01    0.18740E+02
   125    0.26180E+01    0.18719E+02
   126    0.26389E+01    0.18710E+02
   127    0.26599E+01    0.18247E+02
   128    0.26808E+01    0.18265E+02
   129    0.27018E+01    0.18242E+02
   130    0.27227E+01    0.18119E+02
   131    0.27437E+01    0.18009E+02
   132    0.27646E+01    0.17664E+02
   133    0.27855E+01    0.17561E+02
   134    0.28065E+01    0.17350E+02
   135    0.28274E+01    0.16966E+02
   136    0.28484E+01    0.16811E+02
   137    0.28693E+01    0.16559E+02
   138    0.28903E+01    0.16196E+02
   139    0.29112E+01    0.15961E+02
   140    0.29322E+01    0.15720E+02
   141    0.29531E+01    0.15419E+02
   142    0.29740E+01    0.15109E+02
   143    0.29950E+01    0.14864E+02
   144    0.30159E+01    0.14567E+02
   145    0.30369E+01    0.14246E+02
   146    0.30578E+01    0.13976E+02
   147    0.30788E+01    0.13760E+02
   148    0.30997E+01    0.13633E+02
   149    0.31206E+01    0.13571E+02
