k[unitless]    k[h/Mpc]    D^2(k)
     1    0.20944E-01    0.95300E-01
     2    0.41888E-01    0.34029E+00
     3    0.62832E-01    0.67893E+00
     4    0.83776E-01    0.81327E+00
     5    0.10472E+00    0.11945E+01
     6    0.12566E+00    0.12933E+01
     7    0.14661E+00    0.13385E+01
     8    0.16755E+00    0.13309E+01
     9    0.18850E+00    0.13890E+01
    10    0.20944E+00    0.13826E+01
    11    0.23038E+00    0.15044E+01
    12    0.25133E+00    0.14250E+01
    13    0.27227E+00    0.14222E+01
    14    0.29322E+00    0.13941E+01
    15    0.31416E+00    0.13737E+01
    16    0.33510E+00    0.13923E+01
    17    0.35605E+00    0.13786E+01
    18    0.37699E+00    0.13584E+01
    19    0.39794E+00    0.13348E+01
    20    0.41888E+00    0.13437E+01
    21    0.43982E+00    0.13556E+01
    22    0.46077E+00    0.13086E+01
    23    0.48171E+00    0.13328E+01
    24    0.50265E+00    0.12776E+01
    25    0.52360E+00    0.12464E+01
    26    0.54454E+00    0.12122E+01
    27    0.56549E+00    0.12161E+01
    28    0.58643E+00    0.11641E+01
    29    0.60737E+00    0.12033E+01
    30    0.62832E+00    0.11753E+01
    31    0.64926E+00    0.11494E+01
    32    0.67021E+00    0.11686E+01
    33    0.69115E+00    0.11560E+01
    34    0.71209E+00    0.11134E+01
    35    0.73304E+00    0.10869E+01
    36    0.75398E+00    0.11252E+01
    37    0.77493E+00    0.10993E+01
    38    0.79587E+00    0.10829E+01
    39    0.81681E+00    0.11061E+01
    40    0.83776E+00    0.10678E+01
    41    0.85870E+00    0.10916E+01
    42    0.87965E+00    0.10678E+01
    43    0.90059E+00    0.10583E+01
    44    0.92153E+00    0.10717E+01
    45    0.94248E+00    0.10773E+01
    46    0.96342E+00    0.10721E+01
    47    0.98437E+00    0.10829E+01
    48    0.10053E+01    0.10650E+01
    49    0.10263E+01    0.10748E+01
    50    0.10472E+01    0.10567E+01
    51    0.10681E+01    0.10653E+01
    52    0.10891E+01    0.10768E+01
    53    0.11100E+01    0.10476E+01
    54    0.11310E+01    0.10629E+01
    55    0.11519E+01    0.10718E+01
    56    0.11729E+01    0.10666E+01
    57    0.11938E+01    0.10859E+01
    58    0.12147E+01    0.10936E+01
    59    0.12357E+01    0.10918E+01
    60    0.12566E+01    0.10994E+01
    61    0.12776E+01    0.11129E+01
    62    0.12985E+01    0.11113E+01
    63    0.13195E+01    0.11317E+01
    64    0.13404E+01    0.11437E+01
    65    0.13614E+01    0.11564E+01
    66    0.13823E+01    0.11618E+01
    67    0.14032E+01    0.11747E+01
    68    0.14242E+01    0.11890E+01
    69    0.14451E+01    0.12038E+01
    70    0.14661E+01    0.12273E+01
    71    0.14870E+01    0.12349E+01
    72    0.15080E+01    0.12439E+01
    73    0.15289E+01    0.12761E+01
    74    0.15499E+01    0.12816E+01
    75    0.15708E+01    0.12920E+01
    76    0.15917E+01    0.13176E+01
    77    0.16127E+01    0.13274E+01
    78    0.16336E+01    0.13505E+01
    79    0.16546E+01    0.13566E+01
    80    0.16755E+01    0.13866E+01
    81    0.16965E+01    0.14089E+01
    82    0.17174E+01    0.14181E+01
    83    0.17383E+01    0.14387E+01
    84    0.17593E+01    0.14629E+01
    85    0.17802E+01    0.14971E+01
    86    0.18012E+01    0.15078E+01
    87    0.18221E+01    0.15187E+01
    88    0.18431E+01    0.15435E+01
    89    0.18640E+01    0.15665E+01
    90    0.18850E+01    0.15762E+01
    91    0.19059E+01    0.15949E+01
    92    0.19268E+01    0.16137E+01
    93    0.19478E+01    0.16357E+01
    94    0.19687E+01    0.16530E+01
    95    0.19897E+01    0.16728E+01
    96    0.20106E+01    0.16777E+01
    97    0.20316E+01    0.16942E+01
    98    0.20525E+01    0.17116E+01
    99    0.20735E+01    0.17149E+01
   100    0.20944E+01    0.17406E+01
   101    0.21153E+01    0.17342E+01
   102    0.21363E+01    0.17629E+01
   103    0.21572E+01    0.17882E+01
   104    0.21782E+01    0.17893E+01
   105    0.21991E+01    0.17962E+01
   106    0.22201E+01    0.18040E+01
   107    0.22410E+01    0.18252E+01
   108    0.22619E+01    0.18366E+01
   109    0.22829E+01    0.18520E+01
   110    0.23038E+01    0.18392E+01
   111    0.23248E+01    0.18503E+01
   112    0.23457E+01    0.18441E+01
   113    0.23667E+01    0.18649E+01
   114    0.23876E+01    0.18718E+01
   115    0.24086E+01    0.18869E+01
   116    0.24295E+01    0.18672E+01
   117    0.24504E+01    0.18784E+01
   118    0.24714E+01    0.18724E+01
   119    0.24923E+01    0.18776E+01
   120    0.25133E+01    0.18730E+01
   121    0.25342E+01    0.18679E+01
   122    0.25552E+01    0.18629E+01
   123    0.25761E+01    0.18588E+01
   124    0.25970E+01    0.18571E+01
   125    0.26180E+01    0.18518E+01
   126    0.26389E+01    0.18264E+01
   127    0.26599E+01    0.18199E+01
   128    0.26808E+01    0.18024E+01
   129    0.27018E+01    0.18001E+01
   130    0.27227E+01    0.17784E+01
   131    0.27437E+01    0.17639E+01
   132    0.27646E+01    0.17528E+01
   133    0.27855E+01    0.17416E+01
   134    0.28065E+01    0.17177E+01
   135    0.28274E+01    0.17153E+01
   136    0.28484E+01    0.16780E+01
   137    0.28693E+01    0.16628E+01
   138    0.28903E+01    0.16397E+01
   139    0.29112E+01    0.16249E+01
   140    0.29322E+01    0.15971E+01
   141    0.29531E+01    0.15706E+01
   142    0.29740E+01    0.15504E+01
   143    0.29950E+01    0.15334E+01
   144    0.30159E+01    0.15223E+01
   145    0.30369E+01    0.14963E+01
   146    0.30578E+01    0.14895E+01
   147    0.30788E+01    0.14743E+01
   148    0.30997E+01    0.14643E+01
   149    0.31206E+01    0.14578E+01
