k[unitless]    k[h/Mpc]    D^2(k)
     1    0.20944E-01    0.21847E+00
     2    0.41888E-01    0.98140E+00
     3    0.62832E-01    0.23856E+01
     4    0.83776E-01    0.33802E+01
     5    0.10472E+00    0.38834E+01
     6    0.12566E+00    0.45393E+01
     7    0.14661E+00    0.50414E+01
     8    0.16755E+00    0.49266E+01
     9    0.18850E+00    0.54502E+01
    10    0.20944E+00    0.54879E+01
    11    0.23038E+00    0.56266E+01
    12    0.25133E+00    0.57449E+01
    13    0.27227E+00    0.55061E+01
    14    0.29322E+00    0.55412E+01
    15    0.31416E+00    0.53638E+01
    16    0.33510E+00    0.56430E+01
    17    0.35605E+00    0.53545E+01
    18    0.37699E+00    0.53686E+01
    19    0.39794E+00    0.52837E+01
    20    0.41888E+00    0.52974E+01
    21    0.43982E+00    0.54702E+01
    22    0.46077E+00    0.53852E+01
    23    0.48171E+00    0.50076E+01
    24    0.50265E+00    0.49166E+01
    25    0.52360E+00    0.49802E+01
    26    0.54454E+00    0.50180E+01
    27    0.56549E+00    0.50330E+01
    28    0.58643E+00    0.49432E+01
    29    0.60737E+00    0.49722E+01
    30    0.62832E+00    0.47590E+01
    31    0.64926E+00    0.47915E+01
    32    0.67021E+00    0.47425E+01
    33    0.69115E+00    0.46754E+01
    34    0.71209E+00    0.45085E+01
    35    0.73304E+00    0.45189E+01
    36    0.75398E+00    0.44780E+01
    37    0.77493E+00    0.44433E+01
    38    0.79587E+00    0.44862E+01
    39    0.81681E+00    0.43771E+01
    40    0.83776E+00    0.42875E+01
    41    0.85870E+00    0.42679E+01
    42    0.87965E+00    0.42375E+01
    43    0.90059E+00    0.42706E+01
    44    0.92153E+00    0.42281E+01
    45    0.94248E+00    0.41884E+01
    46    0.96342E+00    0.41661E+01
    47    0.98437E+00    0.42264E+01
    48    0.10053E+01    0.41525E+01
    49    0.10263E+01    0.42334E+01
    50    0.10472E+01    0.41648E+01
    51    0.10681E+01    0.42188E+01
    52    0.10891E+01    0.41963E+01
    53    0.11100E+01    0.42547E+01
    54    0.11310E+01    0.42321E+01
    55    0.11519E+01    0.41618E+01
    56    0.11729E+01    0.42528E+01
    57    0.11938E+01    0.42983E+01
    58    0.12147E+01    0.43950E+01
    59    0.12357E+01    0.43780E+01
    60    0.12566E+01    0.43943E+01
    61    0.12776E+01    0.44540E+01
    62    0.12985E+01    0.45359E+01
    63    0.13195E+01    0.45940E+01
    64    0.13404E+01    0.46630E+01
    65    0.13614E+01    0.47105E+01
    66    0.13823E+01    0.48291E+01
    67    0.14032E+01    0.48482E+01
    68    0.14242E+01    0.48931E+01
    69    0.14451E+01    0.50062E+01
    70    0.14661E+01    0.50719E+01
    71    0.14870E+01    0.51477E+01
    72    0.15080E+01    0.52451E+01
    73    0.15289E+01    0.53303E+01
    74    0.15499E+01    0.54288E+01
    75    0.15708E+01    0.55509E+01
    76    0.15917E+01    0.56352E+01
    77    0.16127E+01    0.57557E+01
    78    0.16336E+01    0.58153E+01
    79    0.16546E+01    0.59352E+01
    80    0.16755E+01    0.60062E+01
    81    0.16965E+01    0.61329E+01
    82    0.17174E+01    0.62545E+01
    83    0.17383E+01    0.63387E+01
    84    0.17593E+01    0.65087E+01
    85    0.17802E+01    0.66543E+01
    86    0.18012E+01    0.66517E+01
    87    0.18221E+01    0.68284E+01
    88    0.18431E+01    0.69645E+01
    89    0.18640E+01    0.70910E+01
    90    0.18850E+01    0.71271E+01
    91    0.19059E+01    0.72617E+01
    92    0.19268E+01    0.73887E+01
    93    0.19478E+01    0.75464E+01
    94    0.19687E+01    0.76290E+01
    95    0.19897E+01    0.77201E+01
    96    0.20106E+01    0.78418E+01
    97    0.20316E+01    0.79062E+01
    98    0.20525E+01    0.80565E+01
    99    0.20735E+01    0.81710E+01
   100    0.20944E+01    0.82655E+01
   101    0.21153E+01    0.82405E+01
   102    0.21363E+01    0.84155E+01
   103    0.21572E+01    0.85108E+01
   104    0.21782E+01    0.86248E+01
   105    0.21991E+01    0.86831E+01
   106    0.22201E+01    0.87352E+01
   107    0.22410E+01    0.88189E+01
   108    0.22619E+01    0.88949E+01
   109    0.22829E+01    0.90275E+01
   110    0.23038E+01    0.90506E+01
   111    0.23248E+01    0.90909E+01
   112    0.23457E+01    0.91241E+01
   113    0.23667E+01    0.91585E+01
   114    0.23876E+01    0.92654E+01
   115    0.24086E+01    0.92480E+01
   116    0.24295E+01    0.92613E+01
   117    0.24504E+01    0.93220E+01
   118    0.24714E+01    0.93519E+01
   119    0.24923E+01    0.93372E+01
   120    0.25133E+01    0.92560E+01
   121    0.25342E+01    0.92920E+01
   122    0.25552E+01    0.93264E+01
   123    0.25761E+01    0.92933E+01
   124    0.25970E+01    0.92583E+01
   125    0.26180E+01    0.92249E+01
   126    0.26389E+01    0.92137E+01
   127    0.26599E+01    0.91305E+01
   128    0.26808E+01    0.90161E+01
   129    0.27018E+01    0.90184E+01
   130    0.27227E+01    0.89464E+01
   131    0.27437E+01    0.88475E+01
   132    0.27646E+01    0.87900E+01
   133    0.27855E+01    0.86680E+01
   134    0.28065E+01    0.86393E+01
   135    0.28274E+01    0.84519E+01
   136    0.28484E+01    0.83543E+01
   137    0.28693E+01    0.82630E+01
   138    0.28903E+01    0.80925E+01
   139    0.29112E+01    0.79717E+01
   140    0.29322E+01    0.78504E+01
   141    0.29531E+01    0.77430E+01
   142    0.29740E+01    0.76140E+01
   143    0.29950E+01    0.74902E+01
   144    0.30159E+01    0.73508E+01
   145    0.30369E+01    0.73017E+01
   146    0.30578E+01    0.71602E+01
   147    0.30788E+01    0.70928E+01
   148    0.30997E+01    0.70125E+01
   149    0.31206E+01    0.69531E+01
