k[unitless]    k[h/Mpc]    D^2(k)
     1    0.20944E-01    0.45117E-02
     2    0.41888E-01    0.14058E-01
     3    0.62832E-01    0.27066E-01
     4    0.83776E-01    0.46739E-01
     5    0.10472E+00    0.84835E-01
     6    0.12566E+00    0.86838E-01
     7    0.14661E+00    0.89068E-01
     8    0.16755E+00    0.90323E-01
     9    0.18850E+00    0.10821E+00
    10    0.20944E+00    0.11745E+00
    11    0.23038E+00    0.12661E+00
    12    0.25133E+00    0.13551E+00
    13    0.27227E+00    0.13882E+00
    14    0.29322E+00    0.12574E+00
    15    0.31416E+00    0.12342E+00
    16    0.33510E+00    0.13138E+00
    17    0.35605E+00    0.13645E+00
    18    0.37699E+00    0.12862E+00
    19    0.39794E+00    0.13136E+00
    20    0.41888E+00    0.13084E+00
    21    0.43982E+00    0.13139E+00
    22    0.46077E+00    0.12663E+00
    23    0.48171E+00    0.11982E+00
    24    0.50265E+00    0.11657E+00
    25    0.52360E+00    0.11866E+00
    26    0.54454E+00    0.11682E+00
    27    0.56549E+00    0.11571E+00
    28    0.58643E+00    0.11414E+00
    29    0.60737E+00    0.11074E+00
    30    0.62832E+00    0.10833E+00
    31    0.64926E+00    0.11035E+00
    32    0.67021E+00    0.10725E+00
    33    0.69115E+00    0.10297E+00
    34    0.71209E+00    0.10021E+00
    35    0.73304E+00    0.10309E+00
    36    0.75398E+00    0.10454E+00
    37    0.77493E+00    0.10353E+00
    38    0.79587E+00    0.10249E+00
    39    0.81681E+00    0.99332E-01
    40    0.83776E+00    0.99979E-01
    41    0.85870E+00    0.10062E+00
    42    0.87965E+00    0.99633E-01
    43    0.90059E+00    0.99334E-01
    44    0.92153E+00    0.10169E+00
    45    0.94248E+00    0.10032E+00
    46    0.96342E+00    0.10109E+00
    47    0.98437E+00    0.99490E-01
    48    0.10053E+01    0.99615E-01
    49    0.10263E+01    0.98231E-01
    50    0.10472E+01    0.96977E-01
    51    0.10681E+01    0.99237E-01
    52    0.10891E+01    0.99539E-01
    53    0.11100E+01    0.99149E-01
    54    0.11310E+01    0.10103E+00
    55    0.11519E+01    0.10202E+00
    56    0.11729E+01    0.99698E-01
    57    0.11938E+01    0.98591E-01
    58    0.12147E+01    0.98649E-01
    59    0.12357E+01    0.10009E+00
    60    0.12566E+01    0.99803E-01
    61    0.12776E+01    0.10123E+00
    62    0.12985E+01    0.10478E+00
    63    0.13195E+01    0.10405E+00
    64    0.13404E+01    0.10660E+00
    65    0.13614E+01    0.10639E+00
    66    0.13823E+01    0.10683E+00
    67    0.14032E+01    0.10634E+00
    68    0.14242E+01    0.10694E+00
    69    0.14451E+01    0.10676E+00
    70    0.14661E+01    0.10767E+00
    71    0.14870E+01    0.10776E+00
    72    0.15080E+01    0.10889E+00
    73    0.15289E+01    0.11099E+00
    74    0.15499E+01    0.11116E+00
    75    0.15708E+01    0.11121E+00
    76    0.15917E+01    0.11373E+00
    77    0.16127E+01    0.11318E+00
    78    0.16336E+01    0.11470E+00
    79    0.16546E+01    0.11644E+00
    80    0.16755E+01    0.11772E+00
    81    0.16965E+01    0.11819E+00
    82    0.17174E+01    0.12003E+00
    83    0.17383E+01    0.12290E+00
    84    0.17593E+01    0.12401E+00
    85    0.17802E+01    0.12519E+00
    86    0.18012E+01    0.12719E+00
    87    0.18221E+01    0.12907E+00
    88    0.18431E+01    0.12910E+00
    89    0.18640E+01    0.12936E+00
    90    0.18850E+01    0.13134E+00
    91    0.19059E+01    0.13167E+00
    92    0.19268E+01    0.13202E+00
    93    0.19478E+01    0.13403E+00
    94    0.19687E+01    0.13599E+00
    95    0.19897E+01    0.13618E+00
    96    0.20106E+01    0.13661E+00
    97    0.20316E+01    0.13633E+00
    98    0.20525E+01    0.13777E+00
    99    0.20735E+01    0.13842E+00
   100    0.20944E+01    0.14001E+00
   101    0.21153E+01    0.14110E+00
   102    0.21363E+01    0.14177E+00
   103    0.21572E+01    0.14465E+00
   104    0.21782E+01    0.14556E+00
   105    0.21991E+01    0.14516E+00
   106    0.22201E+01    0.14579E+00
   107    0.22410E+01    0.14785E+00
   108    0.22619E+01    0.14933E+00
   109    0.22829E+01    0.14828E+00
   110    0.23038E+01    0.14849E+00
   111    0.23248E+01    0.14860E+00
   112    0.23457E+01    0.14842E+00
   113    0.23667E+01    0.14762E+00
   114    0.23876E+01    0.14963E+00
   115    0.24086E+01    0.15090E+00
   116    0.24295E+01    0.15153E+00
   117    0.24504E+01    0.15182E+00
   118    0.24714E+01    0.15069E+00
   119    0.24923E+01    0.15120E+00
   120    0.25133E+01    0.15074E+00
   121    0.25342E+01    0.14993E+00
   122    0.25552E+01    0.14868E+00
   123    0.25761E+01    0.14882E+00
   124    0.25970E+01    0.14885E+00
   125    0.26180E+01    0.14777E+00
   126    0.26389E+01    0.14697E+00
   127    0.26599E+01    0.14737E+00
   128    0.26808E+01    0.14700E+00
   129    0.27018E+01    0.14681E+00
   130    0.27227E+01    0.14479E+00
   131    0.27437E+01    0.14531E+00
   132    0.27646E+01    0.14429E+00
   133    0.27855E+01    0.14323E+00
   134    0.28065E+01    0.14111E+00
   135    0.28274E+01    0.13957E+00
   136    0.28484E+01    0.13781E+00
   137    0.28693E+01    0.13676E+00
   138    0.28903E+01    0.13506E+00
   139    0.29112E+01    0.13282E+00
   140    0.29322E+01    0.13129E+00
   141    0.29531E+01    0.13042E+00
   142    0.29740E+01    0.12901E+00
   143    0.29950E+01    0.12748E+00
   144    0.30159E+01    0.12615E+00
   145    0.30369E+01    0.12465E+00
   146    0.30578E+01    0.12435E+00
   147    0.30788E+01    0.12447E+00
   148    0.30997E+01    0.12366E+00
   149    0.31206E+01    0.12209E+00
