k[unitless]    k[h/Mpc]    D^2(k)
     1    0.20944E-01    0.98214E-01
     2    0.41888E-01    0.46250E+00
     3    0.62832E-01    0.13079E+01
     4    0.83776E-01    0.23101E+01
     5    0.10472E+00    0.28332E+01
     6    0.12566E+00    0.39207E+01
     7    0.14661E+00    0.49224E+01
     8    0.16755E+00    0.55492E+01
     9    0.18850E+00    0.67478E+01
    10    0.20944E+00    0.74611E+01
    11    0.23038E+00    0.83372E+01
    12    0.25133E+00    0.84710E+01
    13    0.27227E+00    0.90970E+01
    14    0.29322E+00    0.94241E+01
    15    0.31416E+00    0.97867E+01
    16    0.33510E+00    0.98910E+01
    17    0.35605E+00    0.10283E+02
    18    0.37699E+00    0.10479E+02
    19    0.39794E+00    0.10107E+02
    20    0.41888E+00    0.11220E+02
    21    0.43982E+00    0.11106E+02
    22    0.46077E+00    0.10830E+02
    23    0.48171E+00    0.10698E+02
    24    0.50265E+00    0.10920E+02
    25    0.52360E+00    0.11086E+02
    26    0.54454E+00    0.11304E+02
    27    0.56549E+00    0.11070E+02
    28    0.58643E+00    0.11038E+02
    29    0.60737E+00    0.11256E+02
    30    0.62832E+00    0.11011E+02
    31    0.64926E+00    0.11007E+02
    32    0.67021E+00    0.10764E+02
    33    0.69115E+00    0.10616E+02
    34    0.71209E+00    0.10446E+02
    35    0.73304E+00    0.10396E+02
    36    0.75398E+00    0.10589E+02
    37    0.77493E+00    0.10247E+02
    38    0.79587E+00    0.10287E+02
    39    0.81681E+00    0.10273E+02
    40    0.83776E+00    0.98907E+01
    41    0.85870E+00    0.10053E+02
    42    0.87965E+00    0.98460E+01
    43    0.90059E+00    0.97370E+01
    44    0.92153E+00    0.98442E+01
    45    0.94248E+00    0.98840E+01
    46    0.96342E+00    0.96122E+01
    47    0.98437E+00    0.97102E+01
    48    0.10053E+01    0.96490E+01
    49    0.10263E+01    0.96195E+01
    50    0.10472E+01    0.96539E+01
    51    0.10681E+01    0.96336E+01
    52    0.10891E+01    0.96835E+01
    53    0.11100E+01    0.98213E+01
    54    0.11310E+01    0.97191E+01
    55    0.11519E+01    0.98366E+01
    56    0.11729E+01    0.99052E+01
    57    0.11938E+01    0.10049E+02
    58    0.12147E+01    0.10122E+02
    59    0.12357E+01    0.10255E+02
    60    0.12566E+01    0.10263E+02
    61    0.12776E+01    0.10498E+02
    62    0.12985E+01    0.10666E+02
    63    0.13195E+01    0.10819E+02
    64    0.13404E+01    0.11088E+02
    65    0.13614E+01    0.11225E+02
    66    0.13823E+01    0.11382E+02
    67    0.14032E+01    0.11589E+02
    68    0.14242E+01    0.11883E+02
    69    0.14451E+01    0.12191E+02
    70    0.14661E+01    0.12511E+02
    71    0.14870E+01    0.12724E+02
    72    0.15080E+01    0.13063E+02
    73    0.15289E+01    0.13390E+02
    74    0.15499E+01    0.13723E+02
    75    0.15708E+01    0.14086E+02
    76    0.15917E+01    0.14428E+02
    77    0.16127E+01    0.14857E+02
    78    0.16336E+01    0.15180E+02
    79    0.16546E+01    0.15555E+02
    80    0.16755E+01    0.15949E+02
    81    0.16965E+01    0.16335E+02
    82    0.17174E+01    0.16870E+02
    83    0.17383E+01    0.17281E+02
    84    0.17593E+01    0.17613E+02
    85    0.17802E+01    0.18275E+02
    86    0.18012E+01    0.18440E+02
    87    0.18221E+01    0.19020E+02
    88    0.18431E+01    0.19421E+02
    89    0.18640E+01    0.19987E+02
    90    0.18850E+01    0.20280E+02
    91    0.19059E+01    0.20677E+02
    92    0.19268E+01    0.21099E+02
    93    0.19478E+01    0.21699E+02
    94    0.19687E+01    0.22023E+02
    95    0.19897E+01    0.22651E+02
    96    0.20106E+01    0.23088E+02
    97    0.20316E+01    0.23530E+02
    98    0.20525E+01    0.23861E+02
    99    0.20735E+01    0.24246E+02
   100    0.20944E+01    0.24735E+02
   101    0.21153E+01    0.24963E+02
   102    0.21363E+01    0.25690E+02
   103    0.21572E+01    0.25796E+02
   104    0.21782E+01    0.26142E+02
   105    0.21991E+01    0.26622E+02
   106    0.22201E+01    0.26839E+02
   107    0.22410E+01    0.27208E+02
   108    0.22619E+01    0.27646E+02
   109    0.22829E+01    0.27964E+02
   110    0.23038E+01    0.28112E+02
   111    0.23248E+01    0.28287E+02
   112    0.23457E+01    0.28755E+02
   113    0.23667E+01    0.28984E+02
   114    0.23876E+01    0.29208E+02
   115    0.24086E+01    0.29300E+02
   116    0.24295E+01    0.29645E+02
   117    0.24504E+01    0.29543E+02
   118    0.24714E+01    0.29607E+02
   119    0.24923E+01    0.29930E+02
   120    0.25133E+01    0.29926E+02
   121    0.25342E+01    0.30123E+02
   122    0.25552E+01    0.29879E+02
   123    0.25761E+01    0.29779E+02
   124    0.25970E+01    0.30009E+02
   125    0.26180E+01    0.29891E+02
   126    0.26389E+01    0.29939E+02
   127    0.26599E+01    0.29356E+02
   128    0.26808E+01    0.29096E+02
   129    0.27018E+01    0.29107E+02
   130    0.27227E+01    0.28952E+02
   131    0.27437E+01    0.28774E+02
   132    0.27646E+01    0.28173E+02
   133    0.27855E+01    0.27913E+02
   134    0.28065E+01    0.27571E+02
   135    0.28274E+01    0.27040E+02
   136    0.28484E+01    0.26752E+02
   137    0.28693E+01    0.26206E+02
   138    0.28903E+01    0.25811E+02
   139    0.29112E+01    0.25168E+02
   140    0.29322E+01    0.24771E+02
   141    0.29531E+01    0.24171E+02
   142    0.29740E+01    0.23667E+02
   143    0.29950E+01    0.23090E+02
   144    0.30159E+01    0.22636E+02
   145    0.30369E+01    0.22080E+02
   146    0.30578E+01    0.21461E+02
   147    0.30788E+01    0.21040E+02
   148    0.30997E+01    0.20799E+02
   149    0.31206E+01    0.20511E+02
