k[unitless]    k[h/Mpc]    D^2(k)
     1    0.20944E-01    0.10747E+00
     2    0.41888E-01    0.50648E+00
     3    0.62832E-01    0.14231E+01
     4    0.83776E-01    0.24958E+01
     5    0.10472E+00    0.30441E+01
     6    0.12566E+00    0.41839E+01
     7    0.14661E+00    0.52117E+01
     8    0.16755E+00    0.58148E+01
     9    0.18850E+00    0.70418E+01
    10    0.20944E+00    0.77484E+01
    11    0.23038E+00    0.85962E+01
    12    0.25133E+00    0.86826E+01
    13    0.27227E+00    0.92554E+01
    14    0.29322E+00    0.95250E+01
    15    0.31416E+00    0.98415E+01
    16    0.33510E+00    0.99641E+01
    17    0.35605E+00    0.10314E+02
    18    0.37699E+00    0.10463E+02
    19    0.39794E+00    0.10068E+02
    20    0.41888E+00    0.11106E+02
    21    0.43982E+00    0.11016E+02
    22    0.46077E+00    0.10730E+02
    23    0.48171E+00    0.10560E+02
    24    0.50265E+00    0.10763E+02
    25    0.52360E+00    0.10895E+02
    26    0.54454E+00    0.11091E+02
    27    0.56549E+00    0.10863E+02
    28    0.58643E+00    0.10823E+02
    29    0.60737E+00    0.11023E+02
    30    0.62832E+00    0.10780E+02
    31    0.64926E+00    0.10735E+02
    32    0.67021E+00    0.10528E+02
    33    0.69115E+00    0.10376E+02
    34    0.71209E+00    0.10177E+02
    35    0.73304E+00    0.10104E+02
    36    0.75398E+00    0.10279E+02
    37    0.77493E+00    0.99564E+01
    38    0.79587E+00    0.10017E+02
    39    0.81681E+00    0.99917E+01
    40    0.83776E+00    0.96362E+01
    41    0.85870E+00    0.97603E+01
    42    0.87965E+00    0.95535E+01
    43    0.90059E+00    0.94612E+01
    44    0.92153E+00    0.95400E+01
    45    0.94248E+00    0.96203E+01
    46    0.96342E+00    0.93241E+01
    47    0.98437E+00    0.94325E+01
    48    0.10053E+01    0.93875E+01
    49    0.10263E+01    0.93207E+01
    50    0.10472E+01    0.93561E+01
    51    0.10681E+01    0.93425E+01
    52    0.10891E+01    0.93940E+01
    53    0.11100E+01    0.95406E+01
    54    0.11310E+01    0.94028E+01
    55    0.11519E+01    0.95219E+01
    56    0.11729E+01    0.95856E+01
    57    0.11938E+01    0.97121E+01
    58    0.12147E+01    0.97937E+01
    59    0.12357E+01    0.99419E+01
    60    0.12566E+01    0.99341E+01
    61    0.12776E+01    0.10158E+02
    62    0.12985E+01    0.10300E+02
    63    0.13195E+01    0.10470E+02
    64    0.13404E+01    0.10698E+02
    65    0.13614E+01    0.10849E+02
    66    0.13823E+01    0.10987E+02
    67    0.14032E+01    0.11233E+02
    68    0.14242E+01    0.11475E+02
    69    0.14451E+01    0.11739E+02
    70    0.14661E+01    0.12048E+02
    71    0.14870E+01    0.12272E+02
    72    0.15080E+01    0.12585E+02
    73    0.15289E+01    0.12877E+02
    74    0.15499E+01    0.13218E+02
    75    0.15708E+01    0.13572E+02
    76    0.15917E+01    0.13875E+02
    77    0.16127E+01    0.14266E+02
    78    0.16336E+01    0.14570E+02
    79    0.16546E+01    0.14961E+02
    80    0.16755E+01    0.15312E+02
    81    0.16965E+01    0.15663E+02
    82    0.17174E+01    0.16190E+02
    83    0.17383E+01    0.16563E+02
    84    0.17593E+01    0.16889E+02
    85    0.17802E+01    0.17537E+02
    86    0.18012E+01    0.17675E+02
    87    0.18221E+01    0.18225E+02
    88    0.18431E+01    0.18575E+02
    89    0.18640E+01    0.19143E+02
    90    0.18850E+01    0.19409E+02
    91    0.19059E+01    0.19750E+02
    92    0.19268E+01    0.20152E+02
    93    0.19478E+01    0.20730E+02
    94    0.19687E+01    0.21059E+02
    95    0.19897E+01    0.21609E+02
    96    0.20106E+01    0.22017E+02
    97    0.20316E+01    0.22420E+02
    98    0.20525E+01    0.22776E+02
    99    0.20735E+01    0.23127E+02
   100    0.20944E+01    0.23630E+02
   101    0.21153E+01    0.23790E+02
   102    0.21363E+01    0.24500E+02
   103    0.21572E+01    0.24603E+02
   104    0.21782E+01    0.24915E+02
   105    0.21991E+01    0.25387E+02
   106    0.22201E+01    0.25519E+02
   107    0.22410E+01    0.25936E+02
   108    0.22619E+01    0.26322E+02
   109    0.22829E+01    0.26654E+02
   110    0.23038E+01    0.26780E+02
   111    0.23248E+01    0.26953E+02
   112    0.23457E+01    0.27378E+02
   113    0.23667E+01    0.27594E+02
   114    0.23876E+01    0.27781E+02
   115    0.24086E+01    0.27885E+02
   116    0.24295E+01    0.28200E+02
   117    0.24504E+01    0.28105E+02
   118    0.24714E+01    0.28162E+02
   119    0.24923E+01    0.28437E+02
   120    0.25133E+01    0.28481E+02
   121    0.25342E+01    0.28648E+02
   122    0.25552E+01    0.28391E+02
   123    0.25761E+01    0.28314E+02
   124    0.25970E+01    0.28501E+02
   125    0.26180E+01    0.28402E+02
   126    0.26389E+01    0.28471E+02
   127    0.26599E+01    0.27841E+02
   128    0.26808E+01    0.27696E+02
   129    0.27018E+01    0.27670E+02
   130    0.27227E+01    0.27524E+02
   131    0.27437E+01    0.27377E+02
   132    0.27646E+01    0.26806E+02
   133    0.27855E+01    0.26563E+02
   134    0.28065E+01    0.26244E+02
   135    0.28274E+01    0.25712E+02
   136    0.28484E+01    0.25463E+02
   137    0.28693E+01    0.24987E+02
   138    0.28903E+01    0.24534E+02
   139    0.29112E+01    0.23962E+02
   140    0.29322E+01    0.23587E+02
   141    0.29531E+01    0.23042E+02
   142    0.29740E+01    0.22588E+02
   143    0.29950E+01    0.22031E+02
   144    0.30159E+01    0.21596E+02
   145    0.30369E+01    0.21080E+02
   146    0.30578E+01    0.20533E+02
   147    0.30788E+01    0.20113E+02
   148    0.30997E+01    0.19916E+02
   149    0.31206E+01    0.19668E+02
