k[unitless]    k[h/Mpc]    D^2(k)
     1    0.20944E-01    0.11699E-01
     2    0.41888E-01    0.63474E-01
     3    0.62832E-01    0.16701E+00
     4    0.83776E-01    0.24912E+00
     5    0.10472E+00    0.44878E+00
     6    0.12566E+00    0.63955E+00
     7    0.14661E+00    0.85971E+00
     8    0.16755E+00    0.10919E+01
     9    0.18850E+00    0.13064E+01
    10    0.20944E+00    0.15406E+01
    11    0.23038E+00    0.17822E+01
    12    0.25133E+00    0.22416E+01
    13    0.27227E+00    0.25525E+01
    14    0.29322E+00    0.27908E+01
    15    0.31416E+00    0.31058E+01
    16    0.33510E+00    0.34007E+01
    17    0.35605E+00    0.36351E+01
    18    0.37699E+00    0.40701E+01
    19    0.39794E+00    0.46778E+01
    20    0.41888E+00    0.46540E+01
    21    0.43982E+00    0.50565E+01
    22    0.46077E+00    0.55520E+01
    23    0.48171E+00    0.59609E+01
    24    0.50265E+00    0.61989E+01
    25    0.52360E+00    0.62522E+01
    26    0.54454E+00    0.68636E+01
    27    0.56549E+00    0.74020E+01
    28    0.58643E+00    0.74551E+01
    29    0.60737E+00    0.77402E+01
    30    0.62832E+00    0.82059E+01
    31    0.64926E+00    0.83677E+01
    32    0.67021E+00    0.89020E+01
    33    0.69115E+00    0.92906E+01
    34    0.71209E+00    0.93999E+01
    35    0.73304E+00    0.96536E+01
    36    0.75398E+00    0.10215E+02
    37    0.77493E+00    0.10304E+02
    38    0.79587E+00    0.10734E+02
    39    0.81681E+00    0.10779E+02
    40    0.83776E+00    0.11238E+02
    41    0.85870E+00    0.11332E+02
    42    0.87965E+00    0.11734E+02
    43    0.90059E+00    0.12167E+02
    44    0.92153E+00    0.12480E+02
    45    0.94248E+00    0.12675E+02
    46    0.96342E+00    0.12698E+02
    47    0.98437E+00    0.13295E+02
    48    0.10053E+01    0.13475E+02
    49    0.10263E+01    0.13596E+02
    50    0.10472E+01    0.13831E+02
    51    0.10681E+01    0.14206E+02
    52    0.10891E+01    0.14394E+02
    53    0.11100E+01    0.14624E+02
    54    0.11310E+01    0.14929E+02
    55    0.11519E+01    0.15398E+02
    56    0.11729E+01    0.15746E+02
    57    0.11938E+01    0.16146E+02
    58    0.12147E+01    0.16173E+02
    59    0.12357E+01    0.16770E+02
    60    0.12566E+01    0.16852E+02
    61    0.12776E+01    0.17093E+02
    62    0.12985E+01    0.17663E+02
    63    0.13195E+01    0.17910E+02
    64    0.13404E+01    0.18275E+02
    65    0.13614E+01    0.18617E+02
    66    0.13823E+01    0.18886E+02
    67    0.14032E+01    0.19405E+02
    68    0.14242E+01    0.19880E+02
    69    0.14451E+01    0.20189E+02
    70    0.14661E+01    0.20542E+02
    71    0.14870E+01    0.20677E+02
    72    0.15080E+01    0.21258E+02
    73    0.15289E+01    0.21815E+02
    74    0.15499E+01    0.22188E+02
    75    0.15708E+01    0.22731E+02
    76    0.15917E+01    0.23216E+02
    77    0.16127E+01    0.23676E+02
    78    0.16336E+01    0.24265E+02
    79    0.16546E+01    0.24810E+02
    80    0.16755E+01    0.25121E+02
    81    0.16965E+01    0.25772E+02
    82    0.17174E+01    0.25866E+02
    83    0.17383E+01    0.26836E+02
    84    0.17593E+01    0.26960E+02
    85    0.17802E+01    0.27648E+02
    86    0.18012E+01    0.28230E+02
    87    0.18221E+01    0.28801E+02
    88    0.18431E+01    0.29358E+02
    89    0.18640E+01    0.29935E+02
    90    0.18850E+01    0.30341E+02
    91    0.19059E+01    0.30773E+02
    92    0.19268E+01    0.31340E+02
    93    0.19478E+01    0.32080E+02
    94    0.19687E+01    0.32515E+02
    95    0.19897E+01    0.33201E+02
    96    0.20106E+01    0.33923E+02
    97    0.20316E+01    0.34087E+02
    98    0.20525E+01    0.34542E+02
    99    0.20735E+01    0.35178E+02
   100    0.20944E+01    0.35791E+02
   101    0.21153E+01    0.35951E+02
   102    0.21363E+01    0.36621E+02
   103    0.21572E+01    0.37050E+02
   104    0.21782E+01    0.37760E+02
   105    0.21991E+01    0.37996E+02
   106    0.22201E+01    0.38507E+02
   107    0.22410E+01    0.38919E+02
   108    0.22619E+01    0.39329E+02
   109    0.22829E+01    0.39385E+02
   110    0.23038E+01    0.39732E+02
   111    0.23248E+01    0.39896E+02
   112    0.23457E+01    0.40346E+02
   113    0.23667E+01    0.40710E+02
   114    0.23876E+01    0.40698E+02
   115    0.24086E+01    0.41112E+02
   116    0.24295E+01    0.41438E+02
   117    0.24504E+01    0.41589E+02
   118    0.24714E+01    0.41197E+02
   119    0.24923E+01    0.41860E+02
   120    0.25133E+01    0.41725E+02
   121    0.25342E+01    0.41632E+02
   122    0.25552E+01    0.41765E+02
   123    0.25761E+01    0.41302E+02
   124    0.25970E+01    0.41239E+02
   125    0.26180E+01    0.41131E+02
   126    0.26389E+01    0.41220E+02
   127    0.26599E+01    0.40831E+02
   128    0.26808E+01    0.40074E+02
   129    0.27018E+01    0.39931E+02
   130    0.27227E+01    0.39685E+02
   131    0.27437E+01    0.39378E+02
   132    0.27646E+01    0.38511E+02
   133    0.27855E+01    0.38507E+02
   134    0.28065E+01    0.37573E+02
   135    0.28274E+01    0.36884E+02
   136    0.28484E+01    0.36406E+02
   137    0.28693E+01    0.35520E+02
   138    0.28903E+01    0.35083E+02
   139    0.29112E+01    0.34329E+02
   140    0.29322E+01    0.33611E+02
   141    0.29531E+01    0.32871E+02
   142    0.29740E+01    0.31875E+02
   143    0.29950E+01    0.31143E+02
   144    0.30159E+01    0.30220E+02
   145    0.30369E+01    0.29710E+02
   146    0.30578E+01    0.28719E+02
   147    0.30788E+01    0.28004E+02
   148    0.30997E+01    0.27482E+02
   149    0.31206E+01    0.26983E+02
