k[unitless]    k[h/Mpc]    D^2(k)
     1    0.20944E-01    0.11702E+00
     2    0.41888E-01    0.55169E+00
     3    0.62832E-01    0.15393E+01
     4    0.83776E-01    0.26787E+01
     5    0.10472E+00    0.32538E+01
     6    0.12566E+00    0.44353E+01
     7    0.14661E+00    0.54827E+01
     8    0.16755E+00    0.60514E+01
     9    0.18850E+00    0.73015E+01
    10    0.20944E+00    0.79868E+01
    11    0.23038E+00    0.87959E+01
    12    0.25133E+00    0.88365E+01
    13    0.27227E+00    0.93498E+01
    14    0.29322E+00    0.95578E+01
    15    0.31416E+00    0.98313E+01
    16    0.33510E+00    0.99794E+01
    17    0.35605E+00    0.10285E+02
    18    0.37699E+00    0.10386E+02
    19    0.39794E+00    0.99799E+01
    20    0.41888E+00    0.10930E+02
    21    0.43982E+00    0.10864E+02
    22    0.46077E+00    0.10580E+02
    23    0.48171E+00    0.10375E+02
    24    0.50265E+00    0.10557E+02
    25    0.52360E+00    0.10659E+02
    26    0.54454E+00    0.10836E+02
    27    0.56549E+00    0.10615E+02
    28    0.58643E+00    0.10571E+02
    29    0.60737E+00    0.10743E+02
    30    0.62832E+00    0.10516E+02
    31    0.64926E+00    0.10432E+02
    32    0.67021E+00    0.10246E+02
    33    0.69115E+00    0.10117E+02
    34    0.71209E+00    0.98860E+01
    35    0.73304E+00    0.97875E+01
    36    0.75398E+00    0.99330E+01
    37    0.77493E+00    0.96498E+01
    38    0.79587E+00    0.97174E+01
    39    0.81681E+00    0.96778E+01
    40    0.83776E+00    0.93574E+01
    41    0.85870E+00    0.94577E+01
    42    0.87965E+00    0.92495E+01
    43    0.90059E+00    0.91674E+01
    44    0.92153E+00    0.92179E+01
    45    0.94248E+00    0.93303E+01
    46    0.96342E+00    0.90191E+01
    47    0.98437E+00    0.91360E+01
    48    0.10053E+01    0.91032E+01
    49    0.10263E+01    0.90087E+01
    50    0.10472E+01    0.90482E+01
    51    0.10681E+01    0.90394E+01
    52    0.10891E+01    0.90746E+01
    53    0.11100E+01    0.92422E+01
    54    0.11310E+01    0.90649E+01
    55    0.11519E+01    0.91990E+01
    56    0.11729E+01    0.92371E+01
    57    0.11938E+01    0.93648E+01
    58    0.12147E+01    0.94587E+01
    59    0.12357E+01    0.96123E+01
    60    0.12566E+01    0.96016E+01
    61    0.12776E+01    0.98088E+01
    62    0.12985E+01    0.99162E+01
    63    0.13195E+01    0.10111E+02
    64    0.13404E+01    0.10295E+02
    65    0.13614E+01    0.10467E+02
    66    0.13823E+01    0.10592E+02
    67    0.14032E+01    0.10836E+02
    68    0.14242E+01    0.11056E+02
    69    0.14451E+01    0.11278E+02
    70    0.14661E+01    0.11576E+02
    71    0.14870E+01    0.11790E+02
    72    0.15080E+01    0.12099E+02
    73    0.15289E+01    0.12366E+02
    74    0.15499E+01    0.12708E+02
    75    0.15708E+01    0.13039E+02
    76    0.15917E+01    0.13315E+02
    77    0.16127E+01    0.13680E+02
    78    0.16336E+01    0.13957E+02
    79    0.16546E+01    0.14350E+02
    80    0.16755E+01    0.14667E+02
    81    0.16965E+01    0.14985E+02
    82    0.17174E+01    0.15471E+02
    83    0.17383E+01    0.15847E+02
    84    0.17593E+01    0.16179E+02
    85    0.17802E+01    0.16772E+02
    86    0.18012E+01    0.16908E+02
    87    0.18221E+01    0.17405E+02
    88    0.18431E+01    0.17714E+02
    89    0.18640E+01    0.18269E+02
    90    0.18850E+01    0.18534E+02
    91    0.19059E+01    0.18829E+02
    92    0.19268E+01    0.19201E+02
    93    0.19478E+01    0.19741E+02
    94    0.19687E+01    0.20076E+02
    95    0.19897E+01    0.20532E+02
    96    0.20106E+01    0.20937E+02
    97    0.20316E+01    0.21289E+02
    98    0.20525E+01    0.21692E+02
    99    0.20735E+01    0.22009E+02
   100    0.20944E+01    0.22522E+02
   101    0.21153E+01    0.22639E+02
   102    0.21363E+01    0.23300E+02
   103    0.21572E+01    0.23367E+02
   104    0.21782E+01    0.23687E+02
   105    0.21991E+01    0.24157E+02
   106    0.22201E+01    0.24214E+02
   107    0.22410E+01    0.24625E+02
   108    0.22619E+01    0.25032E+02
   109    0.22829E+01    0.25333E+02
   110    0.23038E+01    0.25411E+02
   111    0.23248E+01    0.25604E+02
   112    0.23457E+01    0.26004E+02
   113    0.23667E+01    0.26168E+02
   114    0.23876E+01    0.26355E+02
   115    0.24086E+01    0.26420E+02
   116    0.24295E+01    0.26733E+02
   117    0.24504E+01    0.26677E+02
   118    0.24714E+01    0.26720E+02
   119    0.24923E+01    0.26911E+02
   120    0.25133E+01    0.27014E+02
   121    0.25342E+01    0.27167E+02
   122    0.25552E+01    0.26899E+02
   123    0.25761E+01    0.26839E+02
   124    0.25970E+01    0.27019E+02
   125    0.26180E+01    0.26892E+02
   126    0.26389E+01    0.26952E+02
   127    0.26599E+01    0.26331E+02
   128    0.26808E+01    0.26296E+02
   129    0.27018E+01    0.26218E+02
   130    0.27227E+01    0.26089E+02
   131    0.27437E+01    0.25963E+02
   132    0.27646E+01    0.25409E+02
   133    0.27855E+01    0.25192E+02
   134    0.28065E+01    0.24915E+02
   135    0.28274E+01    0.24376E+02
   136    0.28484E+01    0.24162E+02
   137    0.28693E+01    0.23706E+02
   138    0.28903E+01    0.23279E+02
   139    0.29112E+01    0.22743E+02
   140    0.29322E+01    0.22365E+02
   141    0.29531E+01    0.21890E+02
   142    0.29740E+01    0.21468E+02
   143    0.29950E+01    0.20950E+02
   144    0.30159E+01    0.20550E+02
   145    0.30369E+01    0.20052E+02
   146    0.30578E+01    0.19591E+02
   147    0.30788E+01    0.19189E+02
   148    0.30997E+01    0.18999E+02
   149    0.31206E+01    0.18780E+02
