k[unitless]    k[h/Mpc]    D^2(k)
     1    0.20944E-01    0.77326E-02
     2    0.41888E-01    0.36990E-01
     3    0.62832E-01    0.13355E+00
     4    0.83776E-01    0.25742E+00
     5    0.10472E+00    0.39028E+00
     6    0.12566E+00    0.61016E+00
     7    0.14661E+00    0.91463E+00
     8    0.16755E+00    0.12498E+01
     9    0.18850E+00    0.15647E+01
    10    0.20944E+00    0.18755E+01
    11    0.23038E+00    0.23651E+01
    12    0.25133E+00    0.26829E+01
    13    0.27227E+00    0.32212E+01
    14    0.29322E+00    0.36201E+01
    15    0.31416E+00    0.40752E+01
    16    0.33510E+00    0.43400E+01
    17    0.35605E+00    0.47410E+01
    18    0.37699E+00    0.52606E+01
    19    0.39794E+00    0.55138E+01
    20    0.41888E+00    0.62379E+01
    21    0.43982E+00    0.63509E+01
    22    0.46077E+00    0.67712E+01
    23    0.48171E+00    0.71632E+01
    24    0.50265E+00    0.73829E+01
    25    0.52360E+00    0.77820E+01
    26    0.54454E+00    0.82991E+01
    27    0.56549E+00    0.87199E+01
    28    0.58643E+00    0.86281E+01
    29    0.60737E+00    0.89832E+01
    30    0.62832E+00    0.92131E+01
    31    0.64926E+00    0.94420E+01
    32    0.67021E+00    0.97914E+01
    33    0.69115E+00    0.99790E+01
    34    0.71209E+00    0.99167E+01
    35    0.73304E+00    0.10118E+02
    36    0.75398E+00    0.10569E+02
    37    0.77493E+00    0.10549E+02
    38    0.79587E+00    0.10745E+02
    39    0.81681E+00    0.10704E+02
    40    0.83776E+00    0.10908E+02
    41    0.85870E+00    0.10901E+02
    42    0.87965E+00    0.11227E+02
    43    0.90059E+00    0.11541E+02
    44    0.92153E+00    0.11612E+02
    45    0.94248E+00    0.11538E+02
    46    0.96342E+00    0.11510E+02
    47    0.98437E+00    0.11865E+02
    48    0.10053E+01    0.11900E+02
    49    0.10263E+01    0.11955E+02
    50    0.10472E+01    0.12086E+02
    51    0.10681E+01    0.12373E+02
    52    0.10891E+01    0.12363E+02
    53    0.11100E+01    0.12615E+02
    54    0.11310E+01    0.12764E+02
    55    0.11519E+01    0.12990E+02
    56    0.11729E+01    0.13262E+02
    57    0.11938E+01    0.13651E+02
    58    0.12147E+01    0.13662E+02
    59    0.12357E+01    0.14137E+02
    60    0.12566E+01    0.14150E+02
    61    0.12776E+01    0.14305E+02
    62    0.12985E+01    0.14866E+02
    63    0.13195E+01    0.15179E+02
    64    0.13404E+01    0.15534E+02
    65    0.13614E+01    0.15914E+02
    66    0.13823E+01    0.16220E+02
    67    0.14032E+01    0.16652E+02
    68    0.14242E+01    0.17076E+02
    69    0.14451E+01    0.17573E+02
    70    0.14661E+01    0.17941E+02
    71    0.14870E+01    0.18239E+02
    72    0.15080E+01    0.18792E+02
    73    0.15289E+01    0.19547E+02
    74    0.15499E+01    0.19996E+02
    75    0.15708E+01    0.20535E+02
    76    0.15917E+01    0.21241E+02
    77    0.16127E+01    0.21738E+02
    78    0.16336E+01    0.22467E+02
    79    0.16546E+01    0.22983E+02
    80    0.16755E+01    0.23522E+02
    81    0.16965E+01    0.24373E+02
    82    0.17174E+01    0.24658E+02
    83    0.17383E+01    0.25821E+02
    84    0.17593E+01    0.26147E+02
    85    0.17802E+01    0.27102E+02
    86    0.18012E+01    0.27692E+02
    87    0.18221E+01    0.28360E+02
    88    0.18431E+01    0.29317E+02
    89    0.18640E+01    0.29895E+02
    90    0.18850E+01    0.30528E+02
    91    0.19059E+01    0.30963E+02
    92    0.19268E+01    0.31893E+02
    93    0.19478E+01    0.32805E+02
    94    0.19687E+01    0.33415E+02
    95    0.19897E+01    0.34347E+02
    96    0.20106E+01    0.34968E+02
    97    0.20316E+01    0.35579E+02
    98    0.20525E+01    0.36298E+02
    99    0.20735E+01    0.37089E+02
   100    0.20944E+01    0.37817E+02
   101    0.21153E+01    0.38037E+02
   102    0.21363E+01    0.39026E+02
   103    0.21572E+01    0.39631E+02
   104    0.21782E+01    0.40454E+02
   105    0.21991E+01    0.40893E+02
   106    0.22201E+01    0.41562E+02
   107    0.22410E+01    0.42007E+02
   108    0.22619E+01    0.42670E+02
   109    0.22829E+01    0.43004E+02
   110    0.23038E+01    0.43401E+02
   111    0.23248E+01    0.43716E+02
   112    0.23457E+01    0.44455E+02
   113    0.23667E+01    0.44548E+02
   114    0.23876E+01    0.44725E+02
   115    0.24086E+01    0.45367E+02
   116    0.24295E+01    0.46206E+02
   117    0.24504E+01    0.45878E+02
   118    0.24714E+01    0.45961E+02
   119    0.24923E+01    0.46724E+02
   120    0.25133E+01    0.46407E+02
   121    0.25342E+01    0.46843E+02
   122    0.25552E+01    0.46723E+02
   123    0.25761E+01    0.46296E+02
   124    0.25970E+01    0.46454E+02
   125    0.26180E+01    0.46389E+02
   126    0.26389E+01    0.46464E+02
   127    0.26599E+01    0.46169E+02
   128    0.26808E+01    0.45353E+02
   129    0.27018E+01    0.45244E+02
   130    0.27227E+01    0.44821E+02
   131    0.27437E+01    0.44565E+02
   132    0.27646E+01    0.43605E+02
   133    0.27855E+01    0.43423E+02
   134    0.28065E+01    0.42384E+02
   135    0.28274E+01    0.41771E+02
   136    0.28484E+01    0.41058E+02
   137    0.28693E+01    0.40125E+02
   138    0.28903E+01    0.39641E+02
   139    0.29112E+01    0.38592E+02
   140    0.29322E+01    0.37690E+02
   141    0.29531E+01    0.36794E+02
   142    0.29740E+01    0.35593E+02
   143    0.29950E+01    0.34524E+02
   144    0.30159E+01    0.33518E+02
   145    0.30369E+01    0.32764E+02
   146    0.30578E+01    0.31591E+02
   147    0.30788E+01    0.30720E+02
   148    0.30997E+01    0.30202E+02
   149    0.31206E+01    0.29562E+02
