k[unitless]    k[h/Mpc]    D^2(k)
     1    0.20944E-01    0.18957E-05
     2    0.41888E-01    0.13880E-04
     3    0.62832E-01    0.45011E-04
     4    0.83776E-01    0.10275E-03
     5    0.10472E+00    0.18586E-03
     6    0.12566E+00    0.28648E-03
     7    0.14661E+00    0.40847E-03
     8    0.16755E+00    0.55002E-03
     9    0.18850E+00    0.67240E-03
    10    0.20944E+00    0.77908E-03
    11    0.23038E+00    0.88866E-03
    12    0.25133E+00    0.97818E-03
    13    0.27227E+00    0.10286E-02
    14    0.29322E+00    0.10524E-02
    15    0.31416E+00    0.10914E-02
    16    0.33510E+00    0.10992E-02
    17    0.35605E+00    0.10928E-02
    18    0.37699E+00    0.10948E-02
    19    0.39794E+00    0.11092E-02
    20    0.41888E+00    0.11199E-02
    21    0.43982E+00    0.11352E-02
    22    0.46077E+00    0.11666E-02
    23    0.48171E+00    0.11883E-02
    24    0.50265E+00    0.12258E-02
    25    0.52360E+00    0.12307E-02
    26    0.54454E+00    0.12606E-02
    27    0.56549E+00    0.12459E-02
    28    0.58643E+00    0.12376E-02
    29    0.60737E+00    0.12165E-02
    30    0.62832E+00    0.11815E-02
    31    0.64926E+00    0.11400E-02
    32    0.67021E+00    0.10874E-02
    33    0.69115E+00    0.10450E-02
    34    0.71209E+00    0.99737E-03
    35    0.73304E+00    0.96527E-03
    36    0.75398E+00    0.93444E-03
    37    0.77493E+00    0.91793E-03
    38    0.79587E+00    0.90060E-03
    39    0.81681E+00    0.90162E-03
    40    0.83776E+00    0.90004E-03
    41    0.85870E+00    0.89767E-03
    42    0.87965E+00    0.89488E-03
    43    0.90059E+00    0.89405E-03
    44    0.92153E+00    0.88255E-03
    45    0.94248E+00    0.87008E-03
    46    0.96342E+00    0.85792E-03
    47    0.98437E+00    0.84024E-03
    48    0.10053E+01    0.82763E-03
    49    0.10263E+01    0.81809E-03
    50    0.10472E+01    0.82427E-03
    51    0.10681E+01    0.81772E-03
    52    0.10891E+01    0.82928E-03
    53    0.11100E+01    0.84641E-03
    54    0.11310E+01    0.86456E-03
    55    0.11519E+01    0.87552E-03
    56    0.11729E+01    0.89594E-03
    57    0.11938E+01    0.90651E-03
    58    0.12147E+01    0.90773E-03
    59    0.12357E+01    0.90262E-03
    60    0.12566E+01    0.90220E-03
    61    0.12776E+01    0.88865E-03
    62    0.12985E+01    0.86914E-03
    63    0.13195E+01    0.86337E-03
    64    0.13404E+01    0.86175E-03
    65    0.13614E+01    0.86149E-03
    66    0.13823E+01    0.88742E-03
    67    0.14032E+01    0.89674E-03
    68    0.14242E+01    0.93128E-03
    69    0.14451E+01    0.96706E-03
    70    0.14661E+01    0.10076E-02
    71    0.14870E+01    0.10402E-02
    72    0.15080E+01    0.10709E-02
    73    0.15289E+01    0.11050E-02
    74    0.15499E+01    0.11101E-02
    75    0.15708E+01    0.11236E-02
    76    0.15917E+01    0.11305E-02
    77    0.16127E+01    0.11265E-02
    78    0.16336E+01    0.11158E-02
    79    0.16546E+01    0.11119E-02
    80    0.16755E+01    0.11124E-02
    81    0.16965E+01    0.11039E-02
    82    0.17174E+01    0.11036E-02
    83    0.17383E+01    0.11170E-02
    84    0.17593E+01    0.11310E-02
    85    0.17802E+01    0.11515E-02
    86    0.18012E+01    0.11734E-02
    87    0.18221E+01    0.12042E-02
    88    0.18431E+01    0.12405E-02
    89    0.18640E+01    0.12789E-02
    90    0.18850E+01    0.13039E-02
    91    0.19059E+01    0.13480E-02
    92    0.19268E+01    0.13828E-02
    93    0.19478E+01    0.14100E-02
    94    0.19687E+01    0.14277E-02
    95    0.19897E+01    0.14597E-02
    96    0.20106E+01    0.14891E-02
    97    0.20316E+01    0.14947E-02
    98    0.20525E+01    0.15058E-02
    99    0.20735E+01    0.15329E-02
   100    0.20944E+01    0.15452E-02
   101    0.21153E+01    0.15450E-02
   102    0.21363E+01    0.15531E-02
   103    0.21572E+01    0.15770E-02
   104    0.21782E+01    0.15772E-02
   105    0.21991E+01    0.15631E-02
   106    0.22201E+01    0.15758E-02
   107    0.22410E+01    0.15822E-02
   108    0.22619E+01    0.15745E-02
   109    0.22829E+01    0.15663E-02
   110    0.23038E+01    0.15752E-02
   111    0.23248E+01    0.15788E-02
   112    0.23457E+01    0.15716E-02
   113    0.23667E+01    0.15735E-02
   114    0.23876E+01    0.15750E-02
   115    0.24086E+01    0.15723E-02
   116    0.24295E+01    0.15671E-02
   117    0.24504E+01    0.15597E-02
   118    0.24714E+01    0.15570E-02
   119    0.24923E+01    0.15444E-02
   120    0.25133E+01    0.15354E-02
   121    0.25342E+01    0.15362E-02
   122    0.25552E+01    0.15263E-02
   123    0.25761E+01    0.15241E-02
   124    0.25970E+01    0.15311E-02
   125    0.26180E+01    0.15314E-02
   126    0.26389E+01    0.15368E-02
   127    0.26599E+01    0.15397E-02
   128    0.26808E+01    0.15473E-02
   129    0.27018E+01    0.15505E-02
   130    0.27227E+01    0.15472E-02
   131    0.27437E+01    0.15490E-02
   132    0.27646E+01    0.15435E-02
   133    0.27855E+01    0.15459E-02
   134    0.28065E+01    0.15354E-02
   135    0.28274E+01    0.15360E-02
   136    0.28484E+01    0.15356E-02
   137    0.28693E+01    0.15271E-02
   138    0.28903E+01    0.15272E-02
   139    0.29112E+01    0.15303E-02
   140    0.29322E+01    0.15226E-02
   141    0.29531E+01    0.15155E-02
   142    0.29740E+01    0.15109E-02
   143    0.29950E+01    0.14970E-02
   144    0.30159E+01    0.14754E-02
   145    0.30369E+01    0.14597E-02
   146    0.30578E+01    0.14426E-02
   147    0.30788E+01    0.14160E-02
   148    0.30997E+01    0.13917E-02
   149    0.31206E+01    0.13763E-02
