k[unitless]    k[h/Mpc]    D^2(k)
     1    0.20944E-01    0.25495E-02
     2    0.41888E-01    0.81704E-02
     3    0.62832E-01    0.16479E-01
     4    0.83776E-01    0.30297E-01
     5    0.10472E+00    0.54223E-01
     6    0.12566E+00    0.55013E-01
     7    0.14661E+00    0.56335E-01
     8    0.16755E+00    0.58881E-01
     9    0.18850E+00    0.68386E-01
    10    0.20944E+00    0.74822E-01
    11    0.23038E+00    0.81585E-01
    12    0.25133E+00    0.89567E-01
    13    0.27227E+00    0.93137E-01
    14    0.29322E+00    0.86050E-01
    15    0.31416E+00    0.84818E-01
    16    0.33510E+00    0.89501E-01
    17    0.35605E+00    0.93763E-01
    18    0.37699E+00    0.87566E-01
    19    0.39794E+00    0.89943E-01
    20    0.41888E+00    0.91672E-01
    21    0.43982E+00    0.94785E-01
    22    0.46077E+00    0.91438E-01
    23    0.48171E+00    0.84527E-01
    24    0.50265E+00    0.81214E-01
    25    0.52360E+00    0.84434E-01
    26    0.54454E+00    0.82387E-01
    27    0.56549E+00    0.81752E-01
    28    0.58643E+00    0.79951E-01
    29    0.60737E+00    0.78677E-01
    30    0.62832E+00    0.77508E-01
    31    0.64926E+00    0.79164E-01
    32    0.67021E+00    0.76738E-01
    33    0.69115E+00    0.72475E-01
    34    0.71209E+00    0.69961E-01
    35    0.73304E+00    0.71742E-01
    36    0.75398E+00    0.73355E-01
    37    0.77493E+00    0.73257E-01
    38    0.79587E+00    0.72356E-01
    39    0.81681E+00    0.69199E-01
    40    0.83776E+00    0.70101E-01
    41    0.85870E+00    0.70556E-01
    42    0.87965E+00    0.69866E-01
    43    0.90059E+00    0.69271E-01
    44    0.92153E+00    0.71404E-01
    45    0.94248E+00    0.71004E-01
    46    0.96342E+00    0.71526E-01
    47    0.98437E+00    0.70651E-01
    48    0.10053E+01    0.69476E-01
    49    0.10263E+01    0.68878E-01
    50    0.10472E+01    0.68237E-01
    51    0.10681E+01    0.71297E-01
    52    0.10891E+01    0.70315E-01
    53    0.11100E+01    0.69890E-01
    54    0.11310E+01    0.71481E-01
    55    0.11519E+01    0.71579E-01
    56    0.11729E+01    0.70698E-01
    57    0.11938E+01    0.70013E-01
    58    0.12147E+01    0.70082E-01
    59    0.12357E+01    0.70506E-01
    60    0.12566E+01    0.69971E-01
    61    0.12776E+01    0.69936E-01
    62    0.12985E+01    0.71411E-01
    63    0.13195E+01    0.71183E-01
    64    0.13404E+01    0.73376E-01
    65    0.13614E+01    0.72644E-01
    66    0.13823E+01    0.73345E-01
    67    0.14032E+01    0.74349E-01
    68    0.14242E+01    0.74728E-01
    69    0.14451E+01    0.75111E-01
    70    0.14661E+01    0.74837E-01
    71    0.14870E+01    0.75108E-01
    72    0.15080E+01    0.75228E-01
    73    0.15289E+01    0.76414E-01
    74    0.15499E+01    0.76291E-01
    75    0.15708E+01    0.76385E-01
    76    0.15917E+01    0.77785E-01
    77    0.16127E+01    0.77918E-01
    78    0.16336E+01    0.78920E-01
    79    0.16546E+01    0.79401E-01
    80    0.16755E+01    0.80675E-01
    81    0.16965E+01    0.81302E-01
    82    0.17174E+01    0.81503E-01
    83    0.17383E+01    0.82795E-01
    84    0.17593E+01    0.83953E-01
    85    0.17802E+01    0.84633E-01
    86    0.18012E+01    0.86496E-01
    87    0.18221E+01    0.87683E-01
    88    0.18431E+01    0.88540E-01
    89    0.18640E+01    0.89265E-01
    90    0.18850E+01    0.90674E-01
    91    0.19059E+01    0.90987E-01
    92    0.19268E+01    0.91198E-01
    93    0.19478E+01    0.92042E-01
    94    0.19687E+01    0.93212E-01
    95    0.19897E+01    0.93598E-01
    96    0.20106E+01    0.94645E-01
    97    0.20316E+01    0.93474E-01
    98    0.20525E+01    0.94858E-01
    99    0.20735E+01    0.95946E-01
   100    0.20944E+01    0.97570E-01
   101    0.21153E+01    0.98020E-01
   102    0.21363E+01    0.98503E-01
   103    0.21572E+01    0.99412E-01
   104    0.21782E+01    0.10056E+00
   105    0.21991E+01    0.10026E+00
   106    0.22201E+01    0.10066E+00
   107    0.22410E+01    0.10099E+00
   108    0.22619E+01    0.10206E+00
   109    0.22829E+01    0.10180E+00
   110    0.23038E+01    0.10214E+00
   111    0.23248E+01    0.10260E+00
   112    0.23457E+01    0.10184E+00
   113    0.23667E+01    0.10136E+00
   114    0.23876E+01    0.10260E+00
   115    0.24086E+01    0.10363E+00
   116    0.24295E+01    0.10391E+00
   117    0.24504E+01    0.10452E+00
   118    0.24714E+01    0.10418E+00
   119    0.24923E+01    0.10405E+00
   120    0.25133E+01    0.10399E+00
   121    0.25342E+01    0.10386E+00
   122    0.25552E+01    0.10309E+00
   123    0.25761E+01    0.10244E+00
   124    0.25970E+01    0.10190E+00
   125    0.26180E+01    0.10115E+00
   126    0.26389E+01    0.10090E+00
   127    0.26599E+01    0.10105E+00
   128    0.26808E+01    0.10071E+00
   129    0.27018E+01    0.10007E+00
   130    0.27227E+01    0.99455E-01
   131    0.27437E+01    0.99996E-01
   132    0.27646E+01    0.99125E-01
   133    0.27855E+01    0.98476E-01
   134    0.28065E+01    0.97192E-01
   135    0.28274E+01    0.96161E-01
   136    0.28484E+01    0.94527E-01
   137    0.28693E+01    0.93920E-01
   138    0.28903E+01    0.92321E-01
   139    0.29112E+01    0.91340E-01
   140    0.29322E+01    0.90744E-01
   141    0.29531E+01    0.89289E-01
   142    0.29740E+01    0.88133E-01
   143    0.29950E+01    0.87620E-01
   144    0.30159E+01    0.87063E-01
   145    0.30369E+01    0.85953E-01
   146    0.30578E+01    0.85355E-01
   147    0.30788E+01    0.85776E-01
   148    0.30997E+01    0.85350E-01
   149    0.31206E+01    0.84634E-01
