k[unitless]    k[h/Mpc]    D^2(k)
     1    0.20944E-01    0.99244E-08
     2    0.41888E-01    0.78868E-07
     3    0.62832E-01    0.26366E-06
     4    0.83776E-01    0.61680E-06
     5    0.10472E+00    0.11826E-05
     6    0.12566E+00    0.19987E-05
     7    0.14661E+00    0.30985E-05
     8    0.16755E+00    0.45012E-05
     9    0.18850E+00    0.62002E-05
    10    0.20944E+00    0.82033E-05
    11    0.23038E+00    0.10522E-04
    12    0.25133E+00    0.13126E-04
    13    0.27227E+00    0.15977E-04
    14    0.29322E+00    0.19055E-04
    15    0.31416E+00    0.22385E-04
    16    0.33510E+00    0.25855E-04
    17    0.35605E+00    0.29453E-04
    18    0.37699E+00    0.33154E-04
    19    0.39794E+00    0.36988E-04
    20    0.41888E+00    0.40893E-04
    21    0.43982E+00    0.44785E-04
    22    0.46077E+00    0.48841E-04
    23    0.48171E+00    0.52725E-04
    24    0.50265E+00    0.56788E-04
    25    0.52360E+00    0.60769E-04
    26    0.54454E+00    0.64704E-04
    27    0.56549E+00    0.68541E-04
    28    0.58643E+00    0.72269E-04
    29    0.60737E+00    0.76229E-04
    30    0.62832E+00    0.79842E-04
    31    0.64926E+00    0.83314E-04
    32    0.67021E+00    0.86704E-04
    33    0.69115E+00    0.89906E-04
    34    0.71209E+00    0.92946E-04
    35    0.73304E+00    0.95876E-04
    36    0.75398E+00    0.98000E-04
    37    0.77493E+00    0.10077E-03
    38    0.79587E+00    0.10222E-03
    39    0.81681E+00    0.10424E-03
    40    0.83776E+00    0.10599E-03
    41    0.85870E+00    0.10695E-03
    42    0.87965E+00    0.10796E-03
    43    0.90059E+00    0.10880E-03
    44    0.92153E+00    0.10966E-03
    45    0.94248E+00    0.10970E-03
    46    0.96342E+00    0.11054E-03
    47    0.98437E+00    0.11091E-03
    48    0.10053E+01    0.11125E-03
    49    0.10263E+01    0.11147E-03
    50    0.10472E+01    0.11177E-03
    51    0.10681E+01    0.11211E-03
    52    0.10891E+01    0.11254E-03
    53    0.11100E+01    0.11306E-03
    54    0.11310E+01    0.11342E-03
    55    0.11519E+01    0.11389E-03
    56    0.11729E+01    0.11460E-03
    57    0.11938E+01    0.11447E-03
    58    0.12147E+01    0.11496E-03
    59    0.12357E+01    0.11558E-03
    60    0.12566E+01    0.11530E-03
    61    0.12776E+01    0.11507E-03
    62    0.12985E+01    0.11527E-03
    63    0.13195E+01    0.11460E-03
    64    0.13404E+01    0.11385E-03
    65    0.13614E+01    0.11332E-03
    66    0.13823E+01    0.11282E-03
    67    0.14032E+01    0.11120E-03
    68    0.14242E+01    0.11059E-03
    69    0.14451E+01    0.10961E-03
    70    0.14661E+01    0.10862E-03
    71    0.14870E+01    0.10788E-03
    72    0.15080E+01    0.10721E-03
    73    0.15289E+01    0.10673E-03
    74    0.15499E+01    0.10630E-03
    75    0.15708E+01    0.10652E-03
    76    0.15917E+01    0.10662E-03
    77    0.16127E+01    0.10728E-03
    78    0.16336E+01    0.10811E-03
    79    0.16546E+01    0.10929E-03
    80    0.16755E+01    0.11052E-03
    81    0.16965E+01    0.11232E-03
    82    0.17174E+01    0.11393E-03
    83    0.17383E+01    0.11553E-03
    84    0.17593E+01    0.11786E-03
    85    0.17802E+01    0.11975E-03
    86    0.18012E+01    0.12171E-03
    87    0.18221E+01    0.12366E-03
    88    0.18431E+01    0.12530E-03
    89    0.18640E+01    0.12746E-03
    90    0.18850E+01    0.12847E-03
    91    0.19059E+01    0.13055E-03
    92    0.19268E+01    0.13144E-03
    93    0.19478E+01    0.13276E-03
    94    0.19687E+01    0.13387E-03
    95    0.19897E+01    0.13443E-03
    96    0.20106E+01    0.13574E-03
    97    0.20316E+01    0.13608E-03
    98    0.20525E+01    0.13701E-03
    99    0.20735E+01    0.13751E-03
   100    0.20944E+01    0.13775E-03
   101    0.21153E+01    0.13857E-03
   102    0.21363E+01    0.13864E-03
   103    0.21572E+01    0.13990E-03
   104    0.21782E+01    0.13993E-03
   105    0.21991E+01    0.13987E-03
   106    0.22201E+01    0.14069E-03
   107    0.22410E+01    0.14058E-03
   108    0.22619E+01    0.14138E-03
   109    0.22829E+01    0.14075E-03
   110    0.23038E+01    0.14103E-03
   111    0.23248E+01    0.14120E-03
   112    0.23457E+01    0.14036E-03
   113    0.23667E+01    0.14043E-03
   114    0.23876E+01    0.13933E-03
   115    0.24086E+01    0.13943E-03
   116    0.24295E+01    0.13805E-03
   117    0.24504E+01    0.13731E-03
   118    0.24714E+01    0.13643E-03
   119    0.24923E+01    0.13521E-03
   120    0.25133E+01    0.13418E-03
   121    0.25342E+01    0.13285E-03
   122    0.25552E+01    0.13174E-03
   123    0.25761E+01    0.13047E-03
   124    0.25970E+01    0.12919E-03
   125    0.26180E+01    0.12782E-03
   126    0.26389E+01    0.12696E-03
   127    0.26599E+01    0.12559E-03
   128    0.26808E+01    0.12457E-03
   129    0.27018E+01    0.12333E-03
   130    0.27227E+01    0.12270E-03
   131    0.27437E+01    0.12196E-03
   132    0.27646E+01    0.12065E-03
   133    0.27855E+01    0.12040E-03
   134    0.28065E+01    0.11990E-03
   135    0.28274E+01    0.11962E-03
   136    0.28484E+01    0.11926E-03
   137    0.28693E+01    0.11932E-03
   138    0.28903E+01    0.11946E-03
   139    0.29112E+01    0.11975E-03
   140    0.29322E+01    0.12032E-03
   141    0.29531E+01    0.12097E-03
   142    0.29740E+01    0.12200E-03
   143    0.29950E+01    0.12296E-03
   144    0.30159E+01    0.12414E-03
   145    0.30369E+01    0.12569E-03
   146    0.30578E+01    0.12735E-03
   147    0.30788E+01    0.12880E-03
   148    0.30997E+01    0.13089E-03
   149    0.31206E+01    0.13252E-03
