k[unitless]    k[h/Mpc]    D^2(k)
     1    0.20944E-01    0.16384E+00
     2    0.41888E-01    0.77267E+00
     3    0.62832E-01    0.20722E+01
     4    0.83776E-01    0.34463E+01
     5    0.10472E+00    0.40774E+01
     6    0.12566E+00    0.53049E+01
     7    0.14661E+00    0.63089E+01
     8    0.16755E+00    0.66066E+01
     9    0.18850E+00    0.77936E+01
    10    0.20944E+00    0.82890E+01
    11    0.23038E+00    0.88364E+01
    12    0.25133E+00    0.87280E+01
    13    0.27227E+00    0.89323E+01
    14    0.29322E+00    0.88245E+01
    15    0.31416E+00    0.89431E+01
    16    0.33510E+00    0.92784E+01
    17    0.35605E+00    0.92291E+01
    18    0.37699E+00    0.92246E+01
    19    0.39794E+00    0.89132E+01
    20    0.41888E+00    0.93763E+01
    21    0.43982E+00    0.93712E+01
    22    0.46077E+00    0.92316E+01
    23    0.48171E+00    0.89569E+01
    24    0.50265E+00    0.89765E+01
    25    0.52360E+00    0.90081E+01
    26    0.54454E+00    0.91547E+01
    27    0.56549E+00    0.89892E+01
    28    0.58643E+00    0.89043E+01
    29    0.60737E+00    0.89513E+01
    30    0.62832E+00    0.87186E+01
    31    0.64926E+00    0.85687E+01
    32    0.67021E+00    0.85948E+01
    33    0.69115E+00    0.85530E+01
    34    0.71209E+00    0.81729E+01
    35    0.73304E+00    0.80413E+01
    36    0.75398E+00    0.80412E+01
    37    0.77493E+00    0.80266E+01
    38    0.79587E+00    0.80635E+01
    39    0.81681E+00    0.79350E+01
    40    0.83776E+00    0.77566E+01
    41    0.85870E+00    0.77661E+01
    42    0.87965E+00    0.76509E+01
    43    0.90059E+00    0.75702E+01
    44    0.92153E+00    0.75552E+01
    45    0.94248E+00    0.75612E+01
    46    0.96342E+00    0.74289E+01
    47    0.98437E+00    0.75284E+01
    48    0.10053E+01    0.74866E+01
    49    0.10263E+01    0.74256E+01
    50    0.10472E+01    0.74486E+01
    51    0.10681E+01    0.74070E+01
    52    0.10891E+01    0.74033E+01
    53    0.11100E+01    0.75704E+01
    54    0.11310E+01    0.74636E+01
    55    0.11519E+01    0.74854E+01
    56    0.11729E+01    0.75040E+01
    57    0.11938E+01    0.76265E+01
    58    0.12147E+01    0.76981E+01
    59    0.12357E+01    0.79206E+01
    60    0.12566E+01    0.78141E+01
    61    0.12776E+01    0.80187E+01
    62    0.12985E+01    0.80176E+01
    63    0.13195E+01    0.82305E+01
    64    0.13404E+01    0.83465E+01
    65    0.13614E+01    0.84792E+01
    66    0.13823E+01    0.86539E+01
    67    0.14032E+01    0.87661E+01
    68    0.14242E+01    0.89491E+01
    69    0.14451E+01    0.90465E+01
    70    0.14661E+01    0.92801E+01
    71    0.14870E+01    0.93931E+01
    72    0.15080E+01    0.96189E+01
    73    0.15289E+01    0.98931E+01
    74    0.15499E+01    0.10179E+02
    75    0.15708E+01    0.10328E+02
    76    0.15917E+01    0.10552E+02
    77    0.16127E+01    0.10755E+02
    78    0.16336E+01    0.11044E+02
    79    0.16546E+01    0.11347E+02
    80    0.16755E+01    0.11527E+02
    81    0.16965E+01    0.11792E+02
    82    0.17174E+01    0.12059E+02
    83    0.17383E+01    0.12330E+02
    84    0.17593E+01    0.12727E+02
    85    0.17802E+01    0.13051E+02
    86    0.18012E+01    0.13142E+02
    87    0.18221E+01    0.13448E+02
    88    0.18431E+01    0.13692E+02
    89    0.18640E+01    0.14165E+02
    90    0.18850E+01    0.14285E+02
    91    0.19059E+01    0.14476E+02
    92    0.19268E+01    0.14746E+02
    93    0.19478E+01    0.15144E+02
    94    0.19687E+01    0.15344E+02
    95    0.19897E+01    0.15683E+02
    96    0.20106E+01    0.15997E+02
    97    0.20316E+01    0.16213E+02
    98    0.20525E+01    0.16446E+02
    99    0.20735E+01    0.16668E+02
   100    0.20944E+01    0.17087E+02
   101    0.21153E+01    0.17085E+02
   102    0.21363E+01    0.17548E+02
   103    0.21572E+01    0.17615E+02
   104    0.21782E+01    0.17890E+02
   105    0.21991E+01    0.18180E+02
   106    0.22201E+01    0.18222E+02
   107    0.22410E+01    0.18435E+02
   108    0.22619E+01    0.18854E+02
   109    0.22829E+01    0.19056E+02
   110    0.23038E+01    0.19040E+02
   111    0.23248E+01    0.19281E+02
   112    0.23457E+01    0.19434E+02
   113    0.23667E+01    0.19477E+02
   114    0.23876E+01    0.19684E+02
   115    0.24086E+01    0.19678E+02
   116    0.24295E+01    0.19933E+02
   117    0.24504E+01    0.19934E+02
   118    0.24714E+01    0.19902E+02
   119    0.24923E+01    0.20056E+02
   120    0.25133E+01    0.20017E+02
   121    0.25342E+01    0.20143E+02
   122    0.25552E+01    0.19946E+02
   123    0.25761E+01    0.19948E+02
   124    0.25970E+01    0.20037E+02
   125    0.26180E+01    0.19998E+02
   126    0.26389E+01    0.20027E+02
   127    0.26599E+01    0.19516E+02
   128    0.26808E+01    0.19528E+02
   129    0.27018E+01    0.19494E+02
   130    0.27227E+01    0.19364E+02
   131    0.27437E+01    0.19256E+02
   132    0.27646E+01    0.18882E+02
   133    0.27855E+01    0.18756E+02
   134    0.28065E+01    0.18541E+02
   135    0.28274E+01    0.18129E+02
   136    0.28484E+01    0.17969E+02
   137    0.28693E+01    0.17688E+02
   138    0.28903E+01    0.17285E+02
   139    0.29112E+01    0.17011E+02
   140    0.29322E+01    0.16769E+02
   141    0.29531E+01    0.16438E+02
   142    0.29740E+01    0.16120E+02
   143    0.29950E+01    0.15810E+02
   144    0.30159E+01    0.15508E+02
   145    0.30369E+01    0.15165E+02
   146    0.30578E+01    0.14880E+02
   147    0.30788E+01    0.14625E+02
   148    0.30997E+01    0.14497E+02
   149    0.31206E+01    0.14402E+02
