k[unitless]    k[h/Mpc]    D^2(k)
     1    0.20944E-01    0.40020E-02
     2    0.41888E-01    0.23638E-01
     3    0.62832E-01    0.74946E-01
     4    0.83776E-01    0.11086E+00
     5    0.10472E+00    0.25084E+00
     6    0.12566E+00    0.37981E+00
     7    0.14661E+00    0.57574E+00
     8    0.16755E+00    0.80433E+00
     9    0.18850E+00    0.97662E+00
    10    0.20944E+00    0.11901E+01
    11    0.23038E+00    0.14653E+01
    12    0.25133E+00    0.18363E+01
    13    0.27227E+00    0.21961E+01
    14    0.29322E+00    0.24538E+01
    15    0.31416E+00    0.27725E+01
    16    0.33510E+00    0.30524E+01
    17    0.35605E+00    0.33234E+01
    18    0.37699E+00    0.37597E+01
    19    0.39794E+00    0.42472E+01
    20    0.41888E+00    0.44443E+01
    21    0.43982E+00    0.47430E+01
    22    0.46077E+00    0.52376E+01
    23    0.48171E+00    0.56680E+01
    24    0.50265E+00    0.58770E+01
    25    0.52360E+00    0.60246E+01
    26    0.54454E+00    0.66212E+01
    27    0.56549E+00    0.71655E+01
    28    0.58643E+00    0.71416E+01
    29    0.60737E+00    0.74505E+01
    30    0.62832E+00    0.78266E+01
    31    0.64926E+00    0.80281E+01
    32    0.67021E+00    0.85375E+01
    33    0.69115E+00    0.88804E+01
    34    0.71209E+00    0.89170E+01
    35    0.73304E+00    0.91419E+01
    36    0.75398E+00    0.97331E+01
    37    0.77493E+00    0.97966E+01
    38    0.79587E+00    0.10154E+02
    39    0.81681E+00    0.10149E+02
    40    0.83776E+00    0.10568E+02
    41    0.85870E+00    0.10587E+02
    42    0.87965E+00    0.11012E+02
    43    0.90059E+00    0.11437E+02
    44    0.92153E+00    0.11683E+02
    45    0.94248E+00    0.11772E+02
    46    0.96342E+00    0.11764E+02
    47    0.98437E+00    0.12350E+02
    48    0.10053E+01    0.12462E+02
    49    0.10263E+01    0.12549E+02
    50    0.10472E+01    0.12782E+02
    51    0.10681E+01    0.13134E+02
    52    0.10891E+01    0.13269E+02
    53    0.11100E+01    0.13533E+02
    54    0.11310E+01    0.13755E+02
    55    0.11519E+01    0.14157E+02
    56    0.11729E+01    0.14492E+02
    57    0.11938E+01    0.14897E+02
    58    0.12147E+01    0.14952E+02
    59    0.12357E+01    0.15576E+02
    60    0.12566E+01    0.15640E+02
    61    0.12776E+01    0.15782E+02
    62    0.12985E+01    0.16398E+02
    63    0.13195E+01    0.16681E+02
    64    0.13404E+01    0.17113E+02
    65    0.13614E+01    0.17474E+02
    66    0.13823E+01    0.17801E+02
    67    0.14032E+01    0.18334E+02
    68    0.14242E+01    0.18766E+02
    69    0.14451E+01    0.19191E+02
    70    0.14661E+01    0.19526E+02
    71    0.14870E+01    0.19806E+02
    72    0.15080E+01    0.20394E+02
    73    0.15289E+01    0.21092E+02
    74    0.15499E+01    0.21521E+02
    75    0.15708E+01    0.22037E+02
    76    0.15917E+01    0.22730E+02
    77    0.16127E+01    0.23177E+02
    78    0.16336E+01    0.23834E+02
    79    0.16546E+01    0.24467E+02
    80    0.16755E+01    0.24872E+02
    81    0.16965E+01    0.25692E+02
    82    0.17174E+01    0.25887E+02
    83    0.17383E+01    0.26940E+02
    84    0.17593E+01    0.27223E+02
    85    0.17802E+01    0.28005E+02
    86    0.18012E+01    0.28694E+02
    87    0.18221E+01    0.29312E+02
    88    0.18431E+01    0.30052E+02
    89    0.18640E+01    0.30693E+02
    90    0.18850E+01    0.31272E+02
    91    0.19059E+01    0.31736E+02
    92    0.19268E+01    0.32525E+02
    93    0.19478E+01    0.33306E+02
    94    0.19687E+01    0.33856E+02
    95    0.19897E+01    0.34689E+02
    96    0.20106E+01    0.35481E+02
    97    0.20316E+01    0.35821E+02
    98    0.20525E+01    0.36333E+02
    99    0.20735E+01    0.37218E+02
   100    0.20944E+01    0.37887E+02
   101    0.21153E+01    0.38096E+02
   102    0.21363E+01    0.38950E+02
   103    0.21572E+01    0.39443E+02
   104    0.21782E+01    0.40287E+02
   105    0.21991E+01    0.40563E+02
   106    0.22201E+01    0.41288E+02
   107    0.22410E+01    0.41710E+02
   108    0.22619E+01    0.42244E+02
   109    0.22829E+01    0.42454E+02
   110    0.23038E+01    0.42839E+02
   111    0.23248E+01    0.43152E+02
   112    0.23457E+01    0.43831E+02
   113    0.23667E+01    0.44021E+02
   114    0.23876E+01    0.44053E+02
   115    0.24086E+01    0.44701E+02
   116    0.24295E+01    0.45146E+02
   117    0.24504E+01    0.45131E+02
   118    0.24714E+01    0.45000E+02
   119    0.24923E+01    0.45649E+02
   120    0.25133E+01    0.45473E+02
   121    0.25342E+01    0.45543E+02
   122    0.25552E+01    0.45616E+02
   123    0.25761E+01    0.45128E+02
   124    0.25970E+01    0.45153E+02
   125    0.26180E+01    0.45162E+02
   126    0.26389E+01    0.45178E+02
   127    0.26599E+01    0.44829E+02
   128    0.26808E+01    0.43987E+02
   129    0.27018E+01    0.43873E+02
   130    0.27227E+01    0.43518E+02
   131    0.27437E+01    0.43234E+02
   132    0.27646E+01    0.42345E+02
   133    0.27855E+01    0.42148E+02
   134    0.28065E+01    0.41136E+02
   135    0.28274E+01    0.40319E+02
   136    0.28484E+01    0.39823E+02
   137    0.28693E+01    0.38788E+02
   138    0.28903E+01    0.38363E+02
   139    0.29112E+01    0.37464E+02
   140    0.29322E+01    0.36614E+02
   141    0.29531E+01    0.35670E+02
   142    0.29740E+01    0.34550E+02
   143    0.29950E+01    0.33735E+02
   144    0.30159E+01    0.32560E+02
   145    0.30369E+01    0.31903E+02
   146    0.30578E+01    0.30757E+02
   147    0.30788E+01    0.29875E+02
   148    0.30997E+01    0.29365E+02
   149    0.31206E+01    0.28702E+02
