k[unitless]    k[h/Mpc]    D^2(k)
     1    0.20944E-01    0.10438E+01
     2    0.41888E-01    0.59163E+01
     3    0.62832E-01    0.14129E+02
     4    0.83776E-01    0.20856E+02
     5    0.10472E+00    0.22469E+02
     6    0.12566E+00    0.27000E+02
     7    0.14661E+00    0.31745E+02
     8    0.16755E+00    0.30491E+02
     9    0.18850E+00    0.32619E+02
    10    0.20944E+00    0.35822E+02
    11    0.23038E+00    0.34426E+02
    12    0.25133E+00    0.34491E+02
    13    0.27227E+00    0.37030E+02
    14    0.29322E+00    0.35317E+02
    15    0.31416E+00    0.34842E+02
    16    0.33510E+00    0.37320E+02
    17    0.35605E+00    0.36505E+02
    18    0.37699E+00    0.37602E+02
    19    0.39794E+00    0.37785E+02
    20    0.41888E+00    0.38366E+02
    21    0.43982E+00    0.39121E+02
    22    0.46077E+00    0.37600E+02
    23    0.48171E+00    0.38589E+02
    24    0.50265E+00    0.38772E+02
    25    0.52360E+00    0.37384E+02
    26    0.54454E+00    0.38173E+02
    27    0.56549E+00    0.38771E+02
    28    0.58643E+00    0.38611E+02
    29    0.60737E+00    0.39099E+02
    30    0.62832E+00    0.38689E+02
    31    0.64926E+00    0.37772E+02
    32    0.67021E+00    0.39166E+02
    33    0.69115E+00    0.38339E+02
    34    0.71209E+00    0.38249E+02
    35    0.73304E+00    0.38234E+02
    36    0.75398E+00    0.38449E+02
    37    0.77493E+00    0.38356E+02
    38    0.79587E+00    0.38506E+02
    39    0.81681E+00    0.38774E+02
    40    0.83776E+00    0.38791E+02
    41    0.85870E+00    0.38560E+02
    42    0.87965E+00    0.38215E+02
    43    0.90059E+00    0.38507E+02
    44    0.92153E+00    0.38447E+02
    45    0.94248E+00    0.38186E+02
    46    0.96342E+00    0.38603E+02
    47    0.98437E+00    0.38182E+02
    48    0.10053E+01    0.38251E+02
    49    0.10263E+01    0.37765E+02
    50    0.10472E+01    0.37652E+02
    51    0.10681E+01    0.37462E+02
    52    0.10891E+01    0.37595E+02
    53    0.11100E+01    0.37402E+02
    54    0.11310E+01    0.36999E+02
    55    0.11519E+01    0.37186E+02
    56    0.11729E+01    0.36513E+02
    57    0.11938E+01    0.36864E+02
    58    0.12147E+01    0.36843E+02
    59    0.12357E+01    0.36247E+02
    60    0.12566E+01    0.36137E+02
    61    0.12776E+01    0.35870E+02
    62    0.12985E+01    0.36008E+02
    63    0.13195E+01    0.35553E+02
    64    0.13404E+01    0.35088E+02
    65    0.13614E+01    0.34977E+02
    66    0.13823E+01    0.35074E+02
    67    0.14032E+01    0.34513E+02
    68    0.14242E+01    0.34646E+02
    69    0.14451E+01    0.34013E+02
    70    0.14661E+01    0.33881E+02
    71    0.14870E+01    0.33571E+02
    72    0.15080E+01    0.33271E+02
    73    0.15289E+01    0.32995E+02
    74    0.15499E+01    0.33120E+02
    75    0.15708E+01    0.32489E+02
    76    0.15917E+01    0.32220E+02
    77    0.16127E+01    0.31907E+02
    78    0.16336E+01    0.31795E+02
    79    0.16546E+01    0.31657E+02
    80    0.16755E+01    0.31226E+02
    81    0.16965E+01    0.31050E+02
    82    0.17174E+01    0.30879E+02
    83    0.17383E+01    0.30544E+02
    84    0.17593E+01    0.30119E+02
    85    0.17802E+01    0.30011E+02
    86    0.18012E+01    0.29654E+02
    87    0.18221E+01    0.29230E+02
    88    0.18431E+01    0.29160E+02
    89    0.18640E+01    0.28722E+02
    90    0.18850E+01    0.28297E+02
    91    0.19059E+01    0.28007E+02
    92    0.19268E+01    0.27846E+02
    93    0.19478E+01    0.27659E+02
    94    0.19687E+01    0.27164E+02
    95    0.19897E+01    0.26623E+02
    96    0.20106E+01    0.26708E+02
    97    0.20316E+01    0.26397E+02
    98    0.20525E+01    0.25907E+02
    99    0.20735E+01    0.25706E+02
   100    0.20944E+01    0.25223E+02
   101    0.21153E+01    0.25130E+02
   102    0.21363E+01    0.24904E+02
   103    0.21572E+01    0.24602E+02
   104    0.21782E+01    0.24407E+02
   105    0.21991E+01    0.24051E+02
   106    0.22201E+01    0.23700E+02
   107    0.22410E+01    0.23497E+02
   108    0.22619E+01    0.23121E+02
   109    0.22829E+01    0.22759E+02
   110    0.23038E+01    0.22606E+02
   111    0.23248E+01    0.22381E+02
   112    0.23457E+01    0.22109E+02
   113    0.23667E+01    0.21876E+02
   114    0.23876E+01    0.21585E+02
   115    0.24086E+01    0.21337E+02
   116    0.24295E+01    0.20895E+02
   117    0.24504E+01    0.20705E+02
   118    0.24714E+01    0.20523E+02
   119    0.24923E+01    0.20298E+02
   120    0.25133E+01    0.19931E+02
   121    0.25342E+01    0.19737E+02
   122    0.25552E+01    0.19601E+02
   123    0.25761E+01    0.19380E+02
   124    0.25970E+01    0.19098E+02
   125    0.26180E+01    0.18807E+02
   126    0.26389E+01    0.18614E+02
   127    0.26599E+01    0.18298E+02
   128    0.26808E+01    0.18205E+02
   129    0.27018E+01    0.17925E+02
   130    0.27227E+01    0.17739E+02
   131    0.27437E+01    0.17592E+02
   132    0.27646E+01    0.17399E+02
   133    0.27855E+01    0.17351E+02
   134    0.28065E+01    0.17055E+02
   135    0.28274E+01    0.16914E+02
   136    0.28484E+01    0.16686E+02
   137    0.28693E+01    0.16658E+02
   138    0.28903E+01    0.16467E+02
   139    0.29112E+01    0.16370E+02
   140    0.29322E+01    0.16209E+02
   141    0.29531E+01    0.16197E+02
   142    0.29740E+01    0.16022E+02
   143    0.29950E+01    0.15921E+02
   144    0.30159E+01    0.15938E+02
   145    0.30369E+01    0.15808E+02
   146    0.30578E+01    0.15768E+02
   147    0.30788E+01    0.15701E+02
   148    0.30997E+01    0.15629E+02
   149    0.31206E+01    0.15562E+02
