k[unitless]    k[h/Mpc]    D^2(k)
     1    0.20944E-01    0.12410E+01
     2    0.41888E-01    0.61005E+01
     3    0.62832E-01    0.13297E+02
     4    0.83776E-01    0.16829E+02
     5    0.10472E+00    0.17963E+02
     6    0.12566E+00    0.20717E+02
     7    0.14661E+00    0.22672E+02
     8    0.16755E+00    0.21815E+02
     9    0.18850E+00    0.22729E+02
    10    0.20944E+00    0.24665E+02
    11    0.23038E+00    0.24199E+02
    12    0.25133E+00    0.24097E+02
    13    0.27227E+00    0.25039E+02
    14    0.29322E+00    0.24013E+02
    15    0.31416E+00    0.22177E+02
    16    0.33510E+00    0.23919E+02
    17    0.35605E+00    0.24353E+02
    18    0.37699E+00    0.24344E+02
    19    0.39794E+00    0.24407E+02
    20    0.41888E+00    0.24930E+02
    21    0.43982E+00    0.25585E+02
    22    0.46077E+00    0.25111E+02
    23    0.48171E+00    0.25125E+02
    24    0.50265E+00    0.25050E+02
    25    0.52360E+00    0.24717E+02
    26    0.54454E+00    0.24981E+02
    27    0.56549E+00    0.24731E+02
    28    0.58643E+00    0.24921E+02
    29    0.60737E+00    0.24563E+02
    30    0.62832E+00    0.24583E+02
    31    0.64926E+00    0.24687E+02
    32    0.67021E+00    0.24838E+02
    33    0.69115E+00    0.25559E+02
    34    0.71209E+00    0.24778E+02
    35    0.73304E+00    0.24669E+02
    36    0.75398E+00    0.24874E+02
    37    0.77493E+00    0.24508E+02
    38    0.79587E+00    0.24675E+02
    39    0.81681E+00    0.24780E+02
    40    0.83776E+00    0.24996E+02
    41    0.85870E+00    0.24917E+02
    42    0.87965E+00    0.24721E+02
    43    0.90059E+00    0.24787E+02
    44    0.92153E+00    0.24856E+02
    45    0.94248E+00    0.24367E+02
    46    0.96342E+00    0.24163E+02
    47    0.98437E+00    0.24512E+02
    48    0.10053E+01    0.24518E+02
    49    0.10263E+01    0.24293E+02
    50    0.10472E+01    0.24529E+02
    51    0.10681E+01    0.24206E+02
    52    0.10891E+01    0.24475E+02
    53    0.11100E+01    0.23843E+02
    54    0.11310E+01    0.23912E+02
    55    0.11519E+01    0.23958E+02
    56    0.11729E+01    0.23597E+02
    57    0.11938E+01    0.23671E+02
    58    0.12147E+01    0.23633E+02
    59    0.12357E+01    0.23509E+02
    60    0.12566E+01    0.23319E+02
    61    0.12776E+01    0.23306E+02
    62    0.12985E+01    0.23088E+02
    63    0.13195E+01    0.22833E+02
    64    0.13404E+01    0.22879E+02
    65    0.13614E+01    0.22705E+02
    66    0.13823E+01    0.22562E+02
    67    0.14032E+01    0.22434E+02
    68    0.14242E+01    0.22215E+02
    69    0.14451E+01    0.21956E+02
    70    0.14661E+01    0.21957E+02
    71    0.14870E+01    0.21653E+02
    72    0.15080E+01    0.21588E+02
    73    0.15289E+01    0.21557E+02
    74    0.15499E+01    0.21347E+02
    75    0.15708E+01    0.21077E+02
    76    0.15917E+01    0.21017E+02
    77    0.16127E+01    0.20839E+02
    78    0.16336E+01    0.20469E+02
    79    0.16546E+01    0.20624E+02
    80    0.16755E+01    0.20333E+02
    81    0.16965E+01    0.20097E+02
    82    0.17174E+01    0.19906E+02
    83    0.17383E+01    0.19970E+02
    84    0.17593E+01    0.19757E+02
    85    0.17802E+01    0.19608E+02
    86    0.18012E+01    0.19282E+02
    87    0.18221E+01    0.19309E+02
    88    0.18431E+01    0.19009E+02
    89    0.18640E+01    0.18863E+02
    90    0.18850E+01    0.18679E+02
    91    0.19059E+01    0.18273E+02
    92    0.19268E+01    0.18270E+02
    93    0.19478E+01    0.18156E+02
    94    0.19687E+01    0.17920E+02
    95    0.19897E+01    0.17703E+02
    96    0.20106E+01    0.17517E+02
    97    0.20316E+01    0.17359E+02
    98    0.20525E+01    0.17202E+02
    99    0.20735E+01    0.16914E+02
   100    0.20944E+01    0.16793E+02
   101    0.21153E+01    0.16564E+02
   102    0.21363E+01    0.16326E+02
   103    0.21572E+01    0.16354E+02
   104    0.21782E+01    0.16043E+02
   105    0.21991E+01    0.15836E+02
   106    0.22201E+01    0.15578E+02
   107    0.22410E+01    0.15486E+02
   108    0.22619E+01    0.15366E+02
   109    0.22829E+01    0.15136E+02
   110    0.23038E+01    0.14942E+02
   111    0.23248E+01    0.14880E+02
   112    0.23457E+01    0.14594E+02
   113    0.23667E+01    0.14439E+02
   114    0.23876E+01    0.14315E+02
   115    0.24086E+01    0.14192E+02
   116    0.24295E+01    0.14008E+02
   117    0.24504E+01    0.13788E+02
   118    0.24714E+01    0.13647E+02
   119    0.24923E+01    0.13549E+02
   120    0.25133E+01    0.13385E+02
   121    0.25342E+01    0.13190E+02
   122    0.25552E+01    0.13054E+02
   123    0.25761E+01    0.12885E+02
   124    0.25970E+01    0.12683E+02
   125    0.26180E+01    0.12633E+02
   126    0.26389E+01    0.12564E+02
   127    0.26599E+01    0.12397E+02
   128    0.26808E+01    0.12311E+02
   129    0.27018E+01    0.12126E+02
   130    0.27227E+01    0.12044E+02
   131    0.27437E+01    0.11942E+02
   132    0.27646E+01    0.11756E+02
   133    0.27855E+01    0.11632E+02
   134    0.28065E+01    0.11553E+02
   135    0.28274E+01    0.11401E+02
   136    0.28484E+01    0.11402E+02
   137    0.28693E+01    0.11341E+02
   138    0.28903E+01    0.11232E+02
   139    0.29112E+01    0.11173E+02
   140    0.29322E+01    0.11124E+02
   141    0.29531E+01    0.11012E+02
   142    0.29740E+01    0.10972E+02
   143    0.29950E+01    0.10911E+02
   144    0.30159E+01    0.10920E+02
   145    0.30369E+01    0.10895E+02
   146    0.30578E+01    0.10854E+02
   147    0.30788E+01    0.10790E+02
   148    0.30997E+01    0.10765E+02
   149    0.31206E+01    0.10761E+02
