k[unitless]    k[h/Mpc]    D^2(k)
     1    0.20944E-01    0.87745E+00
     2    0.41888E-01    0.35198E+01
     3    0.62832E-01    0.69464E+01
     4    0.83776E-01    0.77069E+01
     5    0.10472E+00    0.97025E+01
     6    0.12566E+00    0.10921E+02
     7    0.14661E+00    0.11035E+02
     8    0.16755E+00    0.11000E+02
     9    0.18850E+00    0.11271E+02
    10    0.20944E+00    0.11440E+02
    11    0.23038E+00    0.12820E+02
    12    0.25133E+00    0.11704E+02
    13    0.27227E+00    0.11868E+02
    14    0.29322E+00    0.11578E+02
    15    0.31416E+00    0.11148E+02
    16    0.33510E+00    0.11468E+02
    17    0.35605E+00    0.11716E+02
    18    0.37699E+00    0.11517E+02
    19    0.39794E+00    0.11884E+02
    20    0.41888E+00    0.11770E+02
    21    0.43982E+00    0.12064E+02
    22    0.46077E+00    0.11947E+02
    23    0.48171E+00    0.11838E+02
    24    0.50265E+00    0.11660E+02
    25    0.52360E+00    0.11968E+02
    26    0.54454E+00    0.11796E+02
    27    0.56549E+00    0.11749E+02
    28    0.58643E+00    0.11749E+02
    29    0.60737E+00    0.11891E+02
    30    0.62832E+00    0.11649E+02
    31    0.64926E+00    0.11621E+02
    32    0.67021E+00    0.11678E+02
    33    0.69115E+00    0.12165E+02
    34    0.71209E+00    0.11999E+02
    35    0.73304E+00    0.11839E+02
    36    0.75398E+00    0.11685E+02
    37    0.77493E+00    0.11826E+02
    38    0.79587E+00    0.11914E+02
    39    0.81681E+00    0.11523E+02
    40    0.83776E+00    0.11885E+02
    41    0.85870E+00    0.11805E+02
    42    0.87965E+00    0.11710E+02
    43    0.90059E+00    0.11827E+02
    44    0.92153E+00    0.11623E+02
    45    0.94248E+00    0.11778E+02
    46    0.96342E+00    0.11637E+02
    47    0.98437E+00    0.11729E+02
    48    0.10053E+01    0.11769E+02
    49    0.10263E+01    0.11456E+02
    50    0.10472E+01    0.11561E+02
    51    0.10681E+01    0.11593E+02
    52    0.10891E+01    0.11577E+02
    53    0.11100E+01    0.11402E+02
    54    0.11310E+01    0.11515E+02
    55    0.11519E+01    0.11417E+02
    56    0.11729E+01    0.11274E+02
    57    0.11938E+01    0.11362E+02
    58    0.12147E+01    0.11214E+02
    59    0.12357E+01    0.11101E+02
    60    0.12566E+01    0.11097E+02
    61    0.12776E+01    0.10997E+02
    62    0.12985E+01    0.11043E+02
    63    0.13195E+01    0.10942E+02
    64    0.13404E+01    0.10982E+02
    65    0.13614E+01    0.10834E+02
    66    0.13823E+01    0.10797E+02
    67    0.14032E+01    0.10725E+02
    68    0.14242E+01    0.10664E+02
    69    0.14451E+01    0.10479E+02
    70    0.14661E+01    0.10423E+02
    71    0.14870E+01    0.10323E+02
    72    0.15080E+01    0.10299E+02
    73    0.15289E+01    0.10305E+02
    74    0.15499E+01    0.10152E+02
    75    0.15708E+01    0.10199E+02
    76    0.15917E+01    0.10249E+02
    77    0.16127E+01    0.99215E+01
    78    0.16336E+01    0.98992E+01
    79    0.16546E+01    0.98383E+01
    80    0.16755E+01    0.96806E+01
    81    0.16965E+01    0.96248E+01
    82    0.17174E+01    0.96019E+01
    83    0.17383E+01    0.94388E+01
    84    0.17593E+01    0.93976E+01
    85    0.17802E+01    0.94086E+01
    86    0.18012E+01    0.93202E+01
    87    0.18221E+01    0.92830E+01
    88    0.18431E+01    0.90873E+01
    89    0.18640E+01    0.90079E+01
    90    0.18850E+01    0.89607E+01
    91    0.19059E+01    0.88565E+01
    92    0.19268E+01    0.87469E+01
    93    0.19478E+01    0.87321E+01
    94    0.19687E+01    0.86232E+01
    95    0.19897E+01    0.85903E+01
    96    0.20106E+01    0.84813E+01
    97    0.20316E+01    0.83561E+01
    98    0.20525E+01    0.83270E+01
    99    0.20735E+01    0.82227E+01
   100    0.20944E+01    0.80917E+01
   101    0.21153E+01    0.80116E+01
   102    0.21363E+01    0.79109E+01
   103    0.21572E+01    0.78983E+01
   104    0.21782E+01    0.77731E+01
   105    0.21991E+01    0.77565E+01
   106    0.22201E+01    0.75945E+01
   107    0.22410E+01    0.75107E+01
   108    0.22619E+01    0.74284E+01
   109    0.22829E+01    0.74143E+01
   110    0.23038E+01    0.72892E+01
   111    0.23248E+01    0.72475E+01
   112    0.23457E+01    0.71433E+01
   113    0.23667E+01    0.70848E+01
   114    0.23876E+01    0.70242E+01
   115    0.24086E+01    0.69314E+01
   116    0.24295E+01    0.69138E+01
   117    0.24504E+01    0.68406E+01
   118    0.24714E+01    0.67543E+01
   119    0.24923E+01    0.66741E+01
   120    0.25133E+01    0.66033E+01
   121    0.25342E+01    0.65539E+01
   122    0.25552E+01    0.64436E+01
   123    0.25761E+01    0.64261E+01
   124    0.25970E+01    0.63956E+01
   125    0.26180E+01    0.63040E+01
   126    0.26389E+01    0.62558E+01
   127    0.26599E+01    0.62276E+01
   128    0.26808E+01    0.61400E+01
   129    0.27018E+01    0.60570E+01
   130    0.27227E+01    0.59940E+01
   131    0.27437E+01    0.59776E+01
   132    0.27646E+01    0.59198E+01
   133    0.27855E+01    0.58577E+01
   134    0.28065E+01    0.58199E+01
   135    0.28274E+01    0.57787E+01
   136    0.28484E+01    0.57209E+01
   137    0.28693E+01    0.57347E+01
   138    0.28903E+01    0.57068E+01
   139    0.29112E+01    0.56347E+01
   140    0.29322E+01    0.56637E+01
   141    0.29531E+01    0.55938E+01
   142    0.29740E+01    0.55679E+01
   143    0.29950E+01    0.55492E+01
   144    0.30159E+01    0.55426E+01
   145    0.30369E+01    0.55228E+01
   146    0.30578E+01    0.55238E+01
   147    0.30788E+01    0.54923E+01
   148    0.30997E+01    0.54928E+01
   149    0.31206E+01    0.54928E+01
