k[unitless]    k[h/Mpc]    D^2(k)
     1    0.20944E-01    0.33498E+00
     2    0.41888E-01    0.24931E+01
     3    0.62832E-01    0.67262E+01
     4    0.83776E-01    0.12224E+02
     5    0.10472E+00    0.15157E+02
     6    0.12566E+00    0.22263E+02
     7    0.14661E+00    0.29214E+02
     8    0.16755E+00    0.32545E+02
     9    0.18850E+00    0.37155E+02
    10    0.20944E+00    0.40129E+02
    11    0.23038E+00    0.40878E+02
    12    0.25133E+00    0.42270E+02
    13    0.27227E+00    0.46639E+02
    14    0.29322E+00    0.45849E+02
    15    0.31416E+00    0.48817E+02
    16    0.33510E+00    0.49768E+02
    17    0.35605E+00    0.49523E+02
    18    0.37699E+00    0.51344E+02
    19    0.39794E+00    0.52174E+02
    20    0.41888E+00    0.53849E+02
    21    0.43982E+00    0.53665E+02
    22    0.46077E+00    0.52087E+02
    23    0.48171E+00    0.52561E+02
    24    0.50265E+00    0.54880E+02
    25    0.52360E+00    0.55591E+02
    26    0.54454E+00    0.53970E+02
    27    0.56549E+00    0.55979E+02
    28    0.58643E+00    0.55913E+02
    29    0.60737E+00    0.54093E+02
    30    0.62832E+00    0.55056E+02
    31    0.64926E+00    0.55944E+02
    32    0.67021E+00    0.57553E+02
    33    0.69115E+00    0.56124E+02
    34    0.71209E+00    0.57033E+02
    35    0.73304E+00    0.56165E+02
    36    0.75398E+00    0.56405E+02
    37    0.77493E+00    0.55403E+02
    38    0.79587E+00    0.55531E+02
    39    0.81681E+00    0.56087E+02
    40    0.83776E+00    0.56328E+02
    41    0.85870E+00    0.56221E+02
    42    0.87965E+00    0.54742E+02
    43    0.90059E+00    0.55425E+02
    44    0.92153E+00    0.55881E+02
    45    0.94248E+00    0.55785E+02
    46    0.96342E+00    0.55489E+02
    47    0.98437E+00    0.55703E+02
    48    0.10053E+01    0.54591E+02
    49    0.10263E+01    0.54923E+02
    50    0.10472E+01    0.53851E+02
    51    0.10681E+01    0.53275E+02
    52    0.10891E+01    0.54266E+02
    53    0.11100E+01    0.53442E+02
    54    0.11310E+01    0.53280E+02
    55    0.11519E+01    0.53418E+02
    56    0.11729E+01    0.53455E+02
    57    0.11938E+01    0.52519E+02
    58    0.12147E+01    0.52709E+02
    59    0.12357E+01    0.52059E+02
    60    0.12566E+01    0.52343E+02
    61    0.12776E+01    0.50867E+02
    62    0.12985E+01    0.51279E+02
    63    0.13195E+01    0.51202E+02
    64    0.13404E+01    0.50898E+02
    65    0.13614E+01    0.50252E+02
    66    0.13823E+01    0.49941E+02
    67    0.14032E+01    0.49826E+02
    68    0.14242E+01    0.49121E+02
    69    0.14451E+01    0.48519E+02
    70    0.14661E+01    0.47932E+02
    71    0.14870E+01    0.47611E+02
    72    0.15080E+01    0.47480E+02
    73    0.15289E+01    0.46915E+02
    74    0.15499E+01    0.46822E+02
    75    0.15708E+01    0.46453E+02
    76    0.15917E+01    0.45856E+02
    77    0.16127E+01    0.44885E+02
    78    0.16336E+01    0.44995E+02
    79    0.16546E+01    0.44338E+02
    80    0.16755E+01    0.43815E+02
    81    0.16965E+01    0.43623E+02
    82    0.17174E+01    0.43548E+02
    83    0.17383E+01    0.43039E+02
    84    0.17593E+01    0.42268E+02
    85    0.17802E+01    0.42290E+02
    86    0.18012E+01    0.41735E+02
    87    0.18221E+01    0.41049E+02
    88    0.18431E+01    0.40599E+02
    89    0.18640E+01    0.39801E+02
    90    0.18850E+01    0.40129E+02
    91    0.19059E+01    0.39021E+02
    92    0.19268E+01    0.38746E+02
    93    0.19478E+01    0.38384E+02
    94    0.19687E+01    0.38189E+02
    95    0.19897E+01    0.37396E+02
    96    0.20106E+01    0.37006E+02
    97    0.20316E+01    0.36462E+02
    98    0.20525E+01    0.36004E+02
    99    0.20735E+01    0.35754E+02
   100    0.20944E+01    0.35294E+02
   101    0.21153E+01    0.34665E+02
   102    0.21363E+01    0.34394E+02
   103    0.21572E+01    0.33717E+02
   104    0.21782E+01    0.33398E+02
   105    0.21991E+01    0.32902E+02
   106    0.22201E+01    0.32520E+02
   107    0.22410E+01    0.32167E+02
   108    0.22619E+01    0.31785E+02
   109    0.22829E+01    0.31296E+02
   110    0.23038E+01    0.30724E+02
   111    0.23248E+01    0.30353E+02
   112    0.23457E+01    0.29849E+02
   113    0.23667E+01    0.29592E+02
   114    0.23876E+01    0.29006E+02
   115    0.24086E+01    0.28850E+02
   116    0.24295E+01    0.28393E+02
   117    0.24504E+01    0.27899E+02
   118    0.24714E+01    0.27420E+02
   119    0.24923E+01    0.27400E+02
   120    0.25133E+01    0.26745E+02
   121    0.25342E+01    0.26505E+02
   122    0.25552E+01    0.25941E+02
   123    0.25761E+01    0.25761E+02
   124    0.25970E+01    0.25399E+02
   125    0.26180E+01    0.24855E+02
   126    0.26389E+01    0.24745E+02
   127    0.26599E+01    0.24234E+02
   128    0.26808E+01    0.23869E+02
   129    0.27018E+01    0.23662E+02
   130    0.27227E+01    0.23288E+02
   131    0.27437E+01    0.23042E+02
   132    0.27646E+01    0.22649E+02
   133    0.27855E+01    0.22494E+02
   134    0.28065E+01    0.22152E+02
   135    0.28274E+01    0.21864E+02
   136    0.28484E+01    0.21595E+02
   137    0.28693E+01    0.21336E+02
   138    0.28903E+01    0.21112E+02
   139    0.29112E+01    0.20929E+02
   140    0.29322E+01    0.20822E+02
   141    0.29531E+01    0.20433E+02
   142    0.29740E+01    0.20258E+02
   143    0.29950E+01    0.20169E+02
   144    0.30159E+01    0.19939E+02
   145    0.30369E+01    0.19846E+02
   146    0.30578E+01    0.19731E+02
   147    0.30788E+01    0.19617E+02
   148    0.30997E+01    0.19443E+02
   149    0.31206E+01    0.19401E+02
