k[unitless]    k[h/Mpc]    D^2(k)
     1    0.20944E-01    0.12329E+01
     2    0.41888E-01    0.62981E+01
     3    0.62832E-01    0.14066E+02
     4    0.83776E-01    0.18517E+02
     5    0.10472E+00    0.19574E+02
     6    0.12566E+00    0.22699E+02
     7    0.14661E+00    0.25367E+02
     8    0.16755E+00    0.24186E+02
     9    0.18850E+00    0.25459E+02
    10    0.20944E+00    0.27822E+02
    11    0.23038E+00    0.26856E+02
    12    0.25133E+00    0.26834E+02
    13    0.27227E+00    0.28288E+02
    14    0.29322E+00    0.26960E+02
    15    0.31416E+00    0.25340E+02
    16    0.33510E+00    0.27192E+02
    17    0.35605E+00    0.27568E+02
    18    0.37699E+00    0.27789E+02
    19    0.39794E+00    0.27624E+02
    20    0.41888E+00    0.28250E+02
    21    0.43982E+00    0.29051E+02
    22    0.46077E+00    0.28452E+02
    23    0.48171E+00    0.28723E+02
    24    0.50265E+00    0.28403E+02
    25    0.52360E+00    0.27830E+02
    26    0.54454E+00    0.28238E+02
    27    0.56549E+00    0.28093E+02
    28    0.58643E+00    0.28395E+02
    29    0.60737E+00    0.27982E+02
    30    0.62832E+00    0.28064E+02
    31    0.64926E+00    0.27902E+02
    32    0.67021E+00    0.28328E+02
    33    0.69115E+00    0.28725E+02
    34    0.71209E+00    0.28091E+02
    35    0.73304E+00    0.27919E+02
    36    0.75398E+00    0.28262E+02
    37    0.77493E+00    0.27855E+02
    38    0.79587E+00    0.28088E+02
    39    0.81681E+00    0.28164E+02
    40    0.83776E+00    0.28473E+02
    41    0.85870E+00    0.28350E+02
    42    0.87965E+00    0.28093E+02
    43    0.90059E+00    0.28137E+02
    44    0.92153E+00    0.28186E+02
    45    0.94248E+00    0.27833E+02
    46    0.96342E+00    0.27674E+02
    47    0.98437E+00    0.27885E+02
    48    0.10053E+01    0.28054E+02
    49    0.10263E+01    0.27530E+02
    50    0.10472E+01    0.27814E+02
    51    0.10681E+01    0.27476E+02
    52    0.10891E+01    0.27900E+02
    53    0.11100E+01    0.27311E+02
    54    0.11310E+01    0.27129E+02
    55    0.11519E+01    0.27211E+02
    56    0.11729E+01    0.26831E+02
    57    0.11938E+01    0.27047E+02
    58    0.12147E+01    0.26815E+02
    59    0.12357E+01    0.26758E+02
    60    0.12566E+01    0.26389E+02
    61    0.12776E+01    0.26382E+02
    62    0.12985E+01    0.26201E+02
    63    0.13195E+01    0.26001E+02
    64    0.13404E+01    0.26034E+02
    65    0.13614E+01    0.25811E+02
    66    0.13823E+01    0.25624E+02
    67    0.14032E+01    0.25431E+02
    68    0.14242E+01    0.25337E+02
    69    0.14451E+01    0.24936E+02
    70    0.14661E+01    0.24860E+02
    71    0.14870E+01    0.24608E+02
    72    0.15080E+01    0.24487E+02
    73    0.15289E+01    0.24407E+02
    74    0.15499E+01    0.24316E+02
    75    0.15708E+01    0.23891E+02
    76    0.15917E+01    0.23805E+02
    77    0.16127E+01    0.23561E+02
    78    0.16336E+01    0.23286E+02
    79    0.16546E+01    0.23466E+02
    80    0.16755E+01    0.22993E+02
    81    0.16965E+01    0.22880E+02
    82    0.17174E+01    0.22652E+02
    83    0.17383E+01    0.22742E+02
    84    0.17593E+01    0.22433E+02
    85    0.17802E+01    0.22227E+02
    86    0.18012E+01    0.21967E+02
    87    0.18221E+01    0.21790E+02
    88    0.18431E+01    0.21613E+02
    89    0.18640E+01    0.21414E+02
    90    0.18850E+01    0.21206E+02
    91    0.19059E+01    0.20848E+02
    92    0.19268E+01    0.20696E+02
    93    0.19478E+01    0.20637E+02
    94    0.19687E+01    0.20198E+02
    95    0.19897E+01    0.19986E+02
    96    0.20106E+01    0.19850E+02
    97    0.20316E+01    0.19647E+02
    98    0.20525E+01    0.19387E+02
    99    0.20735E+01    0.19151E+02
   100    0.20944E+01    0.19021E+02
   101    0.21153E+01    0.18724E+02
   102    0.21363E+01    0.18431E+02
   103    0.21572E+01    0.18467E+02
   104    0.21782E+01    0.18102E+02
   105    0.21991E+01    0.17929E+02
   106    0.22201E+01    0.17579E+02
   107    0.22410E+01    0.17498E+02
   108    0.22619E+01    0.17407E+02
   109    0.22829E+01    0.17111E+02
   110    0.23038E+01    0.16909E+02
   111    0.23248E+01    0.16734E+02
   112    0.23457E+01    0.16525E+02
   113    0.23667E+01    0.16296E+02
   114    0.23876E+01    0.16200E+02
   115    0.24086E+01    0.16047E+02
   116    0.24295E+01    0.15845E+02
   117    0.24504E+01    0.15612E+02
   118    0.24714E+01    0.15450E+02
   119    0.24923E+01    0.15298E+02
   120    0.25133E+01    0.15066E+02
   121    0.25342E+01    0.14843E+02
   122    0.25552E+01    0.14676E+02
   123    0.25761E+01    0.14530E+02
   124    0.25970E+01    0.14333E+02
   125    0.26180E+01    0.14255E+02
   126    0.26389E+01    0.14122E+02
   127    0.26599E+01    0.13919E+02
   128    0.26808E+01    0.13737E+02
   129    0.27018E+01    0.13692E+02
   130    0.27227E+01    0.13489E+02
   131    0.27437E+01    0.13420E+02
   132    0.27646E+01    0.13227E+02
   133    0.27855E+01    0.13119E+02
   134    0.28065E+01    0.12988E+02
   135    0.28274E+01    0.12872E+02
   136    0.28484E+01    0.12750E+02
   137    0.28693E+01    0.12690E+02
   138    0.28903E+01    0.12579E+02
   139    0.29112E+01    0.12524E+02
   140    0.29322E+01    0.12458E+02
   141    0.29531E+01    0.12398E+02
   142    0.29740E+01    0.12334E+02
   143    0.29950E+01    0.12252E+02
   144    0.30159E+01    0.12221E+02
   145    0.30369E+01    0.12158E+02
   146    0.30578E+01    0.12124E+02
   147    0.30788E+01    0.12131E+02
   148    0.30997E+01    0.12063E+02
   149    0.31206E+01    0.12057E+02
