k[unitless]    k[h/Mpc]    D^2(k)
     1    0.20944E-01    0.80695E+00
     2    0.41888E-01    0.31471E+01
     3    0.62832E-01    0.61352E+01
     4    0.83776E-01    0.67837E+01
     5    0.10472E+00    0.87706E+01
     6    0.12566E+00    0.97846E+01
     7    0.14661E+00    0.98943E+01
     8    0.16755E+00    0.98298E+01
     9    0.18850E+00    0.10130E+02
    10    0.20944E+00    0.10154E+02
    11    0.23038E+00    0.11509E+02
    12    0.25133E+00    0.10388E+02
    13    0.27227E+00    0.10659E+02
    14    0.29322E+00    0.10342E+02
    15    0.31416E+00    0.10100E+02
    16    0.33510E+00    0.10254E+02
    17    0.35605E+00    0.10528E+02
    18    0.37699E+00    0.10402E+02
    19    0.39794E+00    0.10662E+02
    20    0.41888E+00    0.10454E+02
    21    0.43982E+00    0.10711E+02
    22    0.46077E+00    0.10730E+02
    23    0.48171E+00    0.10591E+02
    24    0.50265E+00    0.10428E+02
    25    0.52360E+00    0.10712E+02
    26    0.54454E+00    0.10553E+02
    27    0.56549E+00    0.10514E+02
    28    0.58643E+00    0.10500E+02
    29    0.60737E+00    0.10639E+02
    30    0.62832E+00    0.10424E+02
    31    0.64926E+00    0.10334E+02
    32    0.67021E+00    0.10457E+02
    33    0.69115E+00    0.10830E+02
    34    0.71209E+00    0.10703E+02
    35    0.73304E+00    0.10569E+02
    36    0.75398E+00    0.10454E+02
    37    0.77493E+00    0.10609E+02
    38    0.79587E+00    0.10647E+02
    39    0.81681E+00    0.10321E+02
    40    0.83776E+00    0.10592E+02
    41    0.85870E+00    0.10576E+02
    42    0.87965E+00    0.10485E+02
    43    0.90059E+00    0.10559E+02
    44    0.92153E+00    0.10440E+02
    45    0.94248E+00    0.10553E+02
    46    0.96342E+00    0.10408E+02
    47    0.98437E+00    0.10486E+02
    48    0.10053E+01    0.10520E+02
    49    0.10263E+01    0.10282E+02
    50    0.10472E+01    0.10334E+02
    51    0.10681E+01    0.10362E+02
    52    0.10891E+01    0.10320E+02
    53    0.11100E+01    0.10207E+02
    54    0.11310E+01    0.10284E+02
    55    0.11519E+01    0.10257E+02
    56    0.11729E+01    0.10106E+02
    57    0.11938E+01    0.10163E+02
    58    0.12147E+01    0.10058E+02
    59    0.12357E+01    0.99799E+01
    60    0.12566E+01    0.99419E+01
    61    0.12776E+01    0.98662E+01
    62    0.12985E+01    0.98774E+01
    63    0.13195E+01    0.97991E+01
    64    0.13404E+01    0.98228E+01
    65    0.13614E+01    0.96635E+01
    66    0.13823E+01    0.96632E+01
    67    0.14032E+01    0.96054E+01
    68    0.14242E+01    0.95620E+01
    69    0.14451E+01    0.93477E+01
    70    0.14661E+01    0.93478E+01
    71    0.14870E+01    0.92491E+01
    72    0.15080E+01    0.92448E+01
    73    0.15289E+01    0.92137E+01
    74    0.15499E+01    0.90991E+01
    75    0.15708E+01    0.91222E+01
    76    0.15917E+01    0.91921E+01
    77    0.16127E+01    0.88728E+01
    78    0.16336E+01    0.88680E+01
    79    0.16546E+01    0.88311E+01
    80    0.16755E+01    0.86576E+01
    81    0.16965E+01    0.86144E+01
    82    0.17174E+01    0.86148E+01
    83    0.17383E+01    0.84538E+01
    84    0.17593E+01    0.84220E+01
    85    0.17802E+01    0.84132E+01
    86    0.18012E+01    0.83651E+01
    87    0.18221E+01    0.83152E+01
    88    0.18431E+01    0.81650E+01
    89    0.18640E+01    0.80482E+01
    90    0.18850E+01    0.80166E+01
    91    0.19059E+01    0.79242E+01
    92    0.19268E+01    0.78352E+01
    93    0.19478E+01    0.78232E+01
    94    0.19687E+01    0.77312E+01
    95    0.19897E+01    0.76863E+01
    96    0.20106E+01    0.75797E+01
    97    0.20316E+01    0.74850E+01
    98    0.20525E+01    0.74582E+01
    99    0.20735E+01    0.73585E+01
   100    0.20944E+01    0.72370E+01
   101    0.21153E+01    0.71942E+01
   102    0.21363E+01    0.70892E+01
   103    0.21572E+01    0.70934E+01
   104    0.21782E+01    0.69811E+01
   105    0.21991E+01    0.69745E+01
   106    0.22201E+01    0.68334E+01
   107    0.22410E+01    0.67633E+01
   108    0.22619E+01    0.66570E+01
   109    0.22829E+01    0.66793E+01
   110    0.23038E+01    0.65512E+01
   111    0.23248E+01    0.65078E+01
   112    0.23457E+01    0.63989E+01
   113    0.23667E+01    0.63613E+01
   114    0.23876E+01    0.63055E+01
   115    0.24086E+01    0.62240E+01
   116    0.24295E+01    0.62176E+01
   117    0.24504E+01    0.61320E+01
   118    0.24714E+01    0.60814E+01
   119    0.24923E+01    0.60002E+01
   120    0.25133E+01    0.59288E+01
   121    0.25342E+01    0.58854E+01
   122    0.25552E+01    0.57966E+01
   123    0.25761E+01    0.57705E+01
   124    0.25970E+01    0.57461E+01
   125    0.26180E+01    0.56879E+01
   126    0.26389E+01    0.56428E+01
   127    0.26599E+01    0.56292E+01
   128    0.26808E+01    0.55526E+01
   129    0.27018E+01    0.54826E+01
   130    0.27227E+01    0.54126E+01
   131    0.27437E+01    0.53973E+01
   132    0.27646E+01    0.53526E+01
   133    0.27855E+01    0.52718E+01
   134    0.28065E+01    0.52510E+01
   135    0.28274E+01    0.52192E+01
   136    0.28484E+01    0.51678E+01
   137    0.28693E+01    0.51668E+01
   138    0.28903E+01    0.51543E+01
   139    0.29112E+01    0.50847E+01
   140    0.29322E+01    0.50918E+01
   141    0.29531E+01    0.50696E+01
   142    0.29740E+01    0.50431E+01
   143    0.29950E+01    0.50122E+01
   144    0.30159E+01    0.50142E+01
   145    0.30369E+01    0.49817E+01
   146    0.30578E+01    0.49853E+01
   147    0.30788E+01    0.49511E+01
   148    0.30997E+01    0.49531E+01
   149    0.31206E+01    0.49662E+01
