k[unitless]    k[h/Mpc]    D^2(k)
     1    0.20944E-01    0.26195E-04
     2    0.41888E-01    0.15062E-03
     3    0.62832E-01    0.45289E-03
     4    0.83776E-01    0.11486E-02
     5    0.10472E+00    0.20390E-02
     6    0.12566E+00    0.27750E-02
     7    0.14661E+00    0.37345E-02
     8    0.16755E+00    0.51247E-02
     9    0.18850E+00    0.59085E-02
    10    0.20944E+00    0.62463E-02
    11    0.23038E+00    0.69900E-02
    12    0.25133E+00    0.78731E-02
    13    0.27227E+00    0.82346E-02
    14    0.29322E+00    0.83347E-02
    15    0.31416E+00    0.93364E-02
    16    0.33510E+00    0.10149E-01
    17    0.35605E+00    0.10297E-01
    18    0.37699E+00    0.10984E-01
    19    0.39794E+00    0.11820E-01
    20    0.41888E+00    0.12263E-01
    21    0.43982E+00    0.12238E-01
    22    0.46077E+00    0.12451E-01
    23    0.48171E+00    0.12875E-01
    24    0.50265E+00    0.12846E-01
    25    0.52360E+00    0.12358E-01
    26    0.54454E+00    0.12202E-01
    27    0.56549E+00    0.12243E-01
    28    0.58643E+00    0.11998E-01
    29    0.60737E+00    0.11446E-01
    30    0.62832E+00    0.11073E-01
    31    0.64926E+00    0.11029E-01
    32    0.67021E+00    0.10827E-01
    33    0.69115E+00    0.10233E-01
    34    0.71209E+00    0.98518E-02
    35    0.73304E+00    0.99168E-02
    36    0.75398E+00    0.98674E-02
    37    0.77493E+00    0.95472E-02
    38    0.79587E+00    0.92593E-02
    39    0.81681E+00    0.94124E-02
    40    0.83776E+00    0.95589E-02
    41    0.85870E+00    0.92469E-02
    42    0.87965E+00    0.89603E-02
    43    0.90059E+00    0.89677E-02
    44    0.92153E+00    0.90163E-02
    45    0.94248E+00    0.85792E-02
    46    0.96342E+00    0.83000E-02
    47    0.98437E+00    0.83385E-02
    48    0.10053E+01    0.82652E-02
    49    0.10263E+01    0.79392E-02
    50    0.10472E+01    0.79512E-02
    51    0.10681E+01    0.80154E-02
    52    0.10891E+01    0.79684E-02
    53    0.11100E+01    0.78716E-02
    54    0.11310E+01    0.79948E-02
    55    0.11519E+01    0.81243E-02
    56    0.11729E+01    0.80670E-02
    57    0.11938E+01    0.80083E-02
    58    0.12147E+01    0.80482E-02
    59    0.12357E+01    0.80514E-02
    60    0.12566E+01    0.78722E-02
    61    0.12776E+01    0.77612E-02
    62    0.12985E+01    0.77549E-02
    63    0.13195E+01    0.77001E-02
    64    0.13404E+01    0.75900E-02
    65    0.13614E+01    0.74985E-02
    66    0.13823E+01    0.75792E-02
    67    0.14032E+01    0.76884E-02
    68    0.14242E+01    0.76401E-02
    69    0.14451E+01    0.77134E-02
    70    0.14661E+01    0.77599E-02
    71    0.14870E+01    0.78489E-02
    72    0.15080E+01    0.78563E-02
    73    0.15289E+01    0.77922E-02
    74    0.15499E+01    0.78459E-02
    75    0.15708E+01    0.78393E-02
    76    0.15917E+01    0.78284E-02
    77    0.16127E+01    0.77942E-02
    78    0.16336E+01    0.78205E-02
    79    0.16546E+01    0.78612E-02
    80    0.16755E+01    0.78603E-02
    81    0.16965E+01    0.77677E-02
    82    0.17174E+01    0.77547E-02
    83    0.17383E+01    0.77117E-02
    84    0.17593E+01    0.75522E-02
    85    0.17802E+01    0.74212E-02
    86    0.18012E+01    0.73012E-02
    87    0.18221E+01    0.71305E-02
    88    0.18431E+01    0.70012E-02
    89    0.18640E+01    0.68935E-02
    90    0.18850E+01    0.68310E-02
    91    0.19059E+01    0.67539E-02
    92    0.19268E+01    0.66773E-02
    93    0.19478E+01    0.66741E-02
    94    0.19687E+01    0.66761E-02
    95    0.19897E+01    0.66517E-02
    96    0.20106E+01    0.66766E-02
    97    0.20316E+01    0.66514E-02
    98    0.20525E+01    0.66870E-02
    99    0.20735E+01    0.67071E-02
   100    0.20944E+01    0.67649E-02
   101    0.21153E+01    0.68058E-02
   102    0.21363E+01    0.67880E-02
   103    0.21572E+01    0.67882E-02
   104    0.21782E+01    0.67433E-02
   105    0.21991E+01    0.66630E-02
   106    0.22201E+01    0.64904E-02
   107    0.22410E+01    0.63297E-02
   108    0.22619E+01    0.61503E-02
   109    0.22829E+01    0.59705E-02
   110    0.23038E+01    0.58067E-02
   111    0.23248E+01    0.56965E-02
   112    0.23457E+01    0.56291E-02
   113    0.23667E+01    0.55732E-02
   114    0.23876E+01    0.55654E-02
   115    0.24086E+01    0.55628E-02
   116    0.24295E+01    0.55658E-02
   117    0.24504E+01    0.55524E-02
   118    0.24714E+01    0.55394E-02
   119    0.24923E+01    0.54835E-02
   120    0.25133E+01    0.54363E-02
   121    0.25342E+01    0.54121E-02
   122    0.25552E+01    0.53501E-02
   123    0.25761E+01    0.52955E-02
   124    0.25970E+01    0.53041E-02
   125    0.26180E+01    0.53370E-02
   126    0.26389E+01    0.53472E-02
   127    0.26599E+01    0.53607E-02
   128    0.26808E+01    0.54061E-02
   129    0.27018E+01    0.54525E-02
   130    0.27227E+01    0.54672E-02
   131    0.27437E+01    0.54649E-02
   132    0.27646E+01    0.54614E-02
   133    0.27855E+01    0.54469E-02
   134    0.28065E+01    0.54331E-02
   135    0.28274E+01    0.53972E-02
   136    0.28484E+01    0.53572E-02
   137    0.28693E+01    0.53382E-02
   138    0.28903E+01    0.53052E-02
   139    0.29112E+01    0.52544E-02
   140    0.29322E+01    0.52312E-02
   141    0.29531E+01    0.51987E-02
   142    0.29740E+01    0.51598E-02
   143    0.29950E+01    0.51228E-02
   144    0.30159E+01    0.51118E-02
   145    0.30369E+01    0.50824E-02
   146    0.30578E+01    0.50915E-02
   147    0.30788E+01    0.50956E-02
   148    0.30997E+01    0.51101E-02
   149    0.31206E+01    0.51301E-02
