k[unitless]    k[h/Mpc]    D^2(k)
     1    0.20944E-01    0.83584E-04
     2    0.41888E-01    0.42898E-03
     3    0.62832E-01    0.12221E-02
     4    0.83776E-01    0.31311E-02
     5    0.10472E+00    0.55348E-02
     6    0.12566E+00    0.71832E-02
     7    0.14661E+00    0.92941E-02
     8    0.16755E+00    0.12311E-01
     9    0.18850E+00    0.13411E-01
    10    0.20944E+00    0.13617E-01
    11    0.23038E+00    0.14817E-01
    12    0.25133E+00    0.15867E-01
    13    0.27227E+00    0.16063E-01
    14    0.29322E+00    0.16040E-01
    15    0.31416E+00    0.17485E-01
    16    0.33510E+00    0.17887E-01
    17    0.35605E+00    0.17766E-01
    18    0.37699E+00    0.18541E-01
    19    0.39794E+00    0.19173E-01
    20    0.41888E+00    0.19006E-01
    21    0.43982E+00    0.18751E-01
    22    0.46077E+00    0.18395E-01
    23    0.48171E+00    0.18475E-01
    24    0.50265E+00    0.18336E-01
    25    0.52360E+00    0.17595E-01
    26    0.54454E+00    0.17418E-01
    27    0.56549E+00    0.17501E-01
    28    0.58643E+00    0.17279E-01
    29    0.60737E+00    0.16557E-01
    30    0.62832E+00    0.16259E-01
    31    0.64926E+00    0.16351E-01
    32    0.67021E+00    0.16237E-01
    33    0.69115E+00    0.15639E-01
    34    0.71209E+00    0.15388E-01
    35    0.73304E+00    0.15682E-01
    36    0.75398E+00    0.15855E-01
    37    0.77493E+00    0.15676E-01
    38    0.79587E+00    0.15523E-01
    39    0.81681E+00    0.15930E-01
    40    0.83776E+00    0.16195E-01
    41    0.85870E+00    0.15818E-01
    42    0.87965E+00    0.15355E-01
    43    0.90059E+00    0.15311E-01
    44    0.92153E+00    0.15348E-01
    45    0.94248E+00    0.15050E-01
    46    0.96342E+00    0.14724E-01
    47    0.98437E+00    0.14614E-01
    48    0.10053E+01    0.14660E-01
    49    0.10263E+01    0.14403E-01
    50    0.10472E+01    0.14456E-01
    51    0.10681E+01    0.14314E-01
    52    0.10891E+01    0.14460E-01
    53    0.11100E+01    0.14453E-01
    54    0.11310E+01    0.14403E-01
    55    0.11519E+01    0.14478E-01
    56    0.11729E+01    0.14721E-01
    57    0.11938E+01    0.14705E-01
    58    0.12147E+01    0.14831E-01
    59    0.12357E+01    0.14725E-01
    60    0.12566E+01    0.14403E-01
    61    0.12776E+01    0.14265E-01
    62    0.12985E+01    0.14334E-01
    63    0.13195E+01    0.14260E-01
    64    0.13404E+01    0.14220E-01
    65    0.13614E+01    0.14185E-01
    66    0.13823E+01    0.14224E-01
    67    0.14032E+01    0.14410E-01
    68    0.14242E+01    0.14452E-01
    69    0.14451E+01    0.14528E-01
    70    0.14661E+01    0.14656E-01
    71    0.14870E+01    0.14770E-01
    72    0.15080E+01    0.14670E-01
    73    0.15289E+01    0.14300E-01
    74    0.15499E+01    0.14132E-01
    75    0.15708E+01    0.14148E-01
    76    0.15917E+01    0.14092E-01
    77    0.16127E+01    0.13972E-01
    78    0.16336E+01    0.13877E-01
    79    0.16546E+01    0.13936E-01
    80    0.16755E+01    0.13927E-01
    81    0.16965E+01    0.13950E-01
    82    0.17174E+01    0.14067E-01
    83    0.17383E+01    0.14065E-01
    84    0.17593E+01    0.13683E-01
    85    0.17802E+01    0.13507E-01
    86    0.18012E+01    0.13416E-01
    87    0.18221E+01    0.13170E-01
    88    0.18431E+01    0.12936E-01
    89    0.18640E+01    0.12612E-01
    90    0.18850E+01    0.12335E-01
    91    0.19059E+01    0.12245E-01
    92    0.19268E+01    0.12087E-01
    93    0.19478E+01    0.12101E-01
    94    0.19687E+01    0.12108E-01
    95    0.19897E+01    0.12097E-01
    96    0.20106E+01    0.12142E-01
    97    0.20316E+01    0.12182E-01
    98    0.20525E+01    0.12403E-01
    99    0.20735E+01    0.12570E-01
   100    0.20944E+01    0.12699E-01
   101    0.21153E+01    0.12703E-01
   102    0.21363E+01    0.12552E-01
   103    0.21572E+01    0.12411E-01
   104    0.21782E+01    0.12058E-01
   105    0.21991E+01    0.11818E-01
   106    0.22201E+01    0.11515E-01
   107    0.22410E+01    0.11312E-01
   108    0.22619E+01    0.11062E-01
   109    0.22829E+01    0.10829E-01
   110    0.23038E+01    0.10700E-01
   111    0.23248E+01    0.10639E-01
   112    0.23457E+01    0.10574E-01
   113    0.23667E+01    0.10426E-01
   114    0.23876E+01    0.10383E-01
   115    0.24086E+01    0.10360E-01
   116    0.24295E+01    0.10235E-01
   117    0.24504E+01    0.10082E-01
   118    0.24714E+01    0.99731E-02
   119    0.24923E+01    0.99313E-02
   120    0.25133E+01    0.99603E-02
   121    0.25342E+01    0.10037E-01
   122    0.25552E+01    0.10011E-01
   123    0.25761E+01    0.99358E-02
   124    0.25970E+01    0.99694E-02
   125    0.26180E+01    0.98986E-02
   126    0.26389E+01    0.98718E-02
   127    0.26599E+01    0.97710E-02
   128    0.26808E+01    0.97383E-02
   129    0.27018E+01    0.97202E-02
   130    0.27227E+01    0.96624E-02
   131    0.27437E+01    0.95907E-02
   132    0.27646E+01    0.95910E-02
   133    0.27855E+01    0.96332E-02
   134    0.28065E+01    0.96703E-02
   135    0.28274E+01    0.96837E-02
   136    0.28484E+01    0.96416E-02
   137    0.28693E+01    0.96297E-02
   138    0.28903E+01    0.95723E-02
   139    0.29112E+01    0.95830E-02
   140    0.29322E+01    0.95258E-02
   141    0.29531E+01    0.94173E-02
   142    0.29740E+01    0.93328E-02
   143    0.29950E+01    0.92415E-02
   144    0.30159E+01    0.92344E-02
   145    0.30369E+01    0.92963E-02
   146    0.30578E+01    0.93416E-02
   147    0.30788E+01    0.93753E-02
   148    0.30997E+01    0.94662E-02
   149    0.31206E+01    0.95094E-02
