k[unitless]    k[h/Mpc]    D^2(k)
     1    0.20944E-01    0.94107E+00
     2    0.41888E-01    0.38725E+01
     3    0.62832E-01    0.77203E+01
     4    0.83776E-01    0.86252E+01
     5    0.10472E+00    0.10601E+02
     6    0.12566E+00    0.12001E+02
     7    0.14661E+00    0.12164E+02
     8    0.16755E+00    0.12133E+02
     9    0.18850E+00    0.12385E+02
    10    0.20944E+00    0.12699E+02
    11    0.23038E+00    0.14063E+02
    12    0.25133E+00    0.12991E+02
    13    0.27227E+00    0.13063E+02
    14    0.29322E+00    0.12782E+02
    15    0.31416E+00    0.12153E+02
    16    0.33510E+00    0.12641E+02
    17    0.35605E+00    0.12884E+02
    18    0.37699E+00    0.12623E+02
    19    0.39794E+00    0.13078E+02
    20    0.41888E+00    0.13059E+02
    21    0.43982E+00    0.13383E+02
    22    0.46077E+00    0.13129E+02
    23    0.48171E+00    0.13063E+02
    24    0.50265E+00    0.12888E+02
    25    0.52360E+00    0.13192E+02
    26    0.54454E+00    0.13012E+02
    27    0.56549E+00    0.12970E+02
    28    0.58643E+00    0.12981E+02
    29    0.60737E+00    0.13106E+02
    30    0.62832E+00    0.12877E+02
    31    0.64926E+00    0.12881E+02
    32    0.67021E+00    0.12882E+02
    33    0.69115E+00    0.13452E+02
    34    0.71209E+00    0.13238E+02
    35    0.73304E+00    0.13070E+02
    36    0.75398E+00    0.12905E+02
    37    0.77493E+00    0.12983E+02
    38    0.79587E+00    0.13136E+02
    39    0.81681E+00    0.12719E+02
    40    0.83776E+00    0.13161E+02
    41    0.85870E+00    0.13002E+02
    42    0.87965E+00    0.12933E+02
    43    0.90059E+00    0.13065E+02
    44    0.92153E+00    0.12794E+02
    45    0.94248E+00    0.12946E+02
    46    0.96342E+00    0.12841E+02
    47    0.98437E+00    0.12959E+02
    48    0.10053E+01    0.12949E+02
    49    0.10263E+01    0.12631E+02
    50    0.10472E+01    0.12777E+02
    51    0.10681E+01    0.12768E+02
    52    0.10891E+01    0.12795E+02
    53    0.11100E+01    0.12548E+02
    54    0.11310E+01    0.12712E+02
    55    0.11519E+01    0.12554E+02
    56    0.11729E+01    0.12413E+02
    57    0.11938E+01    0.12520E+02
    58    0.12147E+01    0.12365E+02
    59    0.12357E+01    0.12220E+02
    60    0.12566E+01    0.12226E+02
    61    0.12776E+01    0.12145E+02
    62    0.12985E+01    0.12187E+02
    63    0.13195E+01    0.12075E+02
    64    0.13404E+01    0.12079E+02
    65    0.13614E+01    0.11988E+02
    66    0.13823E+01    0.11882E+02
    67    0.14032E+01    0.11817E+02
    68    0.14242E+01    0.11738E+02
    69    0.14451E+01    0.11598E+02
    70    0.14661E+01    0.11489E+02
    71    0.14870E+01    0.11401E+02
    72    0.15080E+01    0.11315E+02
    73    0.15289E+01    0.11367E+02
    74    0.15499E+01    0.11182E+02
    75    0.15708E+01    0.11240E+02
    76    0.15917E+01    0.11274E+02
    77    0.16127E+01    0.10944E+02
    78    0.16336E+01    0.10909E+02
    79    0.16546E+01    0.10837E+02
    80    0.16755E+01    0.10678E+02
    81    0.16965E+01    0.10607E+02
    82    0.17174E+01    0.10553E+02
    83    0.17383E+01    0.10413E+02
    84    0.17593E+01    0.10348E+02
    85    0.17802E+01    0.10347E+02
    86    0.18012E+01    0.10260E+02
    87    0.18221E+01    0.10234E+02
    88    0.18431E+01    0.10008E+02
    89    0.18640E+01    0.99357E+01
    90    0.18850E+01    0.98831E+01
    91    0.19059E+01    0.97636E+01
    92    0.19268E+01    0.96242E+01
    93    0.19478E+01    0.95932E+01
    94    0.19687E+01    0.95055E+01
    95    0.19897E+01    0.94545E+01
    96    0.20106E+01    0.93519E+01
    97    0.20316E+01    0.92064E+01
    98    0.20525E+01    0.91532E+01
    99    0.20735E+01    0.90731E+01
   100    0.20944E+01    0.89050E+01
   101    0.21153E+01    0.88317E+01
   102    0.21363E+01    0.87029E+01
   103    0.21572E+01    0.86886E+01
   104    0.21782E+01    0.85690E+01
   105    0.21991E+01    0.85111E+01
   106    0.22201E+01    0.83630E+01
   107    0.22410E+01    0.82479E+01
   108    0.22619E+01    0.81849E+01
   109    0.22829E+01    0.81432E+01
   110    0.23038E+01    0.80232E+01
   111    0.23248E+01    0.79619E+01
   112    0.23457E+01    0.78590E+01
   113    0.23667E+01    0.77927E+01
   114    0.23876E+01    0.77128E+01
   115    0.24086E+01    0.76184E+01
   116    0.24295E+01    0.75933E+01
   117    0.24504E+01    0.75173E+01
   118    0.24714E+01    0.74190E+01
   119    0.24923E+01    0.73256E+01
   120    0.25133E+01    0.72346E+01
   121    0.25342E+01    0.71811E+01
   122    0.25552E+01    0.70853E+01
   123    0.25761E+01    0.70552E+01
   124    0.25970E+01    0.70136E+01
   125    0.26180E+01    0.68967E+01
   126    0.26389E+01    0.68234E+01
   127    0.26599E+01    0.67946E+01
   128    0.26808E+01    0.67198E+01
   129    0.27018E+01    0.66446E+01
   130    0.27227E+01    0.65929E+01
   131    0.27437E+01    0.65316E+01
   132    0.27646E+01    0.64825E+01
   133    0.27855E+01    0.64258E+01
   134    0.28065E+01    0.63776E+01
   135    0.28274E+01    0.63357E+01
   136    0.28484E+01    0.62698E+01
   137    0.28693E+01    0.62789E+01
   138    0.28903E+01    0.62501E+01
   139    0.29112E+01    0.61779E+01
   140    0.29322E+01    0.61895E+01
   141    0.29531E+01    0.61124E+01
   142    0.29740E+01    0.60755E+01
   143    0.29950E+01    0.60566E+01
   144    0.30159E+01    0.60601E+01
   145    0.30369E+01    0.60566E+01
   146    0.30578E+01    0.60244E+01
   147    0.30788E+01    0.60158E+01
   148    0.30997E+01    0.60242E+01
   149    0.31206E+01    0.59896E+01
