k[unitless]    k[h/Mpc]    D^2(k)
     1    0.20944E-01    0.11946E+01
     2    0.41888E-01    0.63215E+01
     3    0.62832E-01    0.14459E+02
     4    0.83776E-01    0.19792E+02
     5    0.10472E+00    0.20910E+02
     6    0.12566E+00    0.24443E+02
     7    0.14661E+00    0.27843E+02
     8    0.16755E+00    0.26439E+02
     9    0.18850E+00    0.28032E+02
    10    0.20944E+00    0.30766E+02
    11    0.23038E+00    0.29504E+02
    12    0.25133E+00    0.29477E+02
    13    0.27227E+00    0.31384E+02
    14    0.29322E+00    0.29811E+02
    15    0.31416E+00    0.28550E+02
    16    0.33510E+00    0.30547E+02
    17    0.35605E+00    0.30669E+02
    18    0.37699E+00    0.31161E+02
    19    0.39794E+00    0.30939E+02
    20    0.41888E+00    0.31596E+02
    21    0.43982E+00    0.32528E+02
    22    0.46077E+00    0.31623E+02
    23    0.48171E+00    0.32215E+02
    24    0.50265E+00    0.31757E+02
    25    0.52360E+00    0.30942E+02
    26    0.54454E+00    0.31544E+02
    27    0.56549E+00    0.31538E+02
    28    0.58643E+00    0.31858E+02
    29    0.60737E+00    0.31558E+02
    30    0.62832E+00    0.31681E+02
    31    0.64926E+00    0.31092E+02
    32    0.67021E+00    0.31903E+02
    33    0.69115E+00    0.31848E+02
    34    0.71209E+00    0.31409E+02
    35    0.73304E+00    0.31319E+02
    36    0.75398E+00    0.31640E+02
    37    0.77493E+00    0.31397E+02
    38    0.79587E+00    0.31603E+02
    39    0.81681E+00    0.31598E+02
    40    0.83776E+00    0.31952E+02
    41    0.85870E+00    0.31793E+02
    42    0.87965E+00    0.31478E+02
    43    0.90059E+00    0.31524E+02
    44    0.92153E+00    0.31526E+02
    45    0.94248E+00    0.31417E+02
    46    0.96342E+00    0.31359E+02
    47    0.98437E+00    0.31287E+02
    48    0.10053E+01    0.31620E+02
    49    0.10263E+01    0.30847E+02
    50    0.10472E+01    0.31075E+02
    51    0.10681E+01    0.30761E+02
    52    0.10891E+01    0.31264E+02
    53    0.11100E+01    0.30719E+02
    54    0.11310E+01    0.30425E+02
    55    0.11519E+01    0.30528E+02
    56    0.11729E+01    0.30049E+02
    57    0.11938E+01    0.30387E+02
    58    0.12147E+01    0.30141E+02
    59    0.12357E+01    0.29915E+02
    60    0.12566E+01    0.29503E+02
    61    0.12776E+01    0.29523E+02
    62    0.12985E+01    0.29433E+02
    63    0.13195E+01    0.29228E+02
    64    0.13404E+01    0.29141E+02
    65    0.13614E+01    0.28924E+02
    66    0.13823E+01    0.28816E+02
    67    0.14032E+01    0.28489E+02
    68    0.14242E+01    0.28486E+02
    69    0.14451E+01    0.28022E+02
    70    0.14661E+01    0.27864E+02
    71    0.14870E+01    0.27589E+02
    72    0.15080E+01    0.27453E+02
    73    0.15289E+01    0.27241E+02
    74    0.15499E+01    0.27290E+02
    75    0.15708E+01    0.26807E+02
    76    0.15917E+01    0.26643E+02
    77    0.16127E+01    0.26382E+02
    78    0.16336E+01    0.26076E+02
    79    0.16546E+01    0.26262E+02
    80    0.16755E+01    0.25764E+02
    81    0.16965E+01    0.25676E+02
    82    0.17174E+01    0.25425E+02
    83    0.17383E+01    0.25436E+02
    84    0.17593E+01    0.25003E+02
    85    0.17802E+01    0.24955E+02
    86    0.18012E+01    0.24640E+02
    87    0.18221E+01    0.24311E+02
    88    0.18431E+01    0.24195E+02
    89    0.18640E+01    0.23992E+02
    90    0.18850E+01    0.23594E+02
    91    0.19059E+01    0.23305E+02
    92    0.19268E+01    0.23206E+02
    93    0.19478E+01    0.23072E+02
    94    0.19687E+01    0.22558E+02
    95    0.19897E+01    0.22153E+02
    96    0.20106E+01    0.22216E+02
    97    0.20316E+01    0.21928E+02
    98    0.20525E+01    0.21601E+02
    99    0.20735E+01    0.21424E+02
   100    0.20944E+01    0.21162E+02
   101    0.21153E+01    0.20821E+02
   102    0.21363E+01    0.20535E+02
   103    0.21572E+01    0.20603E+02
   104    0.21782E+01    0.20208E+02
   105    0.21991E+01    0.19981E+02
   106    0.22201E+01    0.19698E+02
   107    0.22410E+01    0.19500E+02
   108    0.22619E+01    0.19391E+02
   109    0.22829E+01    0.19132E+02
   110    0.23038E+01    0.18832E+02
   111    0.23248E+01    0.18648E+02
   112    0.23457E+01    0.18457E+02
   113    0.23667E+01    0.18183E+02
   114    0.23876E+01    0.18016E+02
   115    0.24086E+01    0.17827E+02
   116    0.24295E+01    0.17592E+02
   117    0.24504E+01    0.17373E+02
   118    0.24714E+01    0.17205E+02
   119    0.24923E+01    0.17024E+02
   120    0.25133E+01    0.16747E+02
   121    0.25342E+01    0.16481E+02
   122    0.25552E+01    0.16348E+02
   123    0.25761E+01    0.16176E+02
   124    0.25970E+01    0.15970E+02
   125    0.26180E+01    0.15851E+02
   126    0.26389E+01    0.15672E+02
   127    0.26599E+01    0.15404E+02
   128    0.26808E+01    0.15220E+02
   129    0.27018E+01    0.15149E+02
   130    0.27227E+01    0.14994E+02
   131    0.27437E+01    0.14862E+02
   132    0.27646E+01    0.14700E+02
   133    0.27855E+01    0.14573E+02
   134    0.28065E+01    0.14416E+02
   135    0.28274E+01    0.14278E+02
   136    0.28484E+01    0.14072E+02
   137    0.28693E+01    0.14030E+02
   138    0.28903E+01    0.13941E+02
   139    0.29112E+01    0.13900E+02
   140    0.29322E+01    0.13705E+02
   141    0.29531E+01    0.13750E+02
   142    0.29740E+01    0.13560E+02
   143    0.29950E+01    0.13521E+02
   144    0.30159E+01    0.13500E+02
   145    0.30369E+01    0.13394E+02
   146    0.30578E+01    0.13388E+02
   147    0.30788E+01    0.13393E+02
   148    0.30997E+01    0.13329E+02
   149    0.31206E+01    0.13250E+02
