k[unitless]    k[h/Mpc]    D^2(k)
     1    0.20944E-01    0.10259E+00
     2    0.41888E-01    0.10182E+01
     3    0.62832E-01    0.28600E+01
     4    0.83776E-01    0.60960E+01
     5    0.10472E+00    0.84691E+01
     6    0.12566E+00    0.14410E+02
     7    0.14661E+00    0.20200E+02
     8    0.16755E+00    0.23796E+02
     9    0.18850E+00    0.29147E+02
    10    0.20944E+00    0.33394E+02
    11    0.23038E+00    0.35284E+02
    12    0.25133E+00    0.38505E+02
    13    0.27227E+00    0.43486E+02
    14    0.29322E+00    0.43245E+02
    15    0.31416E+00    0.47729E+02
    16    0.33510E+00    0.48257E+02
    17    0.35605E+00    0.47749E+02
    18    0.37699E+00    0.51047E+02
    19    0.39794E+00    0.52968E+02
    20    0.41888E+00    0.53220E+02
    21    0.43982E+00    0.53059E+02
    22    0.46077E+00    0.54416E+02
    23    0.48171E+00    0.54273E+02
    24    0.50265E+00    0.54316E+02
    25    0.52360E+00    0.55635E+02
    26    0.54454E+00    0.54873E+02
    27    0.56549E+00    0.56503E+02
    28    0.58643E+00    0.57053E+02
    29    0.60737E+00    0.54758E+02
    30    0.62832E+00    0.56384E+02
    31    0.64926E+00    0.56968E+02
    32    0.67021E+00    0.58030E+02
    33    0.69115E+00    0.56932E+02
    34    0.71209E+00    0.56964E+02
    35    0.73304E+00    0.56845E+02
    36    0.75398E+00    0.56720E+02
    37    0.77493E+00    0.56815E+02
    38    0.79587E+00    0.56367E+02
    39    0.81681E+00    0.57113E+02
    40    0.83776E+00    0.56225E+02
    41    0.85870E+00    0.56501E+02
    42    0.87965E+00    0.55947E+02
    43    0.90059E+00    0.56794E+02
    44    0.92153E+00    0.56328E+02
    45    0.94248E+00    0.55908E+02
    46    0.96342E+00    0.55416E+02
    47    0.98437E+00    0.55905E+02
    48    0.10053E+01    0.55303E+02
    49    0.10263E+01    0.55223E+02
    50    0.10472E+01    0.54338E+02
    51    0.10681E+01    0.53740E+02
    52    0.10891E+01    0.55014E+02
    53    0.11100E+01    0.53814E+02
    54    0.11310E+01    0.53869E+02
    55    0.11519E+01    0.53672E+02
    56    0.11729E+01    0.54658E+02
    57    0.11938E+01    0.53249E+02
    58    0.12147E+01    0.53329E+02
    59    0.12357E+01    0.52861E+02
    60    0.12566E+01    0.52124E+02
    61    0.12776E+01    0.52200E+02
    62    0.12985E+01    0.51759E+02
    63    0.13195E+01    0.51114E+02
    64    0.13404E+01    0.51167E+02
    65    0.13614E+01    0.51062E+02
    66    0.13823E+01    0.50258E+02
    67    0.14032E+01    0.49591E+02
    68    0.14242E+01    0.49475E+02
    69    0.14451E+01    0.49039E+02
    70    0.14661E+01    0.48163E+02
    71    0.14870E+01    0.48276E+02
    72    0.15080E+01    0.47867E+02
    73    0.15289E+01    0.47266E+02
    74    0.15499E+01    0.46858E+02
    75    0.15708E+01    0.46710E+02
    76    0.15917E+01    0.46098E+02
    77    0.16127E+01    0.45618E+02
    78    0.16336E+01    0.45015E+02
    79    0.16546E+01    0.45384E+02
    80    0.16755E+01    0.44612E+02
    81    0.16965E+01    0.44054E+02
    82    0.17174E+01    0.43346E+02
    83    0.17383E+01    0.42857E+02
    84    0.17593E+01    0.42660E+02
    85    0.17802E+01    0.42440E+02
    86    0.18012E+01    0.41608E+02
    87    0.18221E+01    0.40949E+02
    88    0.18431E+01    0.40614E+02
    89    0.18640E+01    0.40339E+02
    90    0.18850E+01    0.39914E+02
    91    0.19059E+01    0.38816E+02
    92    0.19268E+01    0.38599E+02
    93    0.19478E+01    0.38463E+02
    94    0.19687E+01    0.37972E+02
    95    0.19897E+01    0.37285E+02
    96    0.20106E+01    0.36966E+02
    97    0.20316E+01    0.36271E+02
    98    0.20525E+01    0.36044E+02
    99    0.20735E+01    0.35421E+02
   100    0.20944E+01    0.35152E+02
   101    0.21153E+01    0.34310E+02
   102    0.21363E+01    0.34137E+02
   103    0.21572E+01    0.33289E+02
   104    0.21782E+01    0.33115E+02
   105    0.21991E+01    0.32582E+02
   106    0.22201E+01    0.32199E+02
   107    0.22410E+01    0.31634E+02
   108    0.22619E+01    0.31527E+02
   109    0.22829E+01    0.30872E+02
   110    0.23038E+01    0.30455E+02
   111    0.23248E+01    0.29803E+02
   112    0.23457E+01    0.29566E+02
   113    0.23667E+01    0.29133E+02
   114    0.23876E+01    0.28480E+02
   115    0.24086E+01    0.28156E+02
   116    0.24295E+01    0.27573E+02
   117    0.24504E+01    0.27534E+02
   118    0.24714E+01    0.26911E+02
   119    0.24923E+01    0.26534E+02
   120    0.25133E+01    0.25969E+02
   121    0.25342E+01    0.25503E+02
   122    0.25552E+01    0.25345E+02
   123    0.25761E+01    0.24959E+02
   124    0.25970E+01    0.24492E+02
   125    0.26180E+01    0.23993E+02
   126    0.26389E+01    0.23592E+02
   127    0.26599E+01    0.23207E+02
   128    0.26808E+01    0.22746E+02
   129    0.27018E+01    0.22538E+02
   130    0.27227E+01    0.22033E+02
   131    0.27437E+01    0.21832E+02
   132    0.27646E+01    0.21443E+02
   133    0.27855E+01    0.21150E+02
   134    0.28065E+01    0.20888E+02
   135    0.28274E+01    0.20553E+02
   136    0.28484E+01    0.20221E+02
   137    0.28693E+01    0.19856E+02
   138    0.28903E+01    0.19737E+02
   139    0.29112E+01    0.19423E+02
   140    0.29322E+01    0.19231E+02
   141    0.29531E+01    0.18877E+02
   142    0.29740E+01    0.18770E+02
   143    0.29950E+01    0.18494E+02
   144    0.30159E+01    0.18262E+02
   145    0.30369E+01    0.18147E+02
   146    0.30578E+01    0.17832E+02
   147    0.30788E+01    0.17819E+02
   148    0.30997E+01    0.17679E+02
   149    0.31206E+01    0.17529E+02
