k[unitless]    k[h/Mpc]    D^2(k)
     1    0.20944E-01    0.73878E+00
     2    0.41888E-01    0.28054E+01
     3    0.62832E-01    0.53955E+01
     4    0.83776E-01    0.59727E+01
     5    0.10472E+00    0.79211E+01
     6    0.12566E+00    0.87391E+01
     7    0.14661E+00    0.88812E+01
     8    0.16755E+00    0.87727E+01
     9    0.18850E+00    0.91039E+01
    10    0.20944E+00    0.90178E+01
    11    0.23038E+00    0.10293E+02
    12    0.25133E+00    0.92117E+01
    13    0.27227E+00    0.95680E+01
    14    0.29322E+00    0.92414E+01
    15    0.31416E+00    0.91292E+01
    16    0.33510E+00    0.91590E+01
    17    0.35605E+00    0.94518E+01
    18    0.37699E+00    0.94030E+01
    19    0.39794E+00    0.95584E+01
    20    0.41888E+00    0.92876E+01
    21    0.43982E+00    0.95048E+01
    22    0.46077E+00    0.96228E+01
    23    0.48171E+00    0.94735E+01
    24    0.50265E+00    0.93362E+01
    25    0.52360E+00    0.95813E+01
    26    0.54454E+00    0.94370E+01
    27    0.56549E+00    0.94183E+01
    28    0.58643E+00    0.93938E+01
    29    0.60737E+00    0.95123E+01
    30    0.62832E+00    0.93550E+01
    31    0.64926E+00    0.91993E+01
    32    0.67021E+00    0.93665E+01
    33    0.69115E+00    0.96413E+01
    34    0.71209E+00    0.95273E+01
    35    0.73304E+00    0.94414E+01
    36    0.75398E+00    0.93548E+01
    37    0.77493E+00    0.94719E+01
    38    0.79587E+00    0.95250E+01
    39    0.81681E+00    0.92477E+01
    40    0.83776E+00    0.94509E+01
    41    0.85870E+00    0.94719E+01
    42    0.87965E+00    0.93939E+01
    43    0.90059E+00    0.94283E+01
    44    0.92153E+00    0.93855E+01
    45    0.94248E+00    0.94377E+01
    46    0.96342E+00    0.93051E+01
    47    0.98437E+00    0.93972E+01
    48    0.10053E+01    0.93764E+01
    49    0.10263E+01    0.92364E+01
    50    0.10472E+01    0.92502E+01
    51    0.10681E+01    0.92522E+01
    52    0.10891E+01    0.91944E+01
    53    0.11100E+01    0.91331E+01
    54    0.11310E+01    0.91897E+01
    55    0.11519E+01    0.92013E+01
    56    0.11729E+01    0.90391E+01
    57    0.11938E+01    0.90799E+01
    58    0.12147E+01    0.90326E+01
    59    0.12357E+01    0.89734E+01
    60    0.12566E+01    0.88944E+01
    61    0.12776E+01    0.88773E+01
    62    0.12985E+01    0.88431E+01
    63    0.13195E+01    0.88059E+01
    64    0.13404E+01    0.87582E+01
    65    0.13614E+01    0.86375E+01
    66    0.13823E+01    0.86480E+01
    67    0.14032E+01    0.85883E+01
    68    0.14242E+01    0.85715E+01
    69    0.14451E+01    0.83445E+01
    70    0.14661E+01    0.83841E+01
    71    0.14870E+01    0.82947E+01
    72    0.15080E+01    0.82953E+01
    73    0.15289E+01    0.82637E+01
    74    0.15499E+01    0.81522E+01
    75    0.15708E+01    0.81649E+01
    76    0.15917E+01    0.82390E+01
    77    0.16127E+01    0.79659E+01
    78    0.16336E+01    0.79505E+01
    79    0.16546E+01    0.79143E+01
    80    0.16755E+01    0.77713E+01
    81    0.16965E+01    0.77060E+01
    82    0.17174E+01    0.77330E+01
    83    0.17383E+01    0.75637E+01
    84    0.17593E+01    0.75292E+01
    85    0.17802E+01    0.75309E+01
    86    0.18012E+01    0.74779E+01
    87    0.18221E+01    0.74485E+01
    88    0.18431E+01    0.73185E+01
    89    0.18640E+01    0.72207E+01
    90    0.18850E+01    0.71841E+01
    91    0.19059E+01    0.71030E+01
    92    0.19268E+01    0.70360E+01
    93    0.19478E+01    0.69981E+01
    94    0.19687E+01    0.69392E+01
    95    0.19897E+01    0.68600E+01
    96    0.20106E+01    0.67858E+01
    97    0.20316E+01    0.66999E+01
    98    0.20525E+01    0.66549E+01
    99    0.20735E+01    0.65868E+01
   100    0.20944E+01    0.64736E+01
   101    0.21153E+01    0.64441E+01
   102    0.21363E+01    0.63442E+01
   103    0.21572E+01    0.63466E+01
   104    0.21782E+01    0.62636E+01
   105    0.21991E+01    0.62391E+01
   106    0.22201E+01    0.61438E+01
   107    0.22410E+01    0.60774E+01
   108    0.22619E+01    0.59899E+01
   109    0.22829E+01    0.59868E+01
   110    0.23038E+01    0.58796E+01
   111    0.23248E+01    0.58295E+01
   112    0.23457E+01    0.57551E+01
   113    0.23667E+01    0.56947E+01
   114    0.23876E+01    0.56585E+01
   115    0.24086E+01    0.55949E+01
   116    0.24295E+01    0.55833E+01
   117    0.24504E+01    0.55069E+01
   118    0.24714E+01    0.54696E+01
   119    0.24923E+01    0.53856E+01
   120    0.25133E+01    0.53293E+01
   121    0.25342E+01    0.52809E+01
   122    0.25552E+01    0.52206E+01
   123    0.25761E+01    0.51736E+01
   124    0.25970E+01    0.51480E+01
   125    0.26180E+01    0.51115E+01
   126    0.26389E+01    0.50675E+01
   127    0.26599E+01    0.50510E+01
   128    0.26808E+01    0.50048E+01
   129    0.27018E+01    0.49471E+01
   130    0.27227E+01    0.48853E+01
   131    0.27437E+01    0.48664E+01
   132    0.27646E+01    0.48297E+01
   133    0.27855E+01    0.47463E+01
   134    0.28065E+01    0.47366E+01
   135    0.28274E+01    0.46995E+01
   136    0.28484E+01    0.46555E+01
   137    0.28693E+01    0.46502E+01
   138    0.28903E+01    0.46432E+01
   139    0.29112E+01    0.45836E+01
   140    0.29322E+01    0.45823E+01
   141    0.29531E+01    0.45784E+01
   142    0.29740E+01    0.45337E+01
   143    0.29950E+01    0.45247E+01
   144    0.30159E+01    0.45149E+01
   145    0.30369E+01    0.44942E+01
   146    0.30578E+01    0.44991E+01
   147    0.30788E+01    0.44583E+01
   148    0.30997E+01    0.44579E+01
   149    0.31206E+01    0.44927E+01
