k[unitless]    k[h/Mpc]    D^2(k)
     1    0.20944E-01    0.89061E+00
     2    0.41888E-01    0.53054E+01
     3    0.62832E-01    0.13013E+02
     4    0.83776E-01    0.20230E+02
     5    0.10472E+00    0.22361E+02
     6    0.12566E+00    0.27819E+02
     7    0.14661E+00    0.33398E+02
     8    0.16755E+00    0.32858E+02
     9    0.18850E+00    0.35424E+02
    10    0.20944E+00    0.38681E+02
    11    0.23038E+00    0.37441E+02
    12    0.25133E+00    0.37635E+02
    13    0.27227E+00    0.40532E+02
    14    0.29322E+00    0.39122E+02
    15    0.31416E+00    0.39192E+02
    16    0.33510E+00    0.41873E+02
    17    0.35605E+00    0.40523E+02
    18    0.37699E+00    0.41929E+02
    19    0.39794E+00    0.42368E+02
    20    0.41888E+00    0.43286E+02
    21    0.43982E+00    0.43649E+02
    22    0.46077E+00    0.41664E+02
    23    0.48171E+00    0.42663E+02
    24    0.50265E+00    0.43848E+02
    25    0.52360E+00    0.42552E+02
    26    0.54454E+00    0.42762E+02
    27    0.56549E+00    0.43843E+02
    28    0.58643E+00    0.43316E+02
    29    0.60737E+00    0.44035E+02
    30    0.62832E+00    0.43226E+02
    31    0.64926E+00    0.43047E+02
    32    0.67021E+00    0.44329E+02
    33    0.69115E+00    0.43346E+02
    34    0.71209E+00    0.43310E+02
    35    0.73304E+00    0.43263E+02
    36    0.75398E+00    0.43635E+02
    37    0.77493E+00    0.42909E+02
    38    0.79587E+00    0.43450E+02
    39    0.81681E+00    0.43801E+02
    40    0.83776E+00    0.43813E+02
    41    0.85870E+00    0.43581E+02
    42    0.87965E+00    0.42872E+02
    43    0.90059E+00    0.43241E+02
    44    0.92153E+00    0.43355E+02
    45    0.94248E+00    0.42848E+02
    46    0.96342E+00    0.43709E+02
    47    0.98437E+00    0.43410E+02
    48    0.10053E+01    0.43214E+02
    49    0.10263E+01    0.42852E+02
    50    0.10472E+01    0.42189E+02
    51    0.10681E+01    0.42093E+02
    52    0.10891E+01    0.42289E+02
    53    0.11100E+01    0.41998E+02
    54    0.11310E+01    0.41626E+02
    55    0.11519E+01    0.41800E+02
    56    0.11729E+01    0.41171E+02
    57    0.11938E+01    0.41458E+02
    58    0.12147E+01    0.41471E+02
    59    0.12357E+01    0.40850E+02
    60    0.12566E+01    0.40907E+02
    61    0.12776E+01    0.40315E+02
    62    0.12985E+01    0.40804E+02
    63    0.13195E+01    0.40050E+02
    64    0.13404E+01    0.39608E+02
    65    0.13614E+01    0.39436E+02
    66    0.13823E+01    0.39571E+02
    67    0.14032E+01    0.38867E+02
    68    0.14242E+01    0.38811E+02
    69    0.14451E+01    0.38351E+02
    70    0.14661E+01    0.37962E+02
    71    0.14870E+01    0.37516E+02
    72    0.15080E+01    0.37315E+02
    73    0.15289E+01    0.37072E+02
    74    0.15499E+01    0.37108E+02
    75    0.15708E+01    0.36318E+02
    76    0.15917E+01    0.36221E+02
    77    0.16127E+01    0.35817E+02
    78    0.16336E+01    0.35994E+02
    79    0.16546E+01    0.35573E+02
    80    0.16755E+01    0.35161E+02
    81    0.16965E+01    0.34902E+02
    82    0.17174E+01    0.34651E+02
    83    0.17383E+01    0.34096E+02
    84    0.17593E+01    0.33722E+02
    85    0.17802E+01    0.33403E+02
    86    0.18012E+01    0.33156E+02
    87    0.18221E+01    0.32719E+02
    88    0.18431E+01    0.32587E+02
    89    0.18640E+01    0.32019E+02
    90    0.18850E+01    0.31916E+02
    91    0.19059E+01    0.31396E+02
    92    0.19268E+01    0.31128E+02
    93    0.19478E+01    0.30985E+02
    94    0.19687E+01    0.30440E+02
    95    0.19897E+01    0.30019E+02
    96    0.20106E+01    0.29871E+02
    97    0.20316E+01    0.29540E+02
    98    0.20525E+01    0.28944E+02
    99    0.20735E+01    0.28632E+02
   100    0.20944E+01    0.28299E+02
   101    0.21153E+01    0.28294E+02
   102    0.21363E+01    0.27863E+02
   103    0.21572E+01    0.27336E+02
   104    0.21782E+01    0.27179E+02
   105    0.21991E+01    0.26733E+02
   106    0.22201E+01    0.26377E+02
   107    0.22410E+01    0.26163E+02
   108    0.22619E+01    0.25615E+02
   109    0.22829E+01    0.25392E+02
   110    0.23038E+01    0.25082E+02
   111    0.23248E+01    0.24890E+02
   112    0.23457E+01    0.24609E+02
   113    0.23667E+01    0.24228E+02
   114    0.23876E+01    0.23938E+02
   115    0.24086E+01    0.23628E+02
   116    0.24295E+01    0.23176E+02
   117    0.24504E+01    0.22960E+02
   118    0.24714E+01    0.22692E+02
   119    0.24923E+01    0.22532E+02
   120    0.25133E+01    0.22143E+02
   121    0.25342E+01    0.21846E+02
   122    0.25552E+01    0.21692E+02
   123    0.25761E+01    0.21435E+02
   124    0.25970E+01    0.21028E+02
   125    0.26180E+01    0.20781E+02
   126    0.26389E+01    0.20581E+02
   127    0.26599E+01    0.20281E+02
   128    0.26808E+01    0.20054E+02
   129    0.27018E+01    0.19848E+02
   130    0.27227E+01    0.19599E+02
   131    0.27437E+01    0.19392E+02
   132    0.27646E+01    0.19201E+02
   133    0.27855E+01    0.19083E+02
   134    0.28065E+01    0.18778E+02
   135    0.28274E+01    0.18637E+02
   136    0.28484E+01    0.18494E+02
   137    0.28693E+01    0.18394E+02
   138    0.28903E+01    0.18149E+02
   139    0.29112E+01    0.17991E+02
   140    0.29322E+01    0.17830E+02
   141    0.29531E+01    0.17809E+02
   142    0.29740E+01    0.17587E+02
   143    0.29950E+01    0.17504E+02
   144    0.30159E+01    0.17431E+02
   145    0.30369E+01    0.17271E+02
   146    0.30578E+01    0.17301E+02
   147    0.30788E+01    0.17263E+02
   148    0.30997E+01    0.17097E+02
   149    0.31206E+01    0.17024E+02
