k[unitless]    k[h/Mpc]    D^2(k)
     1    0.20944E-01    0.41572E-01
     2    0.41888E-01    0.46557E+00
     3    0.62832E-01    0.13121E+01
     4    0.83776E-01    0.32533E+01
     5    0.10472E+00    0.52377E+01
     6    0.12566E+00    0.96726E+01
     7    0.14661E+00    0.14017E+02
     8    0.16755E+00    0.16790E+02
     9    0.18850E+00    0.21379E+02
    10    0.20944E+00    0.26290E+02
    11    0.23038E+00    0.28949E+02
    12    0.25133E+00    0.32655E+02
    13    0.27227E+00    0.36814E+02
    14    0.29322E+00    0.37832E+02
    15    0.31416E+00    0.42862E+02
    16    0.33510E+00    0.44110E+02
    17    0.35605E+00    0.43369E+02
    18    0.37699E+00    0.46796E+02
    19    0.39794E+00    0.49782E+02
    20    0.41888E+00    0.49648E+02
    21    0.43982E+00    0.48693E+02
    22    0.46077E+00    0.50932E+02
    23    0.48171E+00    0.50370E+02
    24    0.50265E+00    0.48712E+02
    25    0.52360E+00    0.50293E+02
    26    0.54454E+00    0.50670E+02
    27    0.56549E+00    0.51414E+02
    28    0.58643E+00    0.51807E+02
    29    0.60737E+00    0.50869E+02
    30    0.62832E+00    0.51218E+02
    31    0.64926E+00    0.51896E+02
    32    0.67021E+00    0.52715E+02
    33    0.69115E+00    0.52092E+02
    34    0.71209E+00    0.51943E+02
    35    0.73304E+00    0.52341E+02
    36    0.75398E+00    0.52274E+02
    37    0.77493E+00    0.52071E+02
    38    0.79587E+00    0.52086E+02
    39    0.81681E+00    0.52837E+02
    40    0.83776E+00    0.50921E+02
    41    0.85870E+00    0.51289E+02
    42    0.87965E+00    0.52636E+02
    43    0.90059E+00    0.51673E+02
    44    0.92153E+00    0.51926E+02
    45    0.94248E+00    0.51203E+02
    46    0.96342E+00    0.50676E+02
    47    0.98437E+00    0.50750E+02
    48    0.10053E+01    0.50746E+02
    49    0.10263E+01    0.50922E+02
    50    0.10472E+01    0.49988E+02
    51    0.10681E+01    0.50011E+02
    52    0.10891E+01    0.50215E+02
    53    0.11100E+01    0.49345E+02
    54    0.11310E+01    0.49751E+02
    55    0.11519E+01    0.49234E+02
    56    0.11729E+01    0.49375E+02
    57    0.11938E+01    0.49280E+02
    58    0.12147E+01    0.49058E+02
    59    0.12357E+01    0.48919E+02
    60    0.12566E+01    0.48205E+02
    61    0.12776E+01    0.48255E+02
    62    0.12985E+01    0.47797E+02
    63    0.13195E+01    0.47423E+02
    64    0.13404E+01    0.47415E+02
    65    0.13614E+01    0.46876E+02
    66    0.13823E+01    0.46271E+02
    67    0.14032E+01    0.45969E+02
    68    0.14242E+01    0.45616E+02
    69    0.14451E+01    0.44994E+02
    70    0.14661E+01    0.44849E+02
    71    0.14870E+01    0.44693E+02
    72    0.15080E+01    0.44278E+02
    73    0.15289E+01    0.43997E+02
    74    0.15499E+01    0.43447E+02
    75    0.15708E+01    0.43352E+02
    76    0.15917E+01    0.43059E+02
    77    0.16127E+01    0.42088E+02
    78    0.16336E+01    0.42091E+02
    79    0.16546E+01    0.41782E+02
    80    0.16755E+01    0.41150E+02
    81    0.16965E+01    0.40660E+02
    82    0.17174E+01    0.40303E+02
    83    0.17383E+01    0.39488E+02
    84    0.17593E+01    0.39316E+02
    85    0.17802E+01    0.39073E+02
    86    0.18012E+01    0.38512E+02
    87    0.18221E+01    0.38166E+02
    88    0.18431E+01    0.37874E+02
    89    0.18640E+01    0.37203E+02
    90    0.18850E+01    0.36687E+02
    91    0.19059E+01    0.35911E+02
    92    0.19268E+01    0.35833E+02
    93    0.19478E+01    0.35242E+02
    94    0.19687E+01    0.34938E+02
    95    0.19897E+01    0.34399E+02
    96    0.20106E+01    0.34380E+02
    97    0.20316E+01    0.33413E+02
    98    0.20525E+01    0.33075E+02
    99    0.20735E+01    0.32535E+02
   100    0.20944E+01    0.32165E+02
   101    0.21153E+01    0.31524E+02
   102    0.21363E+01    0.31248E+02
   103    0.21572E+01    0.30656E+02
   104    0.21782E+01    0.30257E+02
   105    0.21991E+01    0.29654E+02
   106    0.22201E+01    0.29440E+02
   107    0.22410E+01    0.28976E+02
   108    0.22619E+01    0.28684E+02
   109    0.22829E+01    0.28049E+02
   110    0.23038E+01    0.27531E+02
   111    0.23248E+01    0.26953E+02
   112    0.23457E+01    0.26809E+02
   113    0.23667E+01    0.26254E+02
   114    0.23876E+01    0.25905E+02
   115    0.24086E+01    0.25510E+02
   116    0.24295E+01    0.24922E+02
   117    0.24504E+01    0.24628E+02
   118    0.24714E+01    0.24138E+02
   119    0.24923E+01    0.23877E+02
   120    0.25133E+01    0.23334E+02
   121    0.25342E+01    0.22775E+02
   122    0.25552E+01    0.22574E+02
   123    0.25761E+01    0.22229E+02
   124    0.25970E+01    0.21823E+02
   125    0.26180E+01    0.21439E+02
   126    0.26389E+01    0.21004E+02
   127    0.26599E+01    0.20611E+02
   128    0.26808E+01    0.20267E+02
   129    0.27018E+01    0.19948E+02
   130    0.27227E+01    0.19520E+02
   131    0.27437E+01    0.19155E+02
   132    0.27646E+01    0.18871E+02
   133    0.27855E+01    0.18593E+02
   134    0.28065E+01    0.18289E+02
   135    0.28274E+01    0.18012E+02
   136    0.28484E+01    0.17499E+02
   137    0.28693E+01    0.17349E+02
   138    0.28903E+01    0.17067E+02
   139    0.29112E+01    0.16733E+02
   140    0.29322E+01    0.16542E+02
   141    0.29531E+01    0.16233E+02
   142    0.29740E+01    0.16058E+02
   143    0.29950E+01    0.15849E+02
   144    0.30159E+01    0.15649E+02
   145    0.30369E+01    0.15411E+02
   146    0.30578E+01    0.15255E+02
   147    0.30788E+01    0.15058E+02
   148    0.30997E+01    0.14962E+02
   149    0.31206E+01    0.14839E+02
