k[unitless]    k[h/Mpc]    D^2(k)
     1    0.20944E-01    0.85875E-01
     2    0.41888E-01    0.23580E+00
     3    0.62832E-01    0.37049E+00
     4    0.83776E-01    0.58755E+00
     5    0.10472E+00    0.95295E+00
     6    0.12566E+00    0.97179E+00
     7    0.14661E+00    0.11176E+01
     8    0.16755E+00    0.10333E+01
     9    0.18850E+00    0.11632E+01
    10    0.20944E+00    0.11854E+01
    11    0.23038E+00    0.12442E+01
    12    0.25133E+00    0.12571E+01
    13    0.27227E+00    0.12418E+01
    14    0.29322E+00    0.12270E+01
    15    0.31416E+00    0.11498E+01
    16    0.33510E+00    0.12516E+01
    17    0.35605E+00    0.12893E+01
    18    0.37699E+00    0.13087E+01
    19    0.39794E+00    0.12488E+01
    20    0.41888E+00    0.12609E+01
    21    0.43982E+00    0.12304E+01
    22    0.46077E+00    0.12367E+01
    23    0.48171E+00    0.12375E+01
    24    0.50265E+00    0.12676E+01
    25    0.52360E+00    0.12357E+01
    26    0.54454E+00    0.12553E+01
    27    0.56549E+00    0.12218E+01
    28    0.58643E+00    0.12551E+01
    29    0.60737E+00    0.12714E+01
    30    0.62832E+00    0.12444E+01
    31    0.64926E+00    0.12304E+01
    32    0.67021E+00    0.12756E+01
    33    0.69115E+00    0.12732E+01
    34    0.71209E+00    0.12513E+01
    35    0.73304E+00    0.12390E+01
    36    0.75398E+00    0.12912E+01
    37    0.77493E+00    0.12638E+01
    38    0.79587E+00    0.12481E+01
    39    0.81681E+00    0.12335E+01
    40    0.83776E+00    0.12511E+01
    41    0.85870E+00    0.12318E+01
    42    0.87965E+00    0.12419E+01
    43    0.90059E+00    0.12541E+01
    44    0.92153E+00    0.12284E+01
    45    0.94248E+00    0.12228E+01
    46    0.96342E+00    0.12160E+01
    47    0.98437E+00    0.11924E+01
    48    0.10053E+01    0.11932E+01
    49    0.10263E+01    0.11848E+01
    50    0.10472E+01    0.11803E+01
    51    0.10681E+01    0.11670E+01
    52    0.10891E+01    0.11612E+01
    53    0.11100E+01    0.11690E+01
    54    0.11310E+01    0.11678E+01
    55    0.11519E+01    0.11766E+01
    56    0.11729E+01    0.11619E+01
    57    0.11938E+01    0.11490E+01
    58    0.12147E+01    0.11571E+01
    59    0.12357E+01    0.11380E+01
    60    0.12566E+01    0.11366E+01
    61    0.12776E+01    0.11269E+01
    62    0.12985E+01    0.11302E+01
    63    0.13195E+01    0.11218E+01
    64    0.13404E+01    0.11275E+01
    65    0.13614E+01    0.11197E+01
    66    0.13823E+01    0.11121E+01
    67    0.14032E+01    0.11071E+01
    68    0.14242E+01    0.11006E+01
    69    0.14451E+01    0.10924E+01
    70    0.14661E+01    0.10925E+01
    71    0.14870E+01    0.10949E+01
    72    0.15080E+01    0.10770E+01
    73    0.15289E+01    0.10907E+01
    74    0.15499E+01    0.10738E+01
    75    0.15708E+01    0.10566E+01
    76    0.15917E+01    0.10517E+01
    77    0.16127E+01    0.10433E+01
    78    0.16336E+01    0.10337E+01
    79    0.16546E+01    0.10395E+01
    80    0.16755E+01    0.10346E+01
    81    0.16965E+01    0.10199E+01
    82    0.17174E+01    0.10192E+01
    83    0.17383E+01    0.10047E+01
    84    0.17593E+01    0.99243E+00
    85    0.17802E+01    0.98081E+00
    86    0.18012E+01    0.98315E+00
    87    0.18221E+01    0.97229E+00
    88    0.18431E+01    0.96101E+00
    89    0.18640E+01    0.95664E+00
    90    0.18850E+01    0.94358E+00
    91    0.19059E+01    0.94421E+00
    92    0.19268E+01    0.94087E+00
    93    0.19478E+01    0.93238E+00
    94    0.19687E+01    0.92628E+00
    95    0.19897E+01    0.91471E+00
    96    0.20106E+01    0.90099E+00
    97    0.20316E+01    0.89604E+00
    98    0.20525E+01    0.89532E+00
    99    0.20735E+01    0.88851E+00
   100    0.20944E+01    0.88006E+00
   101    0.21153E+01    0.87487E+00
   102    0.21363E+01    0.85727E+00
   103    0.21572E+01    0.85662E+00
   104    0.21782E+01    0.84702E+00
   105    0.21991E+01    0.82863E+00
   106    0.22201E+01    0.82058E+00
   107    0.22410E+01    0.81174E+00
   108    0.22619E+01    0.80376E+00
   109    0.22829E+01    0.79616E+00
   110    0.23038E+01    0.79097E+00
   111    0.23248E+01    0.78446E+00
   112    0.23457E+01    0.77684E+00
   113    0.23667E+01    0.77360E+00
   114    0.23876E+01    0.76616E+00
   115    0.24086E+01    0.75885E+00
   116    0.24295E+01    0.75296E+00
   117    0.24504E+01    0.74621E+00
   118    0.24714E+01    0.74184E+00
   119    0.24923E+01    0.73379E+00
   120    0.25133E+01    0.72609E+00
   121    0.25342E+01    0.71753E+00
   122    0.25552E+01    0.71160E+00
   123    0.25761E+01    0.71256E+00
   124    0.25970E+01    0.71499E+00
   125    0.26180E+01    0.70272E+00
   126    0.26389E+01    0.70051E+00
   127    0.26599E+01    0.69275E+00
   128    0.26808E+01    0.69208E+00
   129    0.27018E+01    0.68925E+00
   130    0.27227E+01    0.68452E+00
   131    0.27437E+01    0.67556E+00
   132    0.27646E+01    0.67459E+00
   133    0.27855E+01    0.66844E+00
   134    0.28065E+01    0.66678E+00
   135    0.28274E+01    0.66078E+00
   136    0.28484E+01    0.65511E+00
   137    0.28693E+01    0.65359E+00
   138    0.28903E+01    0.64675E+00
   139    0.29112E+01    0.64489E+00
   140    0.29322E+01    0.65149E+00
   141    0.29531E+01    0.64852E+00
   142    0.29740E+01    0.64714E+00
   143    0.29950E+01    0.64467E+00
   144    0.30159E+01    0.64250E+00
   145    0.30369E+01    0.63991E+00
   146    0.30578E+01    0.64204E+00
   147    0.30788E+01    0.64417E+00
   148    0.30997E+01    0.64429E+00
   149    0.31206E+01    0.64452E+00
