k[unitless]    k[h/Mpc]    D^2(k)
     1    0.20944E-01    0.12161E+01
     2    0.41888E-01    0.63283E+01
     3    0.62832E-01    0.14311E+02
     4    0.83776E-01    0.19227E+02
     5    0.10472E+00    0.20298E+02
     6    0.12566E+00    0.23624E+02
     7    0.14661E+00    0.26672E+02
     8    0.16755E+00    0.25354E+02
     9    0.18850E+00    0.26804E+02
    10    0.20944E+00    0.29364E+02
    11    0.23038E+00    0.28215E+02
    12    0.25133E+00    0.28199E+02
    13    0.27227E+00    0.29898E+02
    14    0.29322E+00    0.28436E+02
    15    0.31416E+00    0.26994E+02
    16    0.33510E+00    0.28905E+02
    17    0.35605E+00    0.29178E+02
    18    0.37699E+00    0.29535E+02
    19    0.39794E+00    0.29314E+02
    20    0.41888E+00    0.29969E+02
    21    0.43982E+00    0.30841E+02
    22    0.46077E+00    0.30099E+02
    23    0.48171E+00    0.30537E+02
    24    0.50265E+00    0.30119E+02
    25    0.52360E+00    0.29432E+02
    26    0.54454E+00    0.29935E+02
    27    0.56549E+00    0.29851E+02
    28    0.58643E+00    0.30185E+02
    29    0.60737E+00    0.29795E+02
    30    0.62832E+00    0.29919E+02
    31    0.64926E+00    0.29546E+02
    32    0.67021E+00    0.30160E+02
    33    0.69115E+00    0.30328E+02
    34    0.71209E+00    0.29799E+02
    35    0.73304E+00    0.29648E+02
    36    0.75398E+00    0.30013E+02
    37    0.77493E+00    0.29662E+02
    38    0.79587E+00    0.29899E+02
    39    0.81681E+00    0.29917E+02
    40    0.83776E+00    0.30276E+02
    41    0.85870E+00    0.30123E+02
    42    0.87965E+00    0.29824E+02
    43    0.90059E+00    0.29872E+02
    44    0.92153E+00    0.29890E+02
    45    0.94248E+00    0.29678E+02
    46    0.96342E+00    0.29564E+02
    47    0.98437E+00    0.29634E+02
    48    0.10053E+01    0.29916E+02
    49    0.10263E+01    0.29219E+02
    50    0.10472E+01    0.29494E+02
    51    0.10681E+01    0.29169E+02
    52    0.10891E+01    0.29645E+02
    53    0.11100E+01    0.29078E+02
    54    0.11310E+01    0.28817E+02
    55    0.11519E+01    0.28914E+02
    56    0.11729E+01    0.28484E+02
    57    0.11938E+01    0.28778E+02
    58    0.12147E+01    0.28530E+02
    59    0.12357E+01    0.28397E+02
    60    0.12566E+01    0.27969E+02
    61    0.12776E+01    0.27993E+02
    62    0.12985E+01    0.27857E+02
    63    0.13195E+01    0.27668E+02
    64    0.13404E+01    0.27638E+02
    65    0.13614E+01    0.27432E+02
    66    0.13823E+01    0.27252E+02
    67    0.14032E+01    0.27002E+02
    68    0.14242E+01    0.26954E+02
    69    0.14451E+01    0.26508E+02
    70    0.14661E+01    0.26394E+02
    71    0.14870E+01    0.26146E+02
    72    0.15080E+01    0.26029E+02
    73    0.15289E+01    0.25868E+02
    74    0.15499E+01    0.25858E+02
    75    0.15708E+01    0.25390E+02
    76    0.15917E+01    0.25258E+02
    77    0.16127E+01    0.24997E+02
    78    0.16336E+01    0.24738E+02
    79    0.16546E+01    0.24914E+02
    80    0.16755E+01    0.24416E+02
    81    0.16965E+01    0.24314E+02
    82    0.17174E+01    0.24063E+02
    83    0.17383E+01    0.24142E+02
    84    0.17593E+01    0.23778E+02
    85    0.17802E+01    0.23640E+02
    86    0.18012E+01    0.23364E+02
    87    0.18221E+01    0.23087E+02
    88    0.18431E+01    0.22956E+02
    89    0.18640E+01    0.22754E+02
    90    0.18850E+01    0.22470E+02
    91    0.19059E+01    0.22158E+02
    92    0.19268E+01    0.21979E+02
    93    0.19478E+01    0.21896E+02
    94    0.19687E+01    0.21401E+02
    95    0.19897E+01    0.21123E+02
    96    0.20106E+01    0.21086E+02
    97    0.20316E+01    0.20816E+02
    98    0.20525E+01    0.20539E+02
    99    0.20735E+01    0.20334E+02
   100    0.20944E+01    0.20147E+02
   101    0.21153E+01    0.19814E+02
   102    0.21363E+01    0.19525E+02
   103    0.21572E+01    0.19566E+02
   104    0.21782E+01    0.19193E+02
   105    0.21991E+01    0.18995E+02
   106    0.22201E+01    0.18693E+02
   107    0.22410E+01    0.18543E+02
   108    0.22619E+01    0.18442E+02
   109    0.22829E+01    0.18165E+02
   110    0.23038E+01    0.17908E+02
   111    0.23248E+01    0.17714E+02
   112    0.23457E+01    0.17519E+02
   113    0.23667E+01    0.17281E+02
   114    0.23876E+01    0.17158E+02
   115    0.24086E+01    0.16993E+02
   116    0.24295E+01    0.16756E+02
   117    0.24504E+01    0.16525E+02
   118    0.24714E+01    0.16364E+02
   119    0.24923E+01    0.16188E+02
   120    0.25133E+01    0.15948E+02
   121    0.25342E+01    0.15680E+02
   122    0.25552E+01    0.15524E+02
   123    0.25761E+01    0.15381E+02
   124    0.25970E+01    0.15160E+02
   125    0.26180E+01    0.15090E+02
   126    0.26389E+01    0.14912E+02
   127    0.26599E+01    0.14700E+02
   128    0.26808E+01    0.14510E+02
   129    0.27018E+01    0.14461E+02
   130    0.27227E+01    0.14257E+02
   131    0.27437E+01    0.14170E+02
   132    0.27646E+01    0.13999E+02
   133    0.27855E+01    0.13868E+02
   134    0.28065E+01    0.13732E+02
   135    0.28274E+01    0.13606E+02
   136    0.28484E+01    0.13419E+02
   137    0.28693E+01    0.13378E+02
   138    0.28903E+01    0.13274E+02
   139    0.29112E+01    0.13213E+02
   140    0.29322E+01    0.13096E+02
   141    0.29531E+01    0.13102E+02
   142    0.29740E+01    0.12982E+02
   143    0.29950E+01    0.12902E+02
   144    0.30159E+01    0.12871E+02
   145    0.30369E+01    0.12787E+02
   146    0.30578E+01    0.12778E+02
   147    0.30788E+01    0.12797E+02
   148    0.30997E+01    0.12726E+02
   149    0.31206E+01    0.12665E+02
