k[unitless]    k[h/Mpc]    D^2(k)
     1    0.20944E-01    0.42416E+00
     2    0.41888E-01    0.29992E+01
     3    0.62832E-01    0.79382E+01
     4    0.83776E-01    0.14013E+02
     5    0.10472E+00    0.16992E+02
     6    0.12566E+00    0.24094E+02
     7    0.14661E+00    0.31043E+02
     8    0.16755E+00    0.33884E+02
     9    0.18850E+00    0.38073E+02
    10    0.20944E+00    0.41006E+02
    11    0.23038E+00    0.41285E+02
    12    0.25133E+00    0.42251E+02
    13    0.27227E+00    0.46399E+02
    14    0.29322E+00    0.45594E+02
    15    0.31416E+00    0.48058E+02
    16    0.33510E+00    0.49418E+02
    17    0.35605E+00    0.48917E+02
    18    0.37699E+00    0.50366E+02
    19    0.39794E+00    0.51076E+02
    20    0.41888E+00    0.52901E+02
    21    0.43982E+00    0.52693E+02
    22    0.46077E+00    0.50753E+02
    23    0.48171E+00    0.51260E+02
    24    0.50265E+00    0.53893E+02
    25    0.52360E+00    0.54358E+02
    26    0.54454E+00    0.52706E+02
    27    0.56549E+00    0.54696E+02
    28    0.58643E+00    0.54454E+02
    29    0.60737E+00    0.52974E+02
    30    0.62832E+00    0.53462E+02
    31    0.64926E+00    0.54566E+02
    32    0.67021E+00    0.55919E+02
    33    0.69115E+00    0.54516E+02
    34    0.71209E+00    0.55403E+02
    35    0.73304E+00    0.54851E+02
    36    0.75398E+00    0.55075E+02
    37    0.77493E+00    0.53786E+02
    38    0.79587E+00    0.54240E+02
    39    0.81681E+00    0.54705E+02
    40    0.83776E+00    0.54885E+02
    41    0.85870E+00    0.54704E+02
    42    0.87965E+00    0.53294E+02
    43    0.90059E+00    0.53658E+02
    44    0.92153E+00    0.54404E+02
    45    0.94248E+00    0.54140E+02
    46    0.96342E+00    0.54074E+02
    47    0.98437E+00    0.54055E+02
    48    0.10053E+01    0.53494E+02
    49    0.10263E+01    0.53529E+02
    50    0.10472E+01    0.52362E+02
    51    0.10681E+01    0.52078E+02
    52    0.10891E+01    0.53122E+02
    53    0.11100E+01    0.52057E+02
    54    0.11310E+01    0.51806E+02
    55    0.11519E+01    0.52071E+02
    56    0.11729E+01    0.52066E+02
    57    0.11938E+01    0.51323E+02
    58    0.12147E+01    0.51427E+02
    59    0.12357E+01    0.50720E+02
    60    0.12566E+01    0.51292E+02
    61    0.12776E+01    0.49605E+02
    62    0.12985E+01    0.50376E+02
    63    0.13195E+01    0.49995E+02
    64    0.13404E+01    0.49790E+02
    65    0.13614E+01    0.48840E+02
    66    0.13823E+01    0.48732E+02
    67    0.14032E+01    0.48764E+02
    68    0.14242E+01    0.47842E+02
    69    0.14451E+01    0.47353E+02
    70    0.14661E+01    0.46886E+02
    71    0.14870E+01    0.46363E+02
    72    0.15080E+01    0.46399E+02
    73    0.15289E+01    0.45733E+02
    74    0.15499E+01    0.45739E+02
    75    0.15708E+01    0.45325E+02
    76    0.15917E+01    0.44709E+02
    77    0.16127E+01    0.44017E+02
    78    0.16336E+01    0.44056E+02
    79    0.16546E+01    0.43223E+02
    80    0.16755E+01    0.42734E+02
    81    0.16965E+01    0.42562E+02
    82    0.17174E+01    0.42483E+02
    83    0.17383E+01    0.42103E+02
    84    0.17593E+01    0.41241E+02
    85    0.17802E+01    0.41285E+02
    86    0.18012E+01    0.40766E+02
    87    0.18221E+01    0.40143E+02
    88    0.18431E+01    0.39735E+02
    89    0.18640E+01    0.38996E+02
    90    0.18850E+01    0.39185E+02
    91    0.19059E+01    0.38324E+02
    92    0.19268E+01    0.37851E+02
    93    0.19478E+01    0.37655E+02
    94    0.19687E+01    0.37335E+02
    95    0.19897E+01    0.36721E+02
    96    0.20106E+01    0.36224E+02
    97    0.20316E+01    0.35819E+02
    98    0.20525E+01    0.35320E+02
    99    0.20735E+01    0.35029E+02
   100    0.20944E+01    0.34682E+02
   101    0.21153E+01    0.34061E+02
   102    0.21363E+01    0.33834E+02
   103    0.21572E+01    0.33109E+02
   104    0.21782E+01    0.32891E+02
   105    0.21991E+01    0.32318E+02
   106    0.22201E+01    0.32004E+02
   107    0.22410E+01    0.31654E+02
   108    0.22619E+01    0.31210E+02
   109    0.22829E+01    0.30757E+02
   110    0.23038E+01    0.30215E+02
   111    0.23248E+01    0.29764E+02
   112    0.23457E+01    0.29344E+02
   113    0.23667E+01    0.29133E+02
   114    0.23876E+01    0.28600E+02
   115    0.24086E+01    0.28342E+02
   116    0.24295E+01    0.27895E+02
   117    0.24504E+01    0.27458E+02
   118    0.24714E+01    0.27016E+02
   119    0.24923E+01    0.27053E+02
   120    0.25133E+01    0.26357E+02
   121    0.25342E+01    0.26046E+02
   122    0.25552E+01    0.25682E+02
   123    0.25761E+01    0.25401E+02
   124    0.25970E+01    0.25002E+02
   125    0.26180E+01    0.24693E+02
   126    0.26389E+01    0.24505E+02
   127    0.26599E+01    0.23904E+02
   128    0.26808E+01    0.23628E+02
   129    0.27018E+01    0.23455E+02
   130    0.27227E+01    0.23033E+02
   131    0.27437E+01    0.22783E+02
   132    0.27646E+01    0.22507E+02
   133    0.27855E+01    0.22251E+02
   134    0.28065E+01    0.21966E+02
   135    0.28274E+01    0.21832E+02
   136    0.28484E+01    0.21494E+02
   137    0.28693E+01    0.21249E+02
   138    0.28903E+01    0.21074E+02
   139    0.29112E+01    0.20768E+02
   140    0.29322E+01    0.20669E+02
   141    0.29531E+01    0.20402E+02
   142    0.29740E+01    0.20249E+02
   143    0.29950E+01    0.20126E+02
   144    0.30159E+01    0.19919E+02
   145    0.30369E+01    0.19837E+02
   146    0.30578E+01    0.19734E+02
   147    0.30788E+01    0.19547E+02
   148    0.30997E+01    0.19496E+02
   149    0.31206E+01    0.19402E+02
