k[unitless]    k[h/Mpc]    D^2(k)
     1    0.20944E-01    0.19141E+00
     2    0.41888E-01    0.56883E+00
     3    0.62832E-01    0.91494E+00
     4    0.83776E-01    0.12522E+01
     5    0.10472E+00    0.20099E+01
     6    0.12566E+00    0.19860E+01
     7    0.14661E+00    0.23469E+01
     8    0.16755E+00    0.20853E+01
     9    0.18850E+00    0.23223E+01
    10    0.20944E+00    0.23425E+01
    11    0.23038E+00    0.24364E+01
    12    0.25133E+00    0.22752E+01
    13    0.27227E+00    0.23648E+01
    14    0.29322E+00    0.23714E+01
    15    0.31416E+00    0.22578E+01
    16    0.33510E+00    0.24498E+01
    17    0.35605E+00    0.24231E+01
    18    0.37699E+00    0.24732E+01
    19    0.39794E+00    0.23645E+01
    20    0.41888E+00    0.24349E+01
    21    0.43982E+00    0.24198E+01
    22    0.46077E+00    0.24878E+01
    23    0.48171E+00    0.24513E+01
    24    0.50265E+00    0.24205E+01
    25    0.52360E+00    0.23706E+01
    26    0.54454E+00    0.23769E+01
    27    0.56549E+00    0.23464E+01
    28    0.58643E+00    0.24092E+01
    29    0.60737E+00    0.24209E+01
    30    0.62832E+00    0.23850E+01
    31    0.64926E+00    0.23184E+01
    32    0.67021E+00    0.23952E+01
    33    0.69115E+00    0.24347E+01
    34    0.71209E+00    0.23668E+01
    35    0.73304E+00    0.23860E+01
    36    0.75398E+00    0.24089E+01
    37    0.77493E+00    0.23826E+01
    38    0.79587E+00    0.23833E+01
    39    0.81681E+00    0.23330E+01
    40    0.83776E+00    0.23557E+01
    41    0.85870E+00    0.23421E+01
    42    0.87965E+00    0.24084E+01
    43    0.90059E+00    0.23813E+01
    44    0.92153E+00    0.23149E+01
    45    0.94248E+00    0.23667E+01
    46    0.96342E+00    0.23760E+01
    47    0.98437E+00    0.23496E+01
    48    0.10053E+01    0.23236E+01
    49    0.10263E+01    0.23558E+01
    50    0.10472E+01    0.23243E+01
    51    0.10681E+01    0.23128E+01
    52    0.10891E+01    0.23202E+01
    53    0.11100E+01    0.22772E+01
    54    0.11310E+01    0.22958E+01
    55    0.11519E+01    0.22905E+01
    56    0.11729E+01    0.22551E+01
    57    0.11938E+01    0.22322E+01
    58    0.12147E+01    0.22566E+01
    59    0.12357E+01    0.22307E+01
    60    0.12566E+01    0.22176E+01
    61    0.12776E+01    0.22071E+01
    62    0.12985E+01    0.22062E+01
    63    0.13195E+01    0.22079E+01
    64    0.13404E+01    0.22027E+01
    65    0.13614E+01    0.21776E+01
    66    0.13823E+01    0.21507E+01
    67    0.14032E+01    0.21398E+01
    68    0.14242E+01    0.21530E+01
    69    0.14451E+01    0.21304E+01
    70    0.14661E+01    0.21323E+01
    71    0.14870E+01    0.21271E+01
    72    0.15080E+01    0.21048E+01
    73    0.15289E+01    0.20983E+01
    74    0.15499E+01    0.20591E+01
    75    0.15708E+01    0.20652E+01
    76    0.15917E+01    0.20714E+01
    77    0.16127E+01    0.20551E+01
    78    0.16336E+01    0.20348E+01
    79    0.16546E+01    0.20193E+01
    80    0.16755E+01    0.20069E+01
    81    0.16965E+01    0.19894E+01
    82    0.17174E+01    0.19626E+01
    83    0.17383E+01    0.19440E+01
    84    0.17593E+01    0.19460E+01
    85    0.17802E+01    0.19410E+01
    86    0.18012E+01    0.19118E+01
    87    0.18221E+01    0.18986E+01
    88    0.18431E+01    0.18789E+01
    89    0.18640E+01    0.18596E+01
    90    0.18850E+01    0.18361E+01
    91    0.19059E+01    0.18226E+01
    92    0.19268E+01    0.18014E+01
    93    0.19478E+01    0.17852E+01
    94    0.19687E+01    0.17813E+01
    95    0.19897E+01    0.17517E+01
    96    0.20106E+01    0.17461E+01
    97    0.20316E+01    0.17398E+01
    98    0.20525E+01    0.17280E+01
    99    0.20735E+01    0.17092E+01
   100    0.20944E+01    0.17049E+01
   101    0.21153E+01    0.16726E+01
   102    0.21363E+01    0.16643E+01
   103    0.21572E+01    0.16529E+01
   104    0.21782E+01    0.16177E+01
   105    0.21991E+01    0.16033E+01
   106    0.22201E+01    0.16006E+01
   107    0.22410E+01    0.15751E+01
   108    0.22619E+01    0.15566E+01
   109    0.22829E+01    0.15506E+01
   110    0.23038E+01    0.15309E+01
   111    0.23248E+01    0.15143E+01
   112    0.23457E+01    0.14987E+01
   113    0.23667E+01    0.14942E+01
   114    0.23876E+01    0.14783E+01
   115    0.24086E+01    0.14704E+01
   116    0.24295E+01    0.14538E+01
   117    0.24504E+01    0.14401E+01
   118    0.24714E+01    0.14291E+01
   119    0.24923E+01    0.14046E+01
   120    0.25133E+01    0.14082E+01
   121    0.25342E+01    0.13933E+01
   122    0.25552E+01    0.13785E+01
   123    0.25761E+01    0.13673E+01
   124    0.25970E+01    0.13594E+01
   125    0.26180E+01    0.13508E+01
   126    0.26389E+01    0.13328E+01
   127    0.26599E+01    0.13280E+01
   128    0.26808E+01    0.13121E+01
   129    0.27018E+01    0.13009E+01
   130    0.27227E+01    0.12915E+01
   131    0.27437E+01    0.12880E+01
   132    0.27646E+01    0.12762E+01
   133    0.27855E+01    0.12666E+01
   134    0.28065E+01    0.12657E+01
   135    0.28274E+01    0.12661E+01
   136    0.28484E+01    0.12499E+01
   137    0.28693E+01    0.12471E+01
   138    0.28903E+01    0.12365E+01
   139    0.29112E+01    0.12316E+01
   140    0.29322E+01    0.12296E+01
   141    0.29531E+01    0.12289E+01
   142    0.29740E+01    0.12306E+01
   143    0.29950E+01    0.12202E+01
   144    0.30159E+01    0.12142E+01
   145    0.30369E+01    0.12221E+01
   146    0.30578E+01    0.12121E+01
   147    0.30788E+01    0.12183E+01
   148    0.30997E+01    0.12248E+01
   149    0.31206E+01    0.12236E+01
