k[unitless]    k[h/Mpc]    D^2(k)
     1    0.20944E-01    0.12126E+01
     2    0.41888E-01    0.57345E+01
     3    0.62832E-01    0.12200E+02
     4    0.83776E-01    0.14875E+02
     5    0.10472E+00    0.16210E+02
     6    0.12566E+00    0.18612E+02
     7    0.14661E+00    0.19938E+02
     8    0.16755E+00    0.19408E+02
     9    0.18850E+00    0.20009E+02
    10    0.20944E+00    0.21502E+02
    11    0.23038E+00    0.21634E+02
    12    0.25133E+00    0.21317E+02
    13    0.27227E+00    0.21798E+02
    14    0.29322E+00    0.21068E+02
    15    0.31416E+00    0.19295E+02
    16    0.33510E+00    0.20849E+02
    17    0.35605E+00    0.21187E+02
    18    0.37699E+00    0.21063E+02
    19    0.39794E+00    0.21379E+02
    20    0.41888E+00    0.21783E+02
    21    0.43982E+00    0.22294E+02
    22    0.46077E+00    0.21791E+02
    23    0.48171E+00    0.21725E+02
    24    0.50265E+00    0.21769E+02
    25    0.52360E+00    0.21649E+02
    26    0.54454E+00    0.21805E+02
    27    0.56549E+00    0.21563E+02
    28    0.58643E+00    0.21665E+02
    29    0.60737E+00    0.21458E+02
    30    0.62832E+00    0.21410E+02
    31    0.64926E+00    0.21517E+02
    32    0.67021E+00    0.21547E+02
    33    0.69115E+00    0.22390E+02
    34    0.71209E+00    0.21645E+02
    35    0.73304E+00    0.21610E+02
    36    0.75398E+00    0.21637E+02
    37    0.77493E+00    0.21382E+02
    38    0.79587E+00    0.21501E+02
    39    0.81681E+00    0.21561E+02
    40    0.83776E+00    0.21820E+02
    41    0.85870E+00    0.21597E+02
    42    0.87965E+00    0.21497E+02
    43    0.90059E+00    0.21618E+02
    44    0.92153E+00    0.21554E+02
    45    0.94248E+00    0.21164E+02
    46    0.96342E+00    0.21060E+02
    47    0.98437E+00    0.21394E+02
    48    0.10053E+01    0.21332E+02
    49    0.10263E+01    0.21141E+02
    50    0.10472E+01    0.21351E+02
    51    0.10681E+01    0.21108E+02
    52    0.10891E+01    0.21257E+02
    53    0.11100E+01    0.20682E+02
    54    0.11310E+01    0.20851E+02
    55    0.11519E+01    0.20890E+02
    56    0.11729E+01    0.20499E+02
    57    0.11938E+01    0.20577E+02
    58    0.12147E+01    0.20576E+02
    59    0.12357E+01    0.20384E+02
    60    0.12566E+01    0.20278E+02
    61    0.12776E+01    0.20299E+02
    62    0.12985E+01    0.20117E+02
    63    0.13195E+01    0.19912E+02
    64    0.13404E+01    0.19857E+02
    65    0.13614E+01    0.19813E+02
    66    0.13823E+01    0.19677E+02
    67    0.14032E+01    0.19560E+02
    68    0.14242E+01    0.19308E+02
    69    0.14451E+01    0.19125E+02
    70    0.14661E+01    0.19163E+02
    71    0.14870E+01    0.18808E+02
    72    0.15080E+01    0.18862E+02
    73    0.15289E+01    0.18810E+02
    74    0.15499E+01    0.18592E+02
    75    0.15708E+01    0.18419E+02
    76    0.15917E+01    0.18372E+02
    77    0.16127E+01    0.18234E+02
    78    0.16336E+01    0.17875E+02
    79    0.16546E+01    0.17887E+02
    80    0.16755E+01    0.17728E+02
    81    0.16965E+01    0.17466E+02
    82    0.17174E+01    0.17434E+02
    83    0.17383E+01    0.17375E+02
    84    0.17593E+01    0.17148E+02
    85    0.17802E+01    0.17031E+02
    86    0.18012E+01    0.16824E+02
    87    0.18221E+01    0.16890E+02
    88    0.18431E+01    0.16518E+02
    89    0.18640E+01    0.16456E+02
    90    0.18850E+01    0.16191E+02
    91    0.19059E+01    0.15947E+02
    92    0.19268E+01    0.15897E+02
    93    0.19478E+01    0.15807E+02
    94    0.19687E+01    0.15740E+02
    95    0.19897E+01    0.15513E+02
    96    0.20106E+01    0.15322E+02
    97    0.20316E+01    0.15205E+02
    98    0.20525E+01    0.15063E+02
    99    0.20735E+01    0.14820E+02
   100    0.20944E+01    0.14651E+02
   101    0.21153E+01    0.14464E+02
   102    0.21363E+01    0.14274E+02
   103    0.21572E+01    0.14265E+02
   104    0.21782E+01    0.14067E+02
   105    0.21991E+01    0.13840E+02
   106    0.22201E+01    0.13718E+02
   107    0.22410E+01    0.13539E+02
   108    0.22619E+01    0.13424E+02
   109    0.22829E+01    0.13299E+02
   110    0.23038E+01    0.13065E+02
   111    0.23248E+01    0.13048E+02
   112    0.23457E+01    0.12840E+02
   113    0.23667E+01    0.12686E+02
   114    0.23876E+01    0.12542E+02
   115    0.24086E+01    0.12410E+02
   116    0.24295E+01    0.12316E+02
   117    0.24504E+01    0.12156E+02
   118    0.24714E+01    0.11992E+02
   119    0.24923E+01    0.11861E+02
   120    0.25133E+01    0.11723E+02
   121    0.25342E+01    0.11588E+02
   122    0.25552E+01    0.11442E+02
   123    0.25761E+01    0.11348E+02
   124    0.25970E+01    0.11157E+02
   125    0.26180E+01    0.11143E+02
   126    0.26389E+01    0.11012E+02
   127    0.26599E+01    0.10948E+02
   128    0.26808E+01    0.10845E+02
   129    0.27018E+01    0.10709E+02
   130    0.27227E+01    0.10616E+02
   131    0.27437E+01    0.10543E+02
   132    0.27646E+01    0.10375E+02
   133    0.27855E+01    0.10237E+02
   134    0.28065E+01    0.10227E+02
   135    0.28274E+01    0.10133E+02
   136    0.28484E+01    0.10031E+02
   137    0.28693E+01    0.10043E+02
   138    0.28903E+01    0.99387E+01
   139    0.29112E+01    0.98668E+01
   140    0.29322E+01    0.98412E+01
   141    0.29531E+01    0.97212E+01
   142    0.29740E+01    0.97153E+01
   143    0.29950E+01    0.96509E+01
   144    0.30159E+01    0.96015E+01
   145    0.30369E+01    0.96045E+01
   146    0.30578E+01    0.96154E+01
   147    0.30788E+01    0.95460E+01
   148    0.30997E+01    0.95518E+01
   149    0.31206E+01    0.95025E+01
