k[unitless]    k[h/Mpc]    D^2(k)
     1    0.20944E-01    0.11853E+01
     2    0.41888E-01    0.54890E+01
     3    0.62832E-01    0.11540E+02
     4    0.83776E-01    0.13820E+02
     5    0.10472E+00    0.15288E+02
     6    0.12566E+00    0.17521E+02
     7    0.14661E+00    0.18563E+02
     8    0.16755E+00    0.18177E+02
     9    0.18850E+00    0.18652E+02
    10    0.20944E+00    0.19926E+02
    11    0.23038E+00    0.20360E+02
    12    0.25133E+00    0.19897E+02
    13    0.27227E+00    0.20194E+02
    14    0.29322E+00    0.19597E+02
    15    0.31416E+00    0.17945E+02
    16    0.33510E+00    0.19352E+02
    17    0.35605E+00    0.19642E+02
    18    0.37699E+00    0.19467E+02
    19    0.39794E+00    0.19905E+02
    20    0.41888E+00    0.20241E+02
    21    0.43982E+00    0.20690E+02
    22    0.46077E+00    0.20159E+02
    23    0.48171E+00    0.20106E+02
    24    0.50265E+00    0.20150E+02
    25    0.52360E+00    0.20108E+02
    26    0.54454E+00    0.20209E+02
    27    0.56549E+00    0.20009E+02
    28    0.58643E+00    0.20082E+02
    29    0.60737E+00    0.19965E+02
    30    0.62832E+00    0.19882E+02
    31    0.64926E+00    0.19948E+02
    32    0.67021E+00    0.19952E+02
    33    0.69115E+00    0.20788E+02
    34    0.71209E+00    0.20130E+02
    35    0.73304E+00    0.20075E+02
    36    0.75398E+00    0.20054E+02
    37    0.77493E+00    0.19833E+02
    38    0.79587E+00    0.19964E+02
    39    0.81681E+00    0.19988E+02
    40    0.83776E+00    0.20285E+02
    41    0.85870E+00    0.19988E+02
    42    0.87965E+00    0.19946E+02
    43    0.90059E+00    0.20057E+02
    44    0.92153E+00    0.19894E+02
    45    0.94248E+00    0.19612E+02
    46    0.96342E+00    0.19616E+02
    47    0.98437E+00    0.19883E+02
    48    0.10053E+01    0.19816E+02
    49    0.10263E+01    0.19580E+02
    50    0.10472E+01    0.19781E+02
    51    0.10681E+01    0.19605E+02
    52    0.10891E+01    0.19718E+02
    53    0.11100E+01    0.19203E+02
    54    0.11310E+01    0.19351E+02
    55    0.11519E+01    0.19373E+02
    56    0.11729E+01    0.19017E+02
    57    0.11938E+01    0.19125E+02
    58    0.12147E+01    0.19083E+02
    59    0.12357E+01    0.18867E+02
    60    0.12566E+01    0.18810E+02
    61    0.12776E+01    0.18798E+02
    62    0.12985E+01    0.18648E+02
    63    0.13195E+01    0.18476E+02
    64    0.13404E+01    0.18415E+02
    65    0.13614E+01    0.18368E+02
    66    0.13823E+01    0.18261E+02
    67    0.14032E+01    0.18144E+02
    68    0.14242E+01    0.17919E+02
    69    0.14451E+01    0.17751E+02
    70    0.14661E+01    0.17806E+02
    71    0.14870E+01    0.17463E+02
    72    0.15080E+01    0.17478E+02
    73    0.15289E+01    0.17427E+02
    74    0.15499E+01    0.17252E+02
    75    0.15708E+01    0.17107E+02
    76    0.15917E+01    0.17083E+02
    77    0.16127E+01    0.16930E+02
    78    0.16336E+01    0.16607E+02
    79    0.16546E+01    0.16576E+02
    80    0.16755E+01    0.16425E+02
    81    0.16965E+01    0.16214E+02
    82    0.17174E+01    0.16200E+02
    83    0.17383E+01    0.16108E+02
    84    0.17593E+01    0.15911E+02
    85    0.17802E+01    0.15800E+02
    86    0.18012E+01    0.15665E+02
    87    0.18221E+01    0.15656E+02
    88    0.18431E+01    0.15349E+02
    89    0.18640E+01    0.15280E+02
    90    0.18850E+01    0.14998E+02
    91    0.19059E+01    0.14821E+02
    92    0.19268E+01    0.14698E+02
    93    0.19478E+01    0.14636E+02
    94    0.19687E+01    0.14644E+02
    95    0.19897E+01    0.14418E+02
    96    0.20106E+01    0.14259E+02
    97    0.20316E+01    0.14140E+02
    98    0.20525E+01    0.13952E+02
    99    0.20735E+01    0.13792E+02
   100    0.20944E+01    0.13602E+02
   101    0.21153E+01    0.13445E+02
   102    0.21363E+01    0.13311E+02
   103    0.21572E+01    0.13229E+02
   104    0.21782E+01    0.13069E+02
   105    0.21991E+01    0.12865E+02
   106    0.22201E+01    0.12743E+02
   107    0.22410E+01    0.12574E+02
   108    0.22619E+01    0.12452E+02
   109    0.22829E+01    0.12381E+02
   110    0.23038E+01    0.12158E+02
   111    0.23248E+01    0.12122E+02
   112    0.23457E+01    0.11948E+02
   113    0.23667E+01    0.11817E+02
   114    0.23876E+01    0.11680E+02
   115    0.24086E+01    0.11553E+02
   116    0.24295E+01    0.11457E+02
   117    0.24504E+01    0.11349E+02
   118    0.24714E+01    0.11172E+02
   119    0.24923E+01    0.11049E+02
   120    0.25133E+01    0.10910E+02
   121    0.25342E+01    0.10811E+02
   122    0.25552E+01    0.10633E+02
   123    0.25761E+01    0.10587E+02
   124    0.25970E+01    0.10428E+02
   125    0.26180E+01    0.10379E+02
   126    0.26389E+01    0.10244E+02
   127    0.26599E+01    0.10196E+02
   128    0.26808E+01    0.10111E+02
   129    0.27018E+01    0.10007E+02
   130    0.27227E+01    0.99066E+01
   131    0.27437E+01    0.98249E+01
   132    0.27646E+01    0.96988E+01
   133    0.27855E+01    0.95694E+01
   134    0.28065E+01    0.95504E+01
   135    0.28274E+01    0.94413E+01
   136    0.28484E+01    0.93601E+01
   137    0.28693E+01    0.93892E+01
   138    0.28903E+01    0.92922E+01
   139    0.29112E+01    0.92176E+01
   140    0.29322E+01    0.91853E+01
   141    0.29531E+01    0.90932E+01
   142    0.29740E+01    0.90835E+01
   143    0.29950E+01    0.89987E+01
   144    0.30159E+01    0.89643E+01
   145    0.30369E+01    0.89588E+01
   146    0.30578E+01    0.89579E+01
   147    0.30788E+01    0.89192E+01
   148    0.30997E+01    0.89205E+01
   149    0.31206E+01    0.88934E+01
