k[unitless]    k[h/Mpc]    D^2(k)
     1    0.20944E-01    0.93002E-06
     2    0.41888E-01    0.62430E-05
     3    0.62832E-01    0.19752E-04
     4    0.83776E-01    0.47842E-04
     5    0.10472E+00    0.87554E-04
     6    0.12566E+00    0.13141E-03
     7    0.14661E+00    0.18789E-03
     8    0.16755E+00    0.26268E-03
     9    0.18850E+00    0.32758E-03
    10    0.20944E+00    0.38036E-03
    11    0.23038E+00    0.44672E-03
    12    0.25133E+00    0.52368E-03
    13    0.27227E+00    0.58106E-03
    14    0.29322E+00    0.62169E-03
    15    0.31416E+00    0.70375E-03
    16    0.33510E+00    0.79416E-03
    17    0.35605E+00    0.85004E-03
    18    0.37699E+00    0.93168E-03
    19    0.39794E+00    0.10480E-02
    20    0.41888E+00    0.11731E-02
    21    0.43982E+00    0.12445E-02
    22    0.46077E+00    0.13655E-02
    23    0.48171E+00    0.15140E-02
    24    0.50265E+00    0.16294E-02
    25    0.52360E+00    0.17220E-02
    26    0.54454E+00    0.18084E-02
    27    0.56549E+00    0.19888E-02
    28    0.58643E+00    0.20899E-02
    29    0.60737E+00    0.21801E-02
    30    0.62832E+00    0.22963E-02
    31    0.64926E+00    0.24551E-02
    32    0.67021E+00    0.26024E-02
    33    0.69115E+00    0.26730E-02
    34    0.71209E+00    0.27776E-02
    35    0.73304E+00    0.29160E-02
    36    0.75398E+00    0.29851E-02
    37    0.77493E+00    0.30258E-02
    38    0.79587E+00    0.30265E-02
    39    0.81681E+00    0.30823E-02
    40    0.83776E+00    0.30631E-02
    41    0.85870E+00    0.30135E-02
    42    0.87965E+00    0.29702E-02
    43    0.90059E+00    0.29268E-02
    44    0.92153E+00    0.28531E-02
    45    0.94248E+00    0.27741E-02
    46    0.96342E+00    0.27379E-02
    47    0.98437E+00    0.26899E-02
    48    0.10053E+01    0.26390E-02
    49    0.10263E+01    0.25965E-02
    50    0.10472E+01    0.26027E-02
    51    0.10681E+01    0.25879E-02
    52    0.10891E+01    0.25600E-02
    53    0.11100E+01    0.25613E-02
    54    0.11310E+01    0.26085E-02
    55    0.11519E+01    0.26306E-02
    56    0.11729E+01    0.26138E-02
    57    0.11938E+01    0.26350E-02
    58    0.12147E+01    0.26784E-02
    59    0.12357E+01    0.27133E-02
    60    0.12566E+01    0.26763E-02
    61    0.12776E+01    0.26564E-02
    62    0.12985E+01    0.26967E-02
    63    0.13195E+01    0.26611E-02
    64    0.13404E+01    0.25723E-02
    65    0.13614E+01    0.25132E-02
    66    0.13823E+01    0.25034E-02
    67    0.14032E+01    0.24351E-02
    68    0.14242E+01    0.23176E-02
    69    0.14451E+01    0.22681E-02
    70    0.14661E+01    0.22488E-02
    71    0.14870E+01    0.21828E-02
    72    0.15080E+01    0.21165E-02
    73    0.15289E+01    0.21039E-02
    74    0.15499E+01    0.21042E-02
    75    0.15708E+01    0.20719E-02
    76    0.15917E+01    0.20635E-02
    77    0.16127E+01    0.20864E-02
    78    0.16336E+01    0.20805E-02
    79    0.16546E+01    0.20707E-02
    80    0.16755E+01    0.20976E-02
    81    0.16965E+01    0.21121E-02
    82    0.17174E+01    0.20867E-02
    83    0.17383E+01    0.20731E-02
    84    0.17593E+01    0.20793E-02
    85    0.17802E+01    0.20855E-02
    86    0.18012E+01    0.20348E-02
    87    0.18221E+01    0.20004E-02
    88    0.18431E+01    0.19964E-02
    89    0.18640E+01    0.19710E-02
    90    0.18850E+01    0.19215E-02
    91    0.19059E+01    0.18718E-02
    92    0.19268E+01    0.18581E-02
    93    0.19478E+01    0.18324E-02
    94    0.19687E+01    0.17963E-02
    95    0.19897E+01    0.17679E-02
    96    0.20106E+01    0.17497E-02
    97    0.20316E+01    0.17405E-02
    98    0.20525E+01    0.17306E-02
    99    0.20735E+01    0.17202E-02
   100    0.20944E+01    0.17042E-02
   101    0.21153E+01    0.17030E-02
   102    0.21363E+01    0.17015E-02
   103    0.21572E+01    0.16911E-02
   104    0.21782E+01    0.16718E-02
   105    0.21991E+01    0.16485E-02
   106    0.22201E+01    0.16457E-02
   107    0.22410E+01    0.16207E-02
   108    0.22619E+01    0.15834E-02
   109    0.22829E+01    0.15542E-02
   110    0.23038E+01    0.15429E-02
   111    0.23248E+01    0.15158E-02
   112    0.23457E+01    0.14850E-02
   113    0.23667E+01    0.14727E-02
   114    0.23876E+01    0.14641E-02
   115    0.24086E+01    0.14554E-02
   116    0.24295E+01    0.14418E-02
   117    0.24504E+01    0.14468E-02
   118    0.24714E+01    0.14490E-02
   119    0.24923E+01    0.14366E-02
   120    0.25133E+01    0.14383E-02
   121    0.25342E+01    0.14416E-02
   122    0.25552E+01    0.14306E-02
   123    0.25761E+01    0.14116E-02
   124    0.25970E+01    0.14055E-02
   125    0.26180E+01    0.14042E-02
   126    0.26389E+01    0.13819E-02
   127    0.26599E+01    0.13596E-02
   128    0.26808E+01    0.13609E-02
   129    0.27018E+01    0.13553E-02
   130    0.27227E+01    0.13400E-02
   131    0.27437E+01    0.13329E-02
   132    0.27646E+01    0.13389E-02
   133    0.27855E+01    0.13416E-02
   134    0.28065E+01    0.13349E-02
   135    0.28274E+01    0.13332E-02
   136    0.28484E+01    0.13366E-02
   137    0.28693E+01    0.13285E-02
   138    0.28903E+01    0.13228E-02
   139    0.29112E+01    0.13165E-02
   140    0.29322E+01    0.13073E-02
   141    0.29531E+01    0.12911E-02
   142    0.29740E+01    0.12810E-02
   143    0.29950E+01    0.12737E-02
   144    0.30159E+01    0.12549E-02
   145    0.30369E+01    0.12403E-02
   146    0.30578E+01    0.12353E-02
   147    0.30788E+01    0.12278E-02
   148    0.30997E+01    0.12183E-02
   149    0.31206E+01    0.12069E-02
