k[unitless]    k[h/Mpc]    D^2(k)
     1    0.20944E-01    0.44497E-01
     2    0.41888E-01    0.11863E+00
     3    0.62832E-01    0.18620E+00
     4    0.83776E-01    0.33182E+00
     5    0.10472E+00    0.53483E+00
     6    0.12566E+00    0.55432E+00
     7    0.14661E+00    0.63247E+00
     8    0.16755E+00    0.60303E+00
     9    0.18850E+00    0.66451E+00
    10    0.20944E+00    0.68304E+00
    11    0.23038E+00    0.72773E+00
    12    0.25133E+00    0.78755E+00
    13    0.27227E+00    0.78461E+00
    14    0.29322E+00    0.74827E+00
    15    0.31416E+00    0.70499E+00
    16    0.33510E+00    0.74378E+00
    17    0.35605E+00    0.79808E+00
    18    0.37699E+00    0.80930E+00
    19    0.39794E+00    0.80020E+00
    20    0.41888E+00    0.77466E+00
    21    0.43982E+00    0.76260E+00
    22    0.46077E+00    0.74623E+00
    23    0.48171E+00    0.74390E+00
    24    0.50265E+00    0.75934E+00
    25    0.52360E+00    0.75159E+00
    26    0.54454E+00    0.74800E+00
    27    0.56549E+00    0.72994E+00
    28    0.58643E+00    0.75414E+00
    29    0.60737E+00    0.77054E+00
    30    0.62832E+00    0.75111E+00
    31    0.64926E+00    0.74264E+00
    32    0.67021E+00    0.76741E+00
    33    0.69115E+00    0.77839E+00
    34    0.71209E+00    0.76826E+00
    35    0.73304E+00    0.75556E+00
    36    0.75398E+00    0.77440E+00
    37    0.77493E+00    0.78142E+00
    38    0.79587E+00    0.76560E+00
    39    0.81681E+00    0.76302E+00
    40    0.83776E+00    0.77112E+00
    41    0.85870E+00    0.76585E+00
    42    0.87965E+00    0.76412E+00
    43    0.90059E+00    0.77931E+00
    44    0.92153E+00    0.77227E+00
    45    0.94248E+00    0.77287E+00
    46    0.96342E+00    0.76852E+00
    47    0.98437E+00    0.74357E+00
    48    0.10053E+01    0.73724E+00
    49    0.10263E+01    0.73591E+00
    50    0.10472E+01    0.72295E+00
    51    0.10681E+01    0.72365E+00
    52    0.10891E+01    0.70737E+00
    53    0.11100E+01    0.71223E+00
    54    0.11310E+01    0.71245E+00
    55    0.11519E+01    0.72217E+00
    56    0.11729E+01    0.72245E+00
    57    0.11938E+01    0.71160E+00
    58    0.12147E+01    0.72283E+00
    59    0.12357E+01    0.70666E+00
    60    0.12566E+01    0.69934E+00
    61    0.12776E+01    0.70020E+00
    62    0.12985E+01    0.68906E+00
    63    0.13195E+01    0.68696E+00
    64    0.13404E+01    0.68483E+00
    65    0.13614E+01    0.67396E+00
    66    0.13823E+01    0.67649E+00
    67    0.14032E+01    0.68348E+00
    68    0.14242E+01    0.67733E+00
    69    0.14451E+01    0.67873E+00
    70    0.14661E+01    0.66934E+00
    71    0.14870E+01    0.66868E+00
    72    0.15080E+01    0.66089E+00
    73    0.15289E+01    0.66961E+00
    74    0.15499E+01    0.65719E+00
    75    0.15708E+01    0.63749E+00
    76    0.15917E+01    0.63220E+00
    77    0.16127E+01    0.62681E+00
    78    0.16336E+01    0.62899E+00
    79    0.16546E+01    0.62631E+00
    80    0.16755E+01    0.62786E+00
    81    0.16965E+01    0.62296E+00
    82    0.17174E+01    0.61695E+00
    83    0.17383E+01    0.61306E+00
    84    0.17593E+01    0.60522E+00
    85    0.17802E+01    0.59746E+00
    86    0.18012E+01    0.59188E+00
    87    0.18221E+01    0.59181E+00
    88    0.18431E+01    0.58711E+00
    89    0.18640E+01    0.58193E+00
    90    0.18850E+01    0.57681E+00
    91    0.19059E+01    0.57857E+00
    92    0.19268E+01    0.56409E+00
    93    0.19478E+01    0.55953E+00
    94    0.19687E+01    0.55961E+00
    95    0.19897E+01    0.55569E+00
    96    0.20106E+01    0.54803E+00
    97    0.20316E+01    0.54613E+00
    98    0.20525E+01    0.54798E+00
    99    0.20735E+01    0.54540E+00
   100    0.20944E+01    0.53926E+00
   101    0.21153E+01    0.53906E+00
   102    0.21363E+01    0.53197E+00
   103    0.21572E+01    0.53148E+00
   104    0.21782E+01    0.52363E+00
   105    0.21991E+01    0.51278E+00
   106    0.22201E+01    0.51090E+00
   107    0.22410E+01    0.50893E+00
   108    0.22619E+01    0.50150E+00
   109    0.22829E+01    0.49171E+00
   110    0.23038E+01    0.48355E+00
   111    0.23248E+01    0.48332E+00
   112    0.23457E+01    0.47414E+00
   113    0.23667E+01    0.47118E+00
   114    0.23876E+01    0.47229E+00
   115    0.24086E+01    0.46836E+00
   116    0.24295E+01    0.46537E+00
   117    0.24504E+01    0.45949E+00
   118    0.24714E+01    0.45550E+00
   119    0.24923E+01    0.45349E+00
   120    0.25133E+01    0.44927E+00
   121    0.25342E+01    0.44503E+00
   122    0.25552E+01    0.44106E+00
   123    0.25761E+01    0.43917E+00
   124    0.25970E+01    0.43636E+00
   125    0.26180E+01    0.43321E+00
   126    0.26389E+01    0.43138E+00
   127    0.26599E+01    0.42985E+00
   128    0.26808E+01    0.42913E+00
   129    0.27018E+01    0.42672E+00
   130    0.27227E+01    0.42418E+00
   131    0.27437E+01    0.42057E+00
   132    0.27646E+01    0.41868E+00
   133    0.27855E+01    0.41356E+00
   134    0.28065E+01    0.41064E+00
   135    0.28274E+01    0.41165E+00
   136    0.28484E+01    0.40770E+00
   137    0.28693E+01    0.40497E+00
   138    0.28903E+01    0.40233E+00
   139    0.29112E+01    0.40197E+00
   140    0.29322E+01    0.40297E+00
   141    0.29531E+01    0.40117E+00
   142    0.29740E+01    0.40267E+00
   143    0.29950E+01    0.40005E+00
   144    0.30159E+01    0.39886E+00
   145    0.30369E+01    0.40069E+00
   146    0.30578E+01    0.39996E+00
   147    0.30788E+01    0.40124E+00
   148    0.30997E+01    0.40088E+00
   149    0.31206E+01    0.40162E+00
