k[unitless]    k[h/Mpc]    D^2(k)
     1    0.20944E-01    0.11497E+01
     2    0.41888E-01    0.52076E+01
     3    0.62832E-01    0.10823E+02
     4    0.83776E-01    0.12738E+02
     5    0.10472E+00    0.14343E+02
     6    0.12566E+00    0.16411E+02
     7    0.14661E+00    0.17201E+02
     8    0.16755E+00    0.16938E+02
     9    0.18850E+00    0.17313E+02
    10    0.20944E+00    0.18374E+02
    11    0.23038E+00    0.19088E+02
    12    0.25133E+00    0.18476E+02
    13    0.27227E+00    0.18622E+02
    14    0.29322E+00    0.18147E+02
    15    0.31416E+00    0.16660E+02
    16    0.33510E+00    0.17887E+02
    17    0.35605E+00    0.18152E+02
    18    0.37699E+00    0.17929E+02
    19    0.39794E+00    0.18443E+02
    20    0.41888E+00    0.18721E+02
    21    0.43982E+00    0.19129E+02
    22    0.46077E+00    0.18585E+02
    23    0.48171E+00    0.18555E+02
    24    0.50265E+00    0.18565E+02
    25    0.52360E+00    0.18592E+02
    26    0.54454E+00    0.18639E+02
    27    0.56549E+00    0.18489E+02
    28    0.58643E+00    0.18538E+02
    29    0.60737E+00    0.18497E+02
    30    0.62832E+00    0.18390E+02
    31    0.64926E+00    0.18422E+02
    32    0.67021E+00    0.18404E+02
    33    0.69115E+00    0.19207E+02
    34    0.71209E+00    0.18652E+02
    35    0.73304E+00    0.18555E+02
    36    0.75398E+00    0.18484E+02
    37    0.77493E+00    0.18304E+02
    38    0.79587E+00    0.18469E+02
    39    0.81681E+00    0.18431E+02
    40    0.83776E+00    0.18769E+02
    41    0.85870E+00    0.18443E+02
    42    0.87965E+00    0.18435E+02
    43    0.90059E+00    0.18547E+02
    44    0.92153E+00    0.18281E+02
    45    0.94248E+00    0.18124E+02
    46    0.96342E+00    0.18180E+02
    47    0.98437E+00    0.18406E+02
    48    0.10053E+01    0.18333E+02
    49    0.10263E+01    0.18064E+02
    50    0.10472E+01    0.18252E+02
    51    0.10681E+01    0.18114E+02
    52    0.10891E+01    0.18219E+02
    53    0.11100E+01    0.17772E+02
    54    0.11310E+01    0.17891E+02
    55    0.11519E+01    0.17857E+02
    56    0.11729E+01    0.17573E+02
    57    0.11938E+01    0.17706E+02
    58    0.12147E+01    0.17638E+02
    59    0.12357E+01    0.17406E+02
    60    0.12566E+01    0.17405E+02
    61    0.12776E+01    0.17333E+02
    62    0.12985E+01    0.17224E+02
    63    0.13195E+01    0.17060E+02
    64    0.13404E+01    0.17006E+02
    65    0.13614E+01    0.16976E+02
    66    0.13823E+01    0.16849E+02
    67    0.14032E+01    0.16772E+02
    68    0.14242E+01    0.16577E+02
    69    0.14451E+01    0.16437E+02
    70    0.14661E+01    0.16469E+02
    71    0.14870E+01    0.16160E+02
    72    0.15080E+01    0.16113E+02
    73    0.15289E+01    0.16072E+02
    74    0.15499E+01    0.15948E+02
    75    0.15708E+01    0.15805E+02
    76    0.15917E+01    0.15816E+02
    77    0.16127E+01    0.15626E+02
    78    0.16336E+01    0.15348E+02
    79    0.16546E+01    0.15309E+02
    80    0.16755E+01    0.15156E+02
    81    0.16965E+01    0.14997E+02
    82    0.17174E+01    0.14969E+02
    83    0.17383E+01    0.14882E+02
    84    0.17593E+01    0.14718E+02
    85    0.17802E+01    0.14623E+02
    86    0.18012E+01    0.14514E+02
    87    0.18221E+01    0.14439E+02
    88    0.18431E+01    0.14198E+02
    89    0.18640E+01    0.14133E+02
    90    0.18850E+01    0.13874E+02
    91    0.19059E+01    0.13756E+02
    92    0.19268E+01    0.13585E+02
    93    0.19478E+01    0.13477E+02
    94    0.19687E+01    0.13548E+02
    95    0.19897E+01    0.13319E+02
    96    0.20106E+01    0.13195E+02
    97    0.20316E+01    0.13076E+02
    98    0.20525E+01    0.12895E+02
    99    0.20735E+01    0.12768E+02
   100    0.20944E+01    0.12566E+02
   101    0.21153E+01    0.12434E+02
   102    0.21363E+01    0.12385E+02
   103    0.21572E+01    0.12230E+02
   104    0.21782E+01    0.12074E+02
   105    0.21991E+01    0.11911E+02
   106    0.22201E+01    0.11775E+02
   107    0.22410E+01    0.11632E+02
   108    0.22619E+01    0.11525E+02
   109    0.22829E+01    0.11484E+02
   110    0.23038E+01    0.11282E+02
   111    0.23248E+01    0.11208E+02
   112    0.23457E+01    0.11075E+02
   113    0.23667E+01    0.10934E+02
   114    0.23876E+01    0.10825E+02
   115    0.24086E+01    0.10705E+02
   116    0.24295E+01    0.10603E+02
   117    0.24504E+01    0.10522E+02
   118    0.24714E+01    0.10345E+02
   119    0.24923E+01    0.10247E+02
   120    0.25133E+01    0.10116E+02
   121    0.25342E+01    0.10016E+02
   122    0.25552E+01    0.98745E+01
   123    0.25761E+01    0.98534E+01
   124    0.25970E+01    0.96951E+01
   125    0.26180E+01    0.96254E+01
   126    0.26389E+01    0.95125E+01
   127    0.26599E+01    0.94667E+01
   128    0.26808E+01    0.93825E+01
   129    0.27018E+01    0.92794E+01
   130    0.27227E+01    0.92034E+01
   131    0.27437E+01    0.91235E+01
   132    0.27646E+01    0.90183E+01
   133    0.27855E+01    0.89368E+01
   134    0.28065E+01    0.88689E+01
   135    0.28274E+01    0.87734E+01
   136    0.28484E+01    0.87184E+01
   137    0.28693E+01    0.87293E+01
   138    0.28903E+01    0.86535E+01
   139    0.29112E+01    0.85912E+01
   140    0.29322E+01    0.85241E+01
   141    0.29531E+01    0.84709E+01
   142    0.29740E+01    0.84548E+01
   143    0.29950E+01    0.83682E+01
   144    0.30159E+01    0.83356E+01
   145    0.30369E+01    0.83426E+01
   146    0.30578E+01    0.83269E+01
   147    0.30788E+01    0.83134E+01
   148    0.30997E+01    0.83011E+01
   149    0.31206E+01    0.82739E+01
