k[unitless]    k[h/Mpc]    D^2(k)
     1    0.20944E-01    0.16640E+00
     2    0.41888E-01    0.14533E+01
     3    0.62832E-01    0.40671E+01
     4    0.83776E-01    0.80894E+01
     5    0.10472E+00    0.10714E+02
     6    0.12566E+00    0.17211E+02
     7    0.14661E+00    0.23596E+02
     8    0.16755E+00    0.27331E+02
     9    0.18850E+00    0.32631E+02
    10    0.20944E+00    0.36352E+02
    11    0.23038E+00    0.37906E+02
    12    0.25133E+00    0.40511E+02
    13    0.27227E+00    0.45367E+02
    14    0.29322E+00    0.44772E+02
    15    0.31416E+00    0.48733E+02
    16    0.33510E+00    0.49296E+02
    17    0.35605E+00    0.48990E+02
    18    0.37699E+00    0.51907E+02
    19    0.39794E+00    0.53410E+02
    20    0.41888E+00    0.54197E+02
    21    0.43982E+00    0.54091E+02
    22    0.46077E+00    0.54268E+02
    23    0.48171E+00    0.54370E+02
    24    0.50265E+00    0.55435E+02
    25    0.52360E+00    0.56522E+02
    26    0.54454E+00    0.55194E+02
    27    0.56549E+00    0.57035E+02
    28    0.58643E+00    0.57511E+02
    29    0.60737E+00    0.55185E+02
    30    0.62832E+00    0.56845E+02
    31    0.64926E+00    0.57599E+02
    32    0.67021E+00    0.58947E+02
    33    0.69115E+00    0.57783E+02
    34    0.71209E+00    0.58084E+02
    35    0.73304E+00    0.57364E+02
    36    0.75398E+00    0.57381E+02
    37    0.77493E+00    0.57216E+02
    38    0.79587E+00    0.56815E+02
    39    0.81681E+00    0.57390E+02
    40    0.83776E+00    0.57265E+02
    41    0.85870E+00    0.57491E+02
    42    0.87965E+00    0.56273E+02
    43    0.90059E+00    0.57513E+02
    44    0.92153E+00    0.57232E+02
    45    0.94248E+00    0.56908E+02
    46    0.96342E+00    0.56494E+02
    47    0.98437E+00    0.56904E+02
    48    0.10053E+01    0.55913E+02
    49    0.10263E+01    0.56097E+02
    50    0.10472E+01    0.55110E+02
    51    0.10681E+01    0.54336E+02
    52    0.10891E+01    0.55636E+02
    53    0.11100E+01    0.54763E+02
    54    0.11310E+01    0.54542E+02
    55    0.11519E+01    0.54409E+02
    56    0.11729E+01    0.55202E+02
    57    0.11938E+01    0.53709E+02
    58    0.12147E+01    0.53951E+02
    59    0.12357E+01    0.53539E+02
    60    0.12566E+01    0.52874E+02
    61    0.12776E+01    0.52514E+02
    62    0.12985E+01    0.52206E+02
    63    0.13195E+01    0.51919E+02
    64    0.13404E+01    0.52105E+02
    65    0.13614E+01    0.51716E+02
    66    0.13823E+01    0.51070E+02
    67    0.14032E+01    0.50350E+02
    68    0.14242E+01    0.50211E+02
    69    0.14451E+01    0.49894E+02
    70    0.14661E+01    0.48849E+02
    71    0.14870E+01    0.48785E+02
    72    0.15080E+01    0.48425E+02
    73    0.15289E+01    0.47926E+02
    74    0.15499E+01    0.47574E+02
    75    0.15708E+01    0.47354E+02
    76    0.15917E+01    0.46785E+02
    77    0.16127E+01    0.45910E+02
    78    0.16336E+01    0.45573E+02
    79    0.16546E+01    0.45639E+02
    80    0.16755E+01    0.45087E+02
    81    0.16965E+01    0.44466E+02
    82    0.17174E+01    0.44047E+02
    83    0.17383E+01    0.43644E+02
    84    0.17593E+01    0.43205E+02
    85    0.17802E+01    0.43109E+02
    86    0.18012E+01    0.42140E+02
    87    0.18221E+01    0.41603E+02
    88    0.18431E+01    0.41254E+02
    89    0.18640E+01    0.40771E+02
    90    0.18850E+01    0.40628E+02
    91    0.19059E+01    0.39576E+02
    92    0.19268E+01    0.39280E+02
    93    0.19478E+01    0.39022E+02
    94    0.19687E+01    0.38770E+02
    95    0.19897E+01    0.37783E+02
    96    0.20106E+01    0.37784E+02
    97    0.20316E+01    0.36892E+02
    98    0.20525E+01    0.36614E+02
    99    0.20735E+01    0.36067E+02
   100    0.20944E+01    0.35880E+02
   101    0.21153E+01    0.35079E+02
   102    0.21363E+01    0.34874E+02
   103    0.21572E+01    0.34105E+02
   104    0.21782E+01    0.33760E+02
   105    0.21991E+01    0.33168E+02
   106    0.22201E+01    0.32825E+02
   107    0.22410E+01    0.32338E+02
   108    0.22619E+01    0.32182E+02
   109    0.22829E+01    0.31596E+02
   110    0.23038E+01    0.31040E+02
   111    0.23248E+01    0.30461E+02
   112    0.23457E+01    0.30131E+02
   113    0.23667E+01    0.29700E+02
   114    0.23876E+01    0.29075E+02
   115    0.24086E+01    0.28755E+02
   116    0.24295E+01    0.28258E+02
   117    0.24504E+01    0.28086E+02
   118    0.24714E+01    0.27511E+02
   119    0.24923E+01    0.27204E+02
   120    0.25133E+01    0.26659E+02
   121    0.25342E+01    0.26241E+02
   122    0.25552E+01    0.25992E+02
   123    0.25761E+01    0.25800E+02
   124    0.25970E+01    0.25176E+02
   125    0.26180E+01    0.24694E+02
   126    0.26389E+01    0.24306E+02
   127    0.26599E+01    0.23854E+02
   128    0.26808E+01    0.23499E+02
   129    0.27018E+01    0.23300E+02
   130    0.27227E+01    0.22891E+02
   131    0.27437E+01    0.22574E+02
   132    0.27646E+01    0.22158E+02
   133    0.27855E+01    0.21911E+02
   134    0.28065E+01    0.21597E+02
   135    0.28274E+01    0.21269E+02
   136    0.28484E+01    0.21030E+02
   137    0.28693E+01    0.20753E+02
   138    0.28903E+01    0.20623E+02
   139    0.29112E+01    0.20332E+02
   140    0.29322E+01    0.20098E+02
   141    0.29531E+01    0.19814E+02
   142    0.29740E+01    0.19592E+02
   143    0.29950E+01    0.19380E+02
   144    0.30159E+01    0.19182E+02
   145    0.30369E+01    0.19096E+02
   146    0.30578E+01    0.18895E+02
   147    0.30788E+01    0.18818E+02
   148    0.30997E+01    0.18598E+02
   149    0.31206E+01    0.18523E+02
