k[unitless]    k[h/Mpc]    D^2(k)
     1    0.20944E-01    0.12312E+01
     2    0.41888E-01    0.59389E+01
     3    0.62832E-01    0.12787E+02
     4    0.83776E-01    0.15884E+02
     5    0.10472E+00    0.17102E+02
     6    0.12566E+00    0.19679E+02
     7    0.14661E+00    0.21311E+02
     8    0.16755E+00    0.20621E+02
     9    0.18850E+00    0.21369E+02
    10    0.20944E+00    0.23086E+02
    11    0.23038E+00    0.22913E+02
    12    0.25133E+00    0.22719E+02
    13    0.27227E+00    0.23421E+02
    14    0.29322E+00    0.22545E+02
    15    0.31416E+00    0.20711E+02
    16    0.33510E+00    0.22373E+02
    17    0.35605E+00    0.22764E+02
    18    0.37699E+00    0.22693E+02
    19    0.39794E+00    0.22879E+02
    20    0.41888E+00    0.23343E+02
    21    0.43982E+00    0.23929E+02
    22    0.46077E+00    0.23452E+02
    23    0.48171E+00    0.23405E+02
    24    0.50265E+00    0.23404E+02
    25    0.52360E+00    0.23186E+02
    26    0.54454E+00    0.23401E+02
    27    0.56549E+00    0.23138E+02
    28    0.58643E+00    0.23276E+02
    29    0.60737E+00    0.22987E+02
    30    0.62832E+00    0.22975E+02
    31    0.64926E+00    0.23103E+02
    32    0.67021E+00    0.23171E+02
    33    0.69115E+00    0.23990E+02
    34    0.71209E+00    0.23198E+02
    35    0.73304E+00    0.23136E+02
    36    0.75398E+00    0.23250E+02
    37    0.77493E+00    0.22936E+02
    38    0.79587E+00    0.23068E+02
    39    0.81681E+00    0.23156E+02
    40    0.83776E+00    0.23381E+02
    41    0.85870E+00    0.23253E+02
    42    0.87965E+00    0.23090E+02
    43    0.90059E+00    0.23186E+02
    44    0.92153E+00    0.23217E+02
    45    0.94248E+00    0.22758E+02
    46    0.96342E+00    0.22564E+02
    47    0.98437E+00    0.22938E+02
    48    0.10053E+01    0.22896E+02
    49    0.10263E+01    0.22721E+02
    50    0.10472E+01    0.22939E+02
    51    0.10681E+01    0.22643E+02
    52    0.10891E+01    0.22842E+02
    53    0.11100E+01    0.22223E+02
    54    0.11310E+01    0.22376E+02
    55    0.11519E+01    0.22410E+02
    56    0.11729E+01    0.22036E+02
    57    0.11938E+01    0.22091E+02
    58    0.12147E+01    0.22099E+02
    59    0.12357E+01    0.21940E+02
    60    0.12566E+01    0.21786E+02
    61    0.12776E+01    0.21796E+02
    62    0.12985E+01    0.21596E+02
    63    0.13195E+01    0.21364E+02
    64    0.13404E+01    0.21352E+02
    65    0.13614E+01    0.21252E+02
    66    0.13823E+01    0.21110E+02
    67    0.14032E+01    0.20997E+02
    68    0.14242E+01    0.20747E+02
    69    0.14451E+01    0.20537E+02
    70    0.14661E+01    0.20559E+02
    71    0.14870E+01    0.20213E+02
    72    0.15080E+01    0.20235E+02
    73    0.15289E+01    0.20188E+02
    74    0.15499E+01    0.19952E+02
    75    0.15708E+01    0.19746E+02
    76    0.15917E+01    0.19686E+02
    77    0.16127E+01    0.19528E+02
    78    0.16336E+01    0.19151E+02
    79    0.16546E+01    0.19245E+02
    80    0.16755E+01    0.19038E+02
    81    0.16965E+01    0.18758E+02
    82    0.17174E+01    0.18663E+02
    83    0.17383E+01    0.18659E+02
    84    0.17593E+01    0.18443E+02
    85    0.17802E+01    0.18319E+02
    86    0.18012E+01    0.18032E+02
    87    0.18221E+01    0.18108E+02
    88    0.18431E+01    0.17756E+02
    89    0.18640E+01    0.17667E+02
    90    0.18850E+01    0.17420E+02
    91    0.19059E+01    0.17097E+02
    92    0.19268E+01    0.17114E+02
    93    0.19478E+01    0.16980E+02
    94    0.19687E+01    0.16821E+02
    95    0.19897E+01    0.16614E+02
    96    0.20106E+01    0.16415E+02
    97    0.20316E+01    0.16269E+02
    98    0.20525E+01    0.16143E+02
    99    0.20735E+01    0.15857E+02
   100    0.20944E+01    0.15713E+02
   101    0.21153E+01    0.15494E+02
   102    0.21363E+01    0.15306E+02
   103    0.21572E+01    0.15321E+02
   104    0.21782E+01    0.15061E+02
   105    0.21991E+01    0.14840E+02
   106    0.22201E+01    0.14650E+02
   107    0.22410E+01    0.14502E+02
   108    0.22619E+01    0.14405E+02
   109    0.22829E+01    0.14222E+02
   110    0.23038E+01    0.14004E+02
   111    0.23248E+01    0.13970E+02
   112    0.23457E+01    0.13714E+02
   113    0.23667E+01    0.13557E+02
   114    0.23876E+01    0.13437E+02
   115    0.24086E+01    0.13307E+02
   116    0.24295E+01    0.13146E+02
   117    0.24504E+01    0.12961E+02
   118    0.24714E+01    0.12813E+02
   119    0.24923E+01    0.12686E+02
   120    0.25133E+01    0.12547E+02
   121    0.25342E+01    0.12382E+02
   122    0.25552E+01    0.12261E+02
   123    0.25761E+01    0.12117E+02
   124    0.25970E+01    0.11919E+02
   125    0.26180E+01    0.11898E+02
   126    0.26389E+01    0.11781E+02
   127    0.26599E+01    0.11695E+02
   128    0.26808E+01    0.11583E+02
   129    0.27018E+01    0.11403E+02
   130    0.27227E+01    0.11324E+02
   131    0.27437E+01    0.11251E+02
   132    0.27646E+01    0.11059E+02
   133    0.27855E+01    0.10944E+02
   134    0.28065E+01    0.10890E+02
   135    0.28274E+01    0.10778E+02
   136    0.28484E+01    0.10721E+02
   137    0.28693E+01    0.10675E+02
   138    0.28903E+01    0.10562E+02
   139    0.29112E+01    0.10515E+02
   140    0.29322E+01    0.10480E+02
   141    0.29531E+01    0.10359E+02
   142    0.29740E+01    0.10331E+02
   143    0.29950E+01    0.10266E+02
   144    0.30159E+01    0.10257E+02
   145    0.30369E+01    0.10247E+02
   146    0.30578E+01    0.10239E+02
   147    0.30788E+01    0.10173E+02
   148    0.30997E+01    0.10157E+02
   149    0.31206E+01    0.10127E+02
