k[unitless]    k[h/Mpc]    D^2(k)
     1    0.20944E-01    0.22450E+00
     2    0.41888E-01    0.18294E+01
     3    0.62832E-01    0.50602E+01
     4    0.83776E-01    0.96668E+01
     5    0.10472E+00    0.12444E+02
     6    0.12566E+00    0.19269E+02
     7    0.14661E+00    0.25967E+02
     8    0.16755E+00    0.29648E+02
     9    0.18850E+00    0.34761E+02
    10    0.20944E+00    0.38128E+02
    11    0.23038E+00    0.39404E+02
    12    0.25133E+00    0.41476E+02
    13    0.27227E+00    0.46211E+02
    14    0.29322E+00    0.45441E+02
    15    0.31416E+00    0.49024E+02
    16    0.33510E+00    0.49755E+02
    17    0.35605E+00    0.49503E+02
    18    0.37699E+00    0.52014E+02
    19    0.39794E+00    0.53183E+02
    20    0.41888E+00    0.54390E+02
    21    0.43982E+00    0.54274E+02
    22    0.46077E+00    0.53632E+02
    23    0.48171E+00    0.53929E+02
    24    0.50265E+00    0.55579E+02
    25    0.52360E+00    0.56547E+02
    26    0.54454E+00    0.55018E+02
    27    0.56549E+00    0.56947E+02
    28    0.58643E+00    0.57242E+02
    29    0.60737E+00    0.55071E+02
    30    0.62832E+00    0.56538E+02
    31    0.64926E+00    0.57371E+02
    32    0.67021E+00    0.58881E+02
    33    0.69115E+00    0.57615E+02
    34    0.71209E+00    0.58182E+02
    35    0.73304E+00    0.57151E+02
    36    0.75398E+00    0.57366E+02
    37    0.77493E+00    0.56897E+02
    38    0.79587E+00    0.56657E+02
    39    0.81681E+00    0.57188E+02
    40    0.83776E+00    0.57316E+02
    41    0.85870E+00    0.57417E+02
    42    0.87965E+00    0.56074E+02
    43    0.90059E+00    0.57230E+02
    44    0.92153E+00    0.57180E+02
    45    0.94248E+00    0.56953E+02
    46    0.96342E+00    0.56652E+02
    47    0.98437E+00    0.56882E+02
    48    0.10053E+01    0.55655E+02
    49    0.10263E+01    0.56036E+02
    50    0.10472E+01    0.55037E+02
    51    0.10681E+01    0.54245E+02
    52    0.10891E+01    0.55361E+02
    53    0.11100E+01    0.54662E+02
    54    0.11310E+01    0.54485E+02
    55    0.11519E+01    0.54341E+02
    56    0.11729E+01    0.54889E+02
    57    0.11938E+01    0.53481E+02
    58    0.12147E+01    0.53773E+02
    59    0.12357E+01    0.53292E+02
    60    0.12566E+01    0.52928E+02
    61    0.12776E+01    0.52154E+02
    62    0.12985E+01    0.52084E+02
    63    0.13195E+01    0.52071E+02
    64    0.13404E+01    0.52043E+02
    65    0.13614E+01    0.51519E+02
    66    0.13823E+01    0.50976E+02
    67    0.14032E+01    0.50472E+02
    68    0.14242E+01    0.50163E+02
    69    0.14451E+01    0.49712E+02
    70    0.14661E+01    0.48710E+02
    71    0.14870E+01    0.48659E+02
    72    0.15080E+01    0.48353E+02
    73    0.15289E+01    0.47892E+02
    74    0.15499E+01    0.47643E+02
    75    0.15708E+01    0.47345E+02
    76    0.15917E+01    0.46856E+02
    77    0.16127E+01    0.45713E+02
    78    0.16336E+01    0.45597E+02
    79    0.16546E+01    0.45335E+02
    80    0.16755E+01    0.44956E+02
    81    0.16965E+01    0.44491E+02
    82    0.17174E+01    0.44251E+02
    83    0.17383E+01    0.43762E+02
    84    0.17593E+01    0.43106E+02
    85    0.17802E+01    0.43107E+02
    86    0.18012E+01    0.42188E+02
    87    0.18221E+01    0.41682E+02
    88    0.18431E+01    0.41343E+02
    89    0.18640E+01    0.40684E+02
    90    0.18850E+01    0.40691E+02
    91    0.19059E+01    0.39666E+02
    92    0.19268E+01    0.39390E+02
    93    0.19478E+01    0.39014E+02
    94    0.19687E+01    0.38768E+02
    95    0.19897E+01    0.37804E+02
    96    0.20106E+01    0.37701E+02
    97    0.20316E+01    0.36968E+02
    98    0.20525E+01    0.36619E+02
    99    0.20735E+01    0.36156E+02
   100    0.20944E+01    0.35810E+02
   101    0.21153E+01    0.35128E+02
   102    0.21363E+01    0.34840E+02
   103    0.21572E+01    0.34156E+02
   104    0.21782E+01    0.33764E+02
   105    0.21991E+01    0.33203E+02
   106    0.22201E+01    0.32847E+02
   107    0.22410E+01    0.32523E+02
   108    0.22619E+01    0.32183E+02
   109    0.22829E+01    0.31723E+02
   110    0.23038E+01    0.31097E+02
   111    0.23248E+01    0.30577E+02
   112    0.23457E+01    0.30240E+02
   113    0.23667E+01    0.29777E+02
   114    0.23876E+01    0.29156E+02
   115    0.24086E+01    0.28965E+02
   116    0.24295E+01    0.28468E+02
   117    0.24504E+01    0.28132E+02
   118    0.24714E+01    0.27680E+02
   119    0.24923E+01    0.27481E+02
   120    0.25133E+01    0.26826E+02
   121    0.25342E+01    0.26503E+02
   122    0.25552E+01    0.26146E+02
   123    0.25761E+01    0.25976E+02
   124    0.25970E+01    0.25363E+02
   125    0.26180E+01    0.24905E+02
   126    0.26389E+01    0.24560E+02
   127    0.26599E+01    0.24163E+02
   128    0.26808E+01    0.23762E+02
   129    0.27018E+01    0.23560E+02
   130    0.27227E+01    0.23248E+02
   131    0.27437E+01    0.22917E+02
   132    0.27646E+01    0.22472E+02
   133    0.27855E+01    0.22280E+02
   134    0.28065E+01    0.21905E+02
   135    0.28274E+01    0.21631E+02
   136    0.28484E+01    0.21311E+02
   137    0.28693E+01    0.21057E+02
   138    0.28903E+01    0.20958E+02
   139    0.29112E+01    0.20728E+02
   140    0.29322E+01    0.20543E+02
   141    0.29531E+01    0.20248E+02
   142    0.29740E+01    0.19962E+02
   143    0.29950E+01    0.19804E+02
   144    0.30159E+01    0.19608E+02
   145    0.30369E+01    0.19526E+02
   146    0.30578E+01    0.19352E+02
   147    0.30788E+01    0.19266E+02
   148    0.30997E+01    0.18986E+02
   149    0.31206E+01    0.18961E+02
