k[unitless]    k[h/Mpc]    D^2(k)
     1    0.20944E-01    0.85982E-01
     2    0.41888E-01    0.37137E+00
     3    0.62832E-01    0.96558E+00
     4    0.83776E-01    0.18695E+01
     5    0.10472E+00    0.28012E+01
     6    0.12566E+00    0.39768E+01
     7    0.14661E+00    0.52431E+01
     8    0.16755E+00    0.61356E+01
     9    0.18850E+00    0.77465E+01
    10    0.20944E+00    0.91224E+01
    11    0.23038E+00    0.11331E+02
    12    0.25133E+00    0.12875E+02
    13    0.27227E+00    0.14019E+02
    14    0.29322E+00    0.15555E+02
    15    0.31416E+00    0.17506E+02
    16    0.33510E+00    0.18876E+02
    17    0.35605E+00    0.19838E+02
    18    0.37699E+00    0.21978E+02
    19    0.39794E+00    0.23987E+02
    20    0.41888E+00    0.24775E+02
    21    0.43982E+00    0.25846E+02
    22    0.46077E+00    0.27197E+02
    23    0.48171E+00    0.27864E+02
    24    0.50265E+00    0.27886E+02
    25    0.52360E+00    0.29068E+02
    26    0.54454E+00    0.30123E+02
    27    0.56549E+00    0.30164E+02
    28    0.58643E+00    0.30687E+02
    29    0.60737E+00    0.31343E+02
    30    0.62832E+00    0.31497E+02
    31    0.64926E+00    0.31762E+02
    32    0.67021E+00    0.32093E+02
    33    0.69115E+00    0.32539E+02
    34    0.71209E+00    0.32268E+02
    35    0.73304E+00    0.32043E+02
    36    0.75398E+00    0.32410E+02
    37    0.77493E+00    0.32530E+02
    38    0.79587E+00    0.32383E+02
    39    0.81681E+00    0.32719E+02
    40    0.83776E+00    0.33147E+02
    41    0.85870E+00    0.32925E+02
    42    0.87965E+00    0.32690E+02
    43    0.90059E+00    0.32860E+02
    44    0.92153E+00    0.33215E+02
    45    0.94248E+00    0.33441E+02
    46    0.96342E+00    0.33181E+02
    47    0.98437E+00    0.33498E+02
    48    0.10053E+01    0.33593E+02
    49    0.10263E+01    0.33731E+02
    50    0.10472E+01    0.33396E+02
    51    0.10681E+01    0.33713E+02
    52    0.10891E+01    0.34140E+02
    53    0.11100E+01    0.33209E+02
    54    0.11310E+01    0.33875E+02
    55    0.11519E+01    0.34028E+02
    56    0.11729E+01    0.33618E+02
    57    0.11938E+01    0.33783E+02
    58    0.12147E+01    0.33384E+02
    59    0.12357E+01    0.33548E+02
    60    0.12566E+01    0.33670E+02
    61    0.12776E+01    0.33480E+02
    62    0.12985E+01    0.33627E+02
    63    0.13195E+01    0.32974E+02
    64    0.13404E+01    0.33270E+02
    65    0.13614E+01    0.33043E+02
    66    0.13823E+01    0.32859E+02
    67    0.14032E+01    0.32428E+02
    68    0.14242E+01    0.32587E+02
    69    0.14451E+01    0.32428E+02
    70    0.14661E+01    0.32018E+02
    71    0.14870E+01    0.31928E+02
    72    0.15080E+01    0.31540E+02
    73    0.15289E+01    0.31303E+02
    74    0.15499E+01    0.31001E+02
    75    0.15708E+01    0.31033E+02
    76    0.15917E+01    0.30634E+02
    77    0.16127E+01    0.30259E+02
    78    0.16336E+01    0.30143E+02
    79    0.16546E+01    0.29929E+02
    80    0.16755E+01    0.29645E+02
    81    0.16965E+01    0.29193E+02
    82    0.17174E+01    0.28632E+02
    83    0.17383E+01    0.28346E+02
    84    0.17593E+01    0.27995E+02
    85    0.17802E+01    0.27894E+02
    86    0.18012E+01    0.27542E+02
    87    0.18221E+01    0.27447E+02
    88    0.18431E+01    0.27135E+02
    89    0.18640E+01    0.26704E+02
    90    0.18850E+01    0.26607E+02
    91    0.19059E+01    0.25833E+02
    92    0.19268E+01    0.25637E+02
    93    0.19478E+01    0.25474E+02
    94    0.19687E+01    0.25125E+02
    95    0.19897E+01    0.24664E+02
    96    0.20106E+01    0.24716E+02
    97    0.20316E+01    0.24030E+02
    98    0.20525E+01    0.23827E+02
    99    0.20735E+01    0.23372E+02
   100    0.20944E+01    0.23002E+02
   101    0.21153E+01    0.22540E+02
   102    0.21363E+01    0.22408E+02
   103    0.21572E+01    0.21774E+02
   104    0.21782E+01    0.21644E+02
   105    0.21991E+01    0.21165E+02
   106    0.22201E+01    0.20933E+02
   107    0.22410E+01    0.20515E+02
   108    0.22619E+01    0.20344E+02
   109    0.22829E+01    0.19786E+02
   110    0.23038E+01    0.19473E+02
   111    0.23248E+01    0.18840E+02
   112    0.23457E+01    0.18674E+02
   113    0.23667E+01    0.18221E+02
   114    0.23876E+01    0.17926E+02
   115    0.24086E+01    0.17558E+02
   116    0.24295E+01    0.17240E+02
   117    0.24504E+01    0.16941E+02
   118    0.24714E+01    0.16539E+02
   119    0.24923E+01    0.16263E+02
   120    0.25133E+01    0.15988E+02
   121    0.25342E+01    0.15521E+02
   122    0.25552E+01    0.15227E+02
   123    0.25761E+01    0.15045E+02
   124    0.25970E+01    0.14605E+02
   125    0.26180E+01    0.14258E+02
   126    0.26389E+01    0.14040E+02
   127    0.26599E+01    0.13681E+02
   128    0.26808E+01    0.13339E+02
   129    0.27018E+01    0.13103E+02
   130    0.27227E+01    0.12726E+02
   131    0.27437E+01    0.12492E+02
   132    0.27646E+01    0.12213E+02
   133    0.27855E+01    0.12014E+02
   134    0.28065E+01    0.11734E+02
   135    0.28274E+01    0.11442E+02
   136    0.28484E+01    0.11152E+02
   137    0.28693E+01    0.10902E+02
   138    0.28903E+01    0.10713E+02
   139    0.29112E+01    0.10476E+02
   140    0.29322E+01    0.10281E+02
   141    0.29531E+01    0.10063E+02
   142    0.29740E+01    0.98385E+01
   143    0.29950E+01    0.96168E+01
   144    0.30159E+01    0.94233E+01
   145    0.30369E+01    0.92344E+01
   146    0.30578E+01    0.90544E+01
   147    0.30788E+01    0.89458E+01
   148    0.30997E+01    0.88059E+01
   149    0.31206E+01    0.86242E+01
