k[unitless]    k[h/Mpc]    D^2(k)
     1    0.20944E-01    0.43688E-01
     2    0.41888E-01    0.28325E+00
     3    0.62832E-01    0.83309E+00
     4    0.83776E-01    0.20944E+01
     5    0.10472E+00    0.39318E+01
     6    0.12566E+00    0.71532E+01
     7    0.14661E+00    0.10540E+02
     8    0.16755E+00    0.12475E+02
     9    0.18850E+00    0.16226E+02
    10    0.20944E+00    0.20812E+02
    11    0.23038E+00    0.23886E+02
    12    0.25133E+00    0.27102E+02
    13    0.27227E+00    0.30371E+02
    14    0.29322E+00    0.32401E+02
    15    0.31416E+00    0.36890E+02
    16    0.33510E+00    0.38726E+02
    17    0.35605E+00    0.38116E+02
    18    0.37699E+00    0.41370E+02
    19    0.39794E+00    0.45110E+02
    20    0.41888E+00    0.44917E+02
    21    0.43982E+00    0.44036E+02
    22    0.46077E+00    0.45906E+02
    23    0.48171E+00    0.45301E+02
    24    0.50265E+00    0.43769E+02
    25    0.52360E+00    0.44754E+02
    26    0.54454E+00    0.45833E+02
    27    0.56549E+00    0.45732E+02
    28    0.58643E+00    0.46024E+02
    29    0.60737E+00    0.45668E+02
    30    0.62832E+00    0.45537E+02
    31    0.64926E+00    0.46757E+02
    32    0.67021E+00    0.46683E+02
    33    0.69115E+00    0.46428E+02
    34    0.71209E+00    0.46463E+02
    35    0.73304E+00    0.46459E+02
    36    0.75398E+00    0.46318E+02
    37    0.77493E+00    0.46263E+02
    38    0.79587E+00    0.46143E+02
    39    0.81681E+00    0.46671E+02
    40    0.83776E+00    0.45251E+02
    41    0.85870E+00    0.45993E+02
    42    0.87965E+00    0.47095E+02
    43    0.90059E+00    0.46163E+02
    44    0.92153E+00    0.46499E+02
    45    0.94248E+00    0.46220E+02
    46    0.96342E+00    0.45663E+02
    47    0.98437E+00    0.46004E+02
    48    0.10053E+01    0.45990E+02
    49    0.10263E+01    0.46181E+02
    50    0.10472E+01    0.45368E+02
    51    0.10681E+01    0.45176E+02
    52    0.10891E+01    0.45478E+02
    53    0.11100E+01    0.44367E+02
    54    0.11310E+01    0.45090E+02
    55    0.11519E+01    0.44479E+02
    56    0.11729E+01    0.44478E+02
    57    0.11938E+01    0.45019E+02
    58    0.12147E+01    0.44190E+02
    59    0.12357E+01    0.44160E+02
    60    0.12566E+01    0.44103E+02
    61    0.12776E+01    0.43709E+02
    62    0.12985E+01    0.43154E+02
    63    0.13195E+01    0.42885E+02
    64    0.13404E+01    0.43194E+02
    65    0.13614E+01    0.42863E+02
    66    0.13823E+01    0.41983E+02
    67    0.14032E+01    0.42008E+02
    68    0.14242E+01    0.41603E+02
    69    0.14451E+01    0.41170E+02
    70    0.14661E+01    0.40945E+02
    71    0.14870E+01    0.40501E+02
    72    0.15080E+01    0.40522E+02
    73    0.15289E+01    0.39915E+02
    74    0.15499E+01    0.39787E+02
    75    0.15708E+01    0.39661E+02
    76    0.15917E+01    0.39430E+02
    77    0.16127E+01    0.38671E+02
    78    0.16336E+01    0.38692E+02
    79    0.16546E+01    0.38474E+02
    80    0.16755E+01    0.37999E+02
    81    0.16965E+01    0.37505E+02
    82    0.17174E+01    0.37054E+02
    83    0.17383E+01    0.36442E+02
    84    0.17593E+01    0.36144E+02
    85    0.17802E+01    0.35731E+02
    86    0.18012E+01    0.35395E+02
    87    0.18221E+01    0.35097E+02
    88    0.18431E+01    0.34749E+02
    89    0.18640E+01    0.34104E+02
    90    0.18850E+01    0.33784E+02
    91    0.19059E+01    0.33052E+02
    92    0.19268E+01    0.32650E+02
    93    0.19478E+01    0.32362E+02
    94    0.19687E+01    0.31939E+02
    95    0.19897E+01    0.31463E+02
    96    0.20106E+01    0.31454E+02
    97    0.20316E+01    0.30379E+02
    98    0.20525E+01    0.30223E+02
    99    0.20735E+01    0.29613E+02
   100    0.20944E+01    0.29255E+02
   101    0.21153E+01    0.28792E+02
   102    0.21363E+01    0.28514E+02
   103    0.21572E+01    0.27774E+02
   104    0.21782E+01    0.27477E+02
   105    0.21991E+01    0.26982E+02
   106    0.22201E+01    0.26669E+02
   107    0.22410E+01    0.26202E+02
   108    0.22619E+01    0.25936E+02
   109    0.22829E+01    0.25482E+02
   110    0.23038E+01    0.24932E+02
   111    0.23248E+01    0.24269E+02
   112    0.23457E+01    0.24178E+02
   113    0.23667E+01    0.23700E+02
   114    0.23876E+01    0.23225E+02
   115    0.24086E+01    0.22684E+02
   116    0.24295E+01    0.22362E+02
   117    0.24504E+01    0.21972E+02
   118    0.24714E+01    0.21482E+02
   119    0.24923E+01    0.21214E+02
   120    0.25133E+01    0.20918E+02
   121    0.25342E+01    0.20316E+02
   122    0.25552E+01    0.20104E+02
   123    0.25761E+01    0.19761E+02
   124    0.25970E+01    0.19287E+02
   125    0.26180E+01    0.18841E+02
   126    0.26389E+01    0.18599E+02
   127    0.26599E+01    0.18221E+02
   128    0.26808E+01    0.17843E+02
   129    0.27018E+01    0.17623E+02
   130    0.27227E+01    0.17173E+02
   131    0.27437E+01    0.16929E+02
   132    0.27646E+01    0.16551E+02
   133    0.27855E+01    0.16271E+02
   134    0.28065E+01    0.15971E+02
   135    0.28274E+01    0.15727E+02
   136    0.28484E+01    0.15383E+02
   137    0.28693E+01    0.15035E+02
   138    0.28903E+01    0.14899E+02
   139    0.29112E+01    0.14618E+02
   140    0.29322E+01    0.14381E+02
   141    0.29531E+01    0.14200E+02
   142    0.29740E+01    0.13880E+02
   143    0.29950E+01    0.13702E+02
   144    0.30159E+01    0.13453E+02
   145    0.30369E+01    0.13335E+02
   146    0.30578E+01    0.13085E+02
   147    0.30788E+01    0.12934E+02
   148    0.30997E+01    0.12782E+02
   149    0.31206E+01    0.12563E+02
