k[unitless]    k[h/Mpc]    D^2(k)
     1    0.20944E-01    0.28924E+00
     2    0.41888E-01    0.91018E+00
     3    0.62832E-01    0.15165E+01
     4    0.83776E-01    0.19271E+01
     5    0.10472E+00    0.30051E+01
     6    0.12566E+00    0.29790E+01
     7    0.14661E+00    0.34657E+01
     8    0.16755E+00    0.31127E+01
     9    0.18850E+00    0.34058E+01
    10    0.20944E+00    0.33728E+01
    11    0.23038E+00    0.35472E+01
    12    0.25133E+00    0.32707E+01
    13    0.27227E+00    0.34711E+01
    14    0.29322E+00    0.34402E+01
    15    0.31416E+00    0.33286E+01
    16    0.33510E+00    0.35178E+01
    17    0.35605E+00    0.34982E+01
    18    0.37699E+00    0.36039E+01
    19    0.39794E+00    0.34751E+01
    20    0.41888E+00    0.35285E+01
    21    0.43982E+00    0.35343E+01
    22    0.46077E+00    0.36271E+01
    23    0.48171E+00    0.35120E+01
    24    0.50265E+00    0.34747E+01
    25    0.52360E+00    0.34213E+01
    26    0.54454E+00    0.34384E+01
    27    0.56549E+00    0.34063E+01
    28    0.58643E+00    0.35068E+01
    29    0.60737E+00    0.35082E+01
    30    0.62832E+00    0.35133E+01
    31    0.64926E+00    0.33686E+01
    32    0.67021E+00    0.34578E+01
    33    0.69115E+00    0.35438E+01
    34    0.71209E+00    0.34404E+01
    35    0.73304E+00    0.34887E+01
    36    0.75398E+00    0.34656E+01
    37    0.77493E+00    0.34290E+01
    38    0.79587E+00    0.34907E+01
    39    0.81681E+00    0.34092E+01
    40    0.83776E+00    0.34329E+01
    41    0.85870E+00    0.34375E+01
    42    0.87965E+00    0.35191E+01
    43    0.90059E+00    0.34495E+01
    44    0.92153E+00    0.33953E+01
    45    0.94248E+00    0.34396E+01
    46    0.96342E+00    0.34867E+01
    47    0.98437E+00    0.34371E+01
    48    0.10053E+01    0.34269E+01
    49    0.10263E+01    0.34654E+01
    50    0.10472E+01    0.33760E+01
    51    0.10681E+01    0.33541E+01
    52    0.10891E+01    0.33580E+01
    53    0.11100E+01    0.33014E+01
    54    0.11310E+01    0.33203E+01
    55    0.11519E+01    0.32867E+01
    56    0.11729E+01    0.32618E+01
    57    0.11938E+01    0.32662E+01
    58    0.12147E+01    0.32902E+01
    59    0.12357E+01    0.32660E+01
    60    0.12566E+01    0.32395E+01
    61    0.12776E+01    0.32377E+01
    62    0.12985E+01    0.32216E+01
    63    0.13195E+01    0.32258E+01
    64    0.13404E+01    0.32254E+01
    65    0.13614E+01    0.31695E+01
    66    0.13823E+01    0.31510E+01
    67    0.14032E+01    0.31352E+01
    68    0.14242E+01    0.31525E+01
    69    0.14451E+01    0.30800E+01
    70    0.14661E+01    0.30742E+01
    71    0.14870E+01    0.30928E+01
    72    0.15080E+01    0.30624E+01
    73    0.15289E+01    0.30461E+01
    74    0.15499E+01    0.30144E+01
    75    0.15708E+01    0.30268E+01
    76    0.15917E+01    0.30356E+01
    77    0.16127E+01    0.29713E+01
    78    0.16336E+01    0.29638E+01
    79    0.16546E+01    0.29355E+01
    80    0.16755E+01    0.29233E+01
    81    0.16965E+01    0.28937E+01
    82    0.17174E+01    0.28511E+01
    83    0.17383E+01    0.28322E+01
    84    0.17593E+01    0.28049E+01
    85    0.17802E+01    0.28081E+01
    86    0.18012E+01    0.27858E+01
    87    0.18221E+01    0.27470E+01
    88    0.18431E+01    0.27367E+01
    89    0.18640E+01    0.26966E+01
    90    0.18850E+01    0.26681E+01
    91    0.19059E+01    0.26395E+01
    92    0.19268E+01    0.26200E+01
    93    0.19478E+01    0.26160E+01
    94    0.19687E+01    0.26000E+01
    95    0.19897E+01    0.25752E+01
    96    0.20106E+01    0.25447E+01
    97    0.20316E+01    0.25086E+01
    98    0.20525E+01    0.25103E+01
    99    0.20735E+01    0.24835E+01
   100    0.20944E+01    0.24606E+01
   101    0.21153E+01    0.24143E+01
   102    0.21363E+01    0.24000E+01
   103    0.21572E+01    0.23891E+01
   104    0.21782E+01    0.23588E+01
   105    0.21991E+01    0.23278E+01
   106    0.22201E+01    0.22959E+01
   107    0.22410E+01    0.22723E+01
   108    0.22619E+01    0.22555E+01
   109    0.22829E+01    0.22370E+01
   110    0.23038E+01    0.22100E+01
   111    0.23248E+01    0.21911E+01
   112    0.23457E+01    0.21794E+01
   113    0.23667E+01    0.21612E+01
   114    0.23876E+01    0.21392E+01
   115    0.24086E+01    0.21256E+01
   116    0.24295E+01    0.21168E+01
   117    0.24504E+01    0.20935E+01
   118    0.24714E+01    0.20734E+01
   119    0.24923E+01    0.20506E+01
   120    0.25133E+01    0.20216E+01
   121    0.25342E+01    0.20189E+01
   122    0.25552E+01    0.20012E+01
   123    0.25761E+01    0.19823E+01
   124    0.25970E+01    0.19598E+01
   125    0.26180E+01    0.19494E+01
   126    0.26389E+01    0.19294E+01
   127    0.26599E+01    0.19256E+01
   128    0.26808E+01    0.19091E+01
   129    0.27018E+01    0.18805E+01
   130    0.27227E+01    0.18749E+01
   131    0.27437E+01    0.18598E+01
   132    0.27646E+01    0.18349E+01
   133    0.27855E+01    0.18285E+01
   134    0.28065E+01    0.18214E+01
   135    0.28274E+01    0.18261E+01
   136    0.28484E+01    0.18019E+01
   137    0.28693E+01    0.17915E+01
   138    0.28903E+01    0.17732E+01
   139    0.29112E+01    0.17714E+01
   140    0.29322E+01    0.17685E+01
   141    0.29531E+01    0.17667E+01
   142    0.29740E+01    0.17517E+01
   143    0.29950E+01    0.17499E+01
   144    0.30159E+01    0.17462E+01
   145    0.30369E+01    0.17334E+01
   146    0.30578E+01    0.17499E+01
   147    0.30788E+01    0.17516E+01
   148    0.30997E+01    0.17543E+01
   149    0.31206E+01    0.17536E+01
