k[unitless]    k[h/Mpc]    D^2(k)
     1    0.20944E-01    0.92294E-01
     2    0.41888E-01    0.41690E+00
     3    0.62832E-01    0.10621E+01
     4    0.83776E-01    0.20013E+01
     5    0.10472E+00    0.28067E+01
     6    0.12566E+00    0.39037E+01
     7    0.14661E+00    0.50315E+01
     8    0.16755E+00    0.58272E+01
     9    0.18850E+00    0.73172E+01
    10    0.20944E+00    0.82967E+01
    11    0.23038E+00    0.10011E+02
    12    0.25133E+00    0.11480E+02
    13    0.27227E+00    0.12248E+02
    14    0.29322E+00    0.13630E+02
    15    0.31416E+00    0.15053E+02
    16    0.33510E+00    0.16342E+02
    17    0.35605E+00    0.17283E+02
    18    0.37699E+00    0.18865E+02
    19    0.39794E+00    0.20676E+02
    20    0.41888E+00    0.21469E+02
    21    0.43982E+00    0.22550E+02
    22    0.46077E+00    0.23742E+02
    23    0.48171E+00    0.24556E+02
    24    0.50265E+00    0.24694E+02
    25    0.52360E+00    0.26004E+02
    26    0.54454E+00    0.27093E+02
    27    0.56549E+00    0.27459E+02
    28    0.58643E+00    0.28132E+02
    29    0.60737E+00    0.28786E+02
    30    0.62832E+00    0.29249E+02
    31    0.64926E+00    0.29670E+02
    32    0.67021E+00    0.30110E+02
    33    0.69115E+00    0.30796E+02
    34    0.71209E+00    0.30516E+02
    35    0.73304E+00    0.30682E+02
    36    0.75398E+00    0.31129E+02
    37    0.77493E+00    0.31039E+02
    38    0.79587E+00    0.31244E+02
    39    0.81681E+00    0.31363E+02
    40    0.83776E+00    0.31786E+02
    41    0.85870E+00    0.31558E+02
    42    0.87965E+00    0.31458E+02
    43    0.90059E+00    0.31570E+02
    44    0.92153E+00    0.31900E+02
    45    0.94248E+00    0.31976E+02
    46    0.96342E+00    0.31690E+02
    47    0.98437E+00    0.32159E+02
    48    0.10053E+01    0.32146E+02
    49    0.10263E+01    0.32129E+02
    50    0.10472E+01    0.31884E+02
    51    0.10681E+01    0.32216E+02
    52    0.10891E+01    0.32459E+02
    53    0.11100E+01    0.31780E+02
    54    0.11310E+01    0.32267E+02
    55    0.11519E+01    0.32539E+02
    56    0.11729E+01    0.32225E+02
    57    0.11938E+01    0.32285E+02
    58    0.12147E+01    0.32070E+02
    59    0.12357E+01    0.32029E+02
    60    0.12566E+01    0.32348E+02
    61    0.12776E+01    0.32142E+02
    62    0.12985E+01    0.32126E+02
    63    0.13195E+01    0.31678E+02
    64    0.13404E+01    0.31975E+02
    65    0.13614E+01    0.31783E+02
    66    0.13823E+01    0.31528E+02
    67    0.14032E+01    0.31231E+02
    68    0.14242E+01    0.31361E+02
    69    0.14451E+01    0.31403E+02
    70    0.14661E+01    0.30980E+02
    71    0.14870E+01    0.30891E+02
    72    0.15080E+01    0.30731E+02
    73    0.15289E+01    0.30407E+02
    74    0.15499E+01    0.30116E+02
    75    0.15708E+01    0.30202E+02
    76    0.15917E+01    0.29839E+02
    77    0.16127E+01    0.29450E+02
    78    0.16336E+01    0.29294E+02
    79    0.16546E+01    0.29120E+02
    80    0.16755E+01    0.28860E+02
    81    0.16965E+01    0.28327E+02
    82    0.17174E+01    0.27934E+02
    83    0.17383E+01    0.27568E+02
    84    0.17593E+01    0.27193E+02
    85    0.17802E+01    0.27084E+02
    86    0.18012E+01    0.26789E+02
    87    0.18221E+01    0.26609E+02
    88    0.18431E+01    0.26259E+02
    89    0.18640E+01    0.25914E+02
    90    0.18850E+01    0.25694E+02
    91    0.19059E+01    0.24973E+02
    92    0.19268E+01    0.24758E+02
    93    0.19478E+01    0.24630E+02
    94    0.19687E+01    0.24236E+02
    95    0.19897E+01    0.23891E+02
    96    0.20106E+01    0.23819E+02
    97    0.20316E+01    0.23156E+02
    98    0.20525E+01    0.22983E+02
    99    0.20735E+01    0.22533E+02
   100    0.20944E+01    0.22179E+02
   101    0.21153E+01    0.21704E+02
   102    0.21363E+01    0.21698E+02
   103    0.21572E+01    0.21016E+02
   104    0.21782E+01    0.20920E+02
   105    0.21991E+01    0.20432E+02
   106    0.22201E+01    0.20234E+02
   107    0.22410E+01    0.19858E+02
   108    0.22619E+01    0.19705E+02
   109    0.22829E+01    0.19151E+02
   110    0.23038E+01    0.18829E+02
   111    0.23248E+01    0.18232E+02
   112    0.23457E+01    0.18092E+02
   113    0.23667E+01    0.17716E+02
   114    0.23876E+01    0.17336E+02
   115    0.24086E+01    0.16948E+02
   116    0.24295E+01    0.16661E+02
   117    0.24504E+01    0.16372E+02
   118    0.24714E+01    0.15966E+02
   119    0.24923E+01    0.15682E+02
   120    0.25133E+01    0.15373E+02
   121    0.25342E+01    0.14950E+02
   122    0.25552E+01    0.14624E+02
   123    0.25761E+01    0.14434E+02
   124    0.25970E+01    0.14030E+02
   125    0.26180E+01    0.13662E+02
   126    0.26389E+01    0.13413E+02
   127    0.26599E+01    0.13063E+02
   128    0.26808E+01    0.12753E+02
   129    0.27018E+01    0.12483E+02
   130    0.27227E+01    0.12128E+02
   131    0.27437E+01    0.11887E+02
   132    0.27646E+01    0.11650E+02
   133    0.27855E+01    0.11435E+02
   134    0.28065E+01    0.11163E+02
   135    0.28274E+01    0.10903E+02
   136    0.28484E+01    0.10644E+02
   137    0.28693E+01    0.10389E+02
   138    0.28903E+01    0.10228E+02
   139    0.29112E+01    0.99932E+01
   140    0.29322E+01    0.98061E+01
   141    0.29531E+01    0.95788E+01
   142    0.29740E+01    0.94292E+01
   143    0.29950E+01    0.92151E+01
   144    0.30159E+01    0.90071E+01
   145    0.30369E+01    0.88619E+01
   146    0.30578E+01    0.86990E+01
   147    0.30788E+01    0.85685E+01
   148    0.30997E+01    0.84447E+01
   149    0.31206E+01    0.82700E+01
