k[unitless]    k[h/Mpc]    D^2(k)
     1    0.20944E-01    0.12406E+01
     2    0.41888E-01    0.62232E+01
     3    0.62832E-01    0.13736E+02
     4    0.83776E-01    0.17741E+02
     5    0.10472E+00    0.18816E+02
     6    0.12566E+00    0.21758E+02
     7    0.14661E+00    0.24078E+02
     8    0.16755E+00    0.23047E+02
     9    0.18850E+00    0.24141E+02
    10    0.20944E+00    0.26306E+02
    11    0.23038E+00    0.25563E+02
    12    0.25133E+00    0.25515E+02
    13    0.27227E+00    0.26721E+02
    14    0.29322E+00    0.25540E+02
    15    0.31416E+00    0.23784E+02
    16    0.33510E+00    0.25583E+02
    17    0.35605E+00    0.26013E+02
    18    0.37699E+00    0.26116E+02
    19    0.39794E+00    0.26046E+02
    20    0.41888E+00    0.26627E+02
    21    0.43982E+00    0.27359E+02
    22    0.46077E+00    0.26849E+02
    23    0.48171E+00    0.26977E+02
    24    0.50265E+00    0.26779E+02
    25    0.52360E+00    0.26319E+02
    26    0.54454E+00    0.26653E+02
    27    0.56549E+00    0.26453E+02
    28    0.58643E+00    0.26694E+02
    29    0.60737E+00    0.26301E+02
    30    0.62832E+00    0.26343E+02
    31    0.64926E+00    0.26351E+02
    32    0.67021E+00    0.26621E+02
    33    0.69115E+00    0.27194E+02
    34    0.71209E+00    0.26481E+02
    35    0.73304E+00    0.26322E+02
    36    0.75398E+00    0.26604E+02
    37    0.77493E+00    0.26206E+02
    38    0.79587E+00    0.26410E+02
    39    0.81681E+00    0.26520E+02
    40    0.83776E+00    0.26766E+02
    41    0.85870E+00    0.26684E+02
    42    0.87965E+00    0.26453E+02
    43    0.90059E+00    0.26507E+02
    44    0.92153E+00    0.26574E+02
    45    0.94248E+00    0.26129E+02
    46    0.96342E+00    0.25946E+02
    47    0.98437E+00    0.26231E+02
    48    0.10053E+01    0.26316E+02
    49    0.10263E+01    0.25956E+02
    50    0.10472E+01    0.26224E+02
    51    0.10681E+01    0.25877E+02
    52    0.10891E+01    0.26232E+02
    53    0.11100E+01    0.25621E+02
    54    0.11310E+01    0.25557E+02
    55    0.11519E+01    0.25625E+02
    56    0.11729E+01    0.25266E+02
    57    0.11938E+01    0.25412E+02
    58    0.12147E+01    0.25254E+02
    59    0.12357E+01    0.25184E+02
    60    0.12566E+01    0.24918E+02
    61    0.12776E+01    0.24891E+02
    62    0.12985E+01    0.24674E+02
    63    0.13195E+01    0.24450E+02
    64    0.13404E+01    0.24515E+02
    65    0.13614E+01    0.24279E+02
    66    0.13823E+01    0.24121E+02
    67    0.14032E+01    0.23985E+02
    68    0.14242E+01    0.23819E+02
    69    0.14451E+01    0.23484E+02
    70    0.14661E+01    0.23439E+02
    71    0.14870E+01    0.23176E+02
    72    0.15080E+01    0.23058E+02
    73    0.15289E+01    0.23033E+02
    74    0.15499E+01    0.22872E+02
    75    0.15708E+01    0.22522E+02
    76    0.15917E+01    0.22458E+02
    77    0.16127E+01    0.22236E+02
    78    0.16336E+01    0.21911E+02
    79    0.16546E+01    0.22105E+02
    80    0.16755E+01    0.21695E+02
    81    0.16965E+01    0.21537E+02
    82    0.17174E+01    0.21293E+02
    83    0.17383E+01    0.21390E+02
    84    0.17593E+01    0.21148E+02
    85    0.17802E+01    0.20949E+02
    86    0.18012E+01    0.20654E+02
    87    0.18221E+01    0.20580E+02
    88    0.18431E+01    0.20354E+02
    89    0.18640E+01    0.20159E+02
    90    0.18850E+01    0.19988E+02
    91    0.19059E+01    0.19581E+02
    92    0.19268E+01    0.19519E+02
    93    0.19478E+01    0.19437E+02
    94    0.19687E+01    0.19090E+02
    95    0.19897E+01    0.18885E+02
    96    0.20106E+01    0.18708E+02
    97    0.20316E+01    0.18550E+02
    98    0.20525E+01    0.18308E+02
    99    0.20735E+01    0.18070E+02
   100    0.20944E+01    0.17942E+02
   101    0.21153E+01    0.17681E+02
   102    0.21363E+01    0.17404E+02
   103    0.21572E+01    0.17445E+02
   104    0.21782E+01    0.17078E+02
   105    0.21991E+01    0.16926E+02
   106    0.22201E+01    0.16588E+02
   107    0.22410E+01    0.16530E+02
   108    0.22619E+01    0.16402E+02
   109    0.22829E+01    0.16149E+02
   110    0.23038E+01    0.15960E+02
   111    0.23248E+01    0.15834E+02
   112    0.23457E+01    0.15589E+02
   113    0.23667E+01    0.15375E+02
   114    0.23876E+01    0.15274E+02
   115    0.24086E+01    0.15138E+02
   116    0.24295E+01    0.14957E+02
   117    0.24504E+01    0.14735E+02
   118    0.24714E+01    0.14572E+02
   119    0.24923E+01    0.14451E+02
   120    0.25133E+01    0.14243E+02
   121    0.25342E+01    0.14048E+02
   122    0.25552E+01    0.13891E+02
   123    0.25761E+01    0.13732E+02
   124    0.25970E+01    0.13531E+02
   125    0.26180E+01    0.13458E+02
   126    0.26389E+01    0.13383E+02
   127    0.26599E+01    0.13177E+02
   128    0.26808E+01    0.13037E+02
   129    0.27018E+01    0.12934E+02
   130    0.27227E+01    0.12798E+02
   131    0.27437E+01    0.12685E+02
   132    0.27646E+01    0.12509E+02
   133    0.27855E+01    0.12403E+02
   134    0.28065E+01    0.12286E+02
   135    0.28274E+01    0.12145E+02
   136    0.28484E+01    0.12111E+02
   137    0.28693E+01    0.12049E+02
   138    0.28903E+01    0.11945E+02
   139    0.29112E+01    0.11870E+02
   140    0.29322E+01    0.11818E+02
   141    0.29531E+01    0.11736E+02
   142    0.29740E+01    0.11682E+02
   143    0.29950E+01    0.11614E+02
   144    0.30159E+01    0.11623E+02
   145    0.30369E+01    0.11556E+02
   146    0.30578E+01    0.11509E+02
   147    0.30788E+01    0.11493E+02
   148    0.30997E+01    0.11437E+02
   149    0.31206E+01    0.11446E+02
