k[unitless]    k[h/Mpc]    D^2(k)
     1    0.20944E-01    0.64078E-05
     2    0.41888E-01    0.39608E-04
     3    0.62832E-01    0.12243E-03
     4    0.83776E-01    0.30575E-03
     5    0.10472E+00    0.55238E-03
     6    0.12566E+00    0.78980E-03
     7    0.14661E+00    0.11003E-02
     8    0.16755E+00    0.15365E-02
     9    0.18850E+00    0.18529E-02
    10    0.20944E+00    0.20543E-02
    11    0.23038E+00    0.23651E-02
    12    0.25133E+00    0.27419E-02
    13    0.27227E+00    0.29599E-02
    14    0.29322E+00    0.30751E-02
    15    0.31416E+00    0.34879E-02
    16    0.33510E+00    0.39141E-02
    17    0.35605E+00    0.40778E-02
    18    0.37699E+00    0.44355E-02
    19    0.39794E+00    0.49461E-02
    20    0.41888E+00    0.53928E-02
    21    0.43982E+00    0.55347E-02
    22    0.46077E+00    0.59004E-02
    23    0.48171E+00    0.63734E-02
    24    0.50265E+00    0.65996E-02
    25    0.52360E+00    0.66229E-02
    26    0.54454E+00    0.67415E-02
    27    0.56549E+00    0.71041E-02
    28    0.58643E+00    0.71792E-02
    29    0.60737E+00    0.71395E-02
    30    0.62832E+00    0.71659E-02
    31    0.64926E+00    0.73613E-02
    32    0.67021E+00    0.74486E-02
    33    0.69115E+00    0.72767E-02
    34    0.71209E+00    0.71468E-02
    35    0.73304E+00    0.71769E-02
    36    0.75398E+00    0.70356E-02
    37    0.77493E+00    0.68184E-02
    38    0.79587E+00    0.65059E-02
    39    0.81681E+00    0.64304E-02
    40    0.83776E+00    0.62778E-02
    41    0.85870E+00    0.60097E-02
    42    0.87965E+00    0.57764E-02
    43    0.90059E+00    0.56250E-02
    44    0.92153E+00    0.55270E-02
    45    0.94248E+00    0.52866E-02
    46    0.96342E+00    0.51286E-02
    47    0.98437E+00    0.50466E-02
    48    0.10053E+01    0.49578E-02
    49    0.10263E+01    0.48010E-02
    50    0.10472E+01    0.47557E-02
    51    0.10681E+01    0.47699E-02
    52    0.10891E+01    0.47108E-02
    53    0.11100E+01    0.46789E-02
    54    0.11310E+01    0.47941E-02
    55    0.11519E+01    0.48571E-02
    56    0.11729E+01    0.47764E-02
    57    0.11938E+01    0.47753E-02
    58    0.12147E+01    0.48672E-02
    59    0.12357E+01    0.48559E-02
    60    0.12566E+01    0.46485E-02
    61    0.12776E+01    0.45390E-02
    62    0.12985E+01    0.45874E-02
    63    0.13195E+01    0.44441E-02
    64    0.13404E+01    0.42032E-02
    65    0.13614E+01    0.41121E-02
    66    0.13823E+01    0.41265E-02
    67    0.14032E+01    0.40572E-02
    68    0.14242E+01    0.39001E-02
    69    0.14451E+01    0.39162E-02
    70    0.14661E+01    0.39733E-02
    71    0.14870E+01    0.39539E-02
    72    0.15080E+01    0.39234E-02
    73    0.15289E+01    0.39458E-02
    74    0.15499E+01    0.40126E-02
    75    0.15708E+01    0.40223E-02
    76    0.15917E+01    0.40155E-02
    77    0.16127E+01    0.40604E-02
    78    0.16336E+01    0.40962E-02
    79    0.16546E+01    0.41160E-02
    80    0.16755E+01    0.41239E-02
    81    0.16965E+01    0.41331E-02
    82    0.17174E+01    0.41392E-02
    83    0.17383E+01    0.41161E-02
    84    0.17593E+01    0.40718E-02
    85    0.17802E+01    0.40158E-02
    86    0.18012E+01    0.39523E-02
    87    0.18221E+01    0.38868E-02
    88    0.18431E+01    0.38005E-02
    89    0.18640E+01    0.37039E-02
    90    0.18850E+01    0.36544E-02
    91    0.19059E+01    0.35982E-02
    92    0.19268E+01    0.35329E-02
    93    0.19478E+01    0.34894E-02
    94    0.19687E+01    0.34974E-02
    95    0.19897E+01    0.35072E-02
    96    0.20106E+01    0.34769E-02
    97    0.20316E+01    0.34855E-02
    98    0.20525E+01    0.35219E-02
    99    0.20735E+01    0.35263E-02
   100    0.20944E+01    0.34805E-02
   101    0.21153E+01    0.34822E-02
   102    0.21363E+01    0.34820E-02
   103    0.21572E+01    0.34394E-02
   104    0.21782E+01    0.33904E-02
   105    0.21991E+01    0.33583E-02
   106    0.22201E+01    0.33283E-02
   107    0.22410E+01    0.32741E-02
   108    0.22619E+01    0.32294E-02
   109    0.22829E+01    0.31994E-02
   110    0.23038E+01    0.31602E-02
   111    0.23248E+01    0.31210E-02
   112    0.23457E+01    0.30807E-02
   113    0.23667E+01    0.30423E-02
   114    0.23876E+01    0.29986E-02
   115    0.24086E+01    0.29581E-02
   116    0.24295E+01    0.29254E-02
   117    0.24504E+01    0.28847E-02
   118    0.24714E+01    0.28651E-02
   119    0.24923E+01    0.28379E-02
   120    0.25133E+01    0.28162E-02
   121    0.25342E+01    0.28184E-02
   122    0.25552E+01    0.28091E-02
   123    0.25761E+01    0.27953E-02
   124    0.25970E+01    0.27908E-02
   125    0.26180E+01    0.28118E-02
   126    0.26389E+01    0.28047E-02
   127    0.26599E+01    0.28015E-02
   128    0.26808E+01    0.28020E-02
   129    0.27018E+01    0.28083E-02
   130    0.27227E+01    0.28056E-02
   131    0.27437E+01    0.27920E-02
   132    0.27646E+01    0.27895E-02
   133    0.27855E+01    0.27843E-02
   134    0.28065E+01    0.27718E-02
   135    0.28274E+01    0.27574E-02
   136    0.28484E+01    0.27398E-02
   137    0.28693E+01    0.27424E-02
   138    0.28903E+01    0.27378E-02
   139    0.29112E+01    0.27251E-02
   140    0.29322E+01    0.27188E-02
   141    0.29531E+01    0.27350E-02
   142    0.29740E+01    0.27432E-02
   143    0.29950E+01    0.27234E-02
   144    0.30159E+01    0.27193E-02
   145    0.30369E+01    0.27340E-02
   146    0.30578E+01    0.27207E-02
   147    0.30788E+01    0.26947E-02
   148    0.30997E+01    0.26945E-02
   149    0.31206E+01    0.27088E-02
