k[unitless]    k[h/Mpc]    D^2(k)
     1    0.20944E-01    0.76268E-01
     2    0.41888E-01    0.29906E+00
     3    0.62832E-01    0.80699E+00
     4    0.83776E-01    0.17146E+01
     5    0.10472E+00    0.28856E+01
     6    0.12566E+00    0.44252E+01
     7    0.14661E+00    0.61936E+01
     8    0.16755E+00    0.72249E+01
     9    0.18850E+00    0.93461E+01
    10    0.20944E+00    0.11662E+02
    11    0.23038E+00    0.14395E+02
    12    0.25133E+00    0.16387E+02
    13    0.27227E+00    0.18157E+02
    14    0.29322E+00    0.19824E+02
    15    0.31416E+00    0.22777E+02
    16    0.33510E+00    0.24594E+02
    17    0.35605E+00    0.25207E+02
    18    0.37699E+00    0.27907E+02
    19    0.39794E+00    0.30517E+02
    20    0.41888E+00    0.31001E+02
    21    0.43982E+00    0.31720E+02
    22    0.46077E+00    0.33191E+02
    23    0.48171E+00    0.33533E+02
    24    0.50265E+00    0.33191E+02
    25    0.52360E+00    0.33881E+02
    26    0.54454E+00    0.35334E+02
    27    0.56549E+00    0.34585E+02
    28    0.58643E+00    0.34930E+02
    29    0.60737E+00    0.35247E+02
    30    0.62832E+00    0.35285E+02
    31    0.64926E+00    0.35790E+02
    32    0.67021E+00    0.35482E+02
    33    0.69115E+00    0.36001E+02
    34    0.71209E+00    0.35561E+02
    35    0.73304E+00    0.35244E+02
    36    0.75398E+00    0.35381E+02
    37    0.77493E+00    0.35896E+02
    38    0.79587E+00    0.35613E+02
    39    0.81681E+00    0.36000E+02
    40    0.83776E+00    0.36228E+02
    41    0.85870E+00    0.36139E+02
    42    0.87965E+00    0.35960E+02
    43    0.90059E+00    0.36241E+02
    44    0.92153E+00    0.36171E+02
    45    0.94248E+00    0.36555E+02
    46    0.96342E+00    0.36537E+02
    47    0.98437E+00    0.36659E+02
    48    0.10053E+01    0.37037E+02
    49    0.10263E+01    0.37106E+02
    50    0.10472E+01    0.36662E+02
    51    0.10681E+01    0.36507E+02
    52    0.10891E+01    0.37096E+02
    53    0.11100E+01    0.36086E+02
    54    0.11310E+01    0.36745E+02
    55    0.11519E+01    0.36968E+02
    56    0.11729E+01    0.36371E+02
    57    0.11938E+01    0.36464E+02
    58    0.12147E+01    0.36197E+02
    59    0.12357E+01    0.36244E+02
    60    0.12566E+01    0.36266E+02
    61    0.12776E+01    0.35977E+02
    62    0.12985E+01    0.35962E+02
    63    0.13195E+01    0.35589E+02
    64    0.13404E+01    0.35531E+02
    65    0.13614E+01    0.35401E+02
    66    0.13823E+01    0.35048E+02
    67    0.14032E+01    0.34596E+02
    68    0.14242E+01    0.34613E+02
    69    0.14451E+01    0.34464E+02
    70    0.14661E+01    0.34066E+02
    71    0.14870E+01    0.34063E+02
    72    0.15080E+01    0.33632E+02
    73    0.15289E+01    0.33280E+02
    74    0.15499E+01    0.33196E+02
    75    0.15708E+01    0.33285E+02
    76    0.15917E+01    0.32868E+02
    77    0.16127E+01    0.32273E+02
    78    0.16336E+01    0.32198E+02
    79    0.16546E+01    0.32161E+02
    80    0.16755E+01    0.31879E+02
    81    0.16965E+01    0.31369E+02
    82    0.17174E+01    0.30848E+02
    83    0.17383E+01    0.30544E+02
    84    0.17593E+01    0.30177E+02
    85    0.17802E+01    0.29933E+02
    86    0.18012E+01    0.29488E+02
    87    0.18221E+01    0.29377E+02
    88    0.18431E+01    0.28938E+02
    89    0.18640E+01    0.28530E+02
    90    0.18850E+01    0.28396E+02
    91    0.19059E+01    0.27408E+02
    92    0.19268E+01    0.27289E+02
    93    0.19478E+01    0.27011E+02
    94    0.19687E+01    0.26631E+02
    95    0.19897E+01    0.26147E+02
    96    0.20106E+01    0.26218E+02
    97    0.20316E+01    0.25513E+02
    98    0.20525E+01    0.25093E+02
    99    0.20735E+01    0.24664E+02
   100    0.20944E+01    0.24314E+02
   101    0.21153E+01    0.23835E+02
   102    0.21363E+01    0.23659E+02
   103    0.21572E+01    0.22980E+02
   104    0.21782E+01    0.22900E+02
   105    0.21991E+01    0.22480E+02
   106    0.22201E+01    0.22156E+02
   107    0.22410E+01    0.21809E+02
   108    0.22619E+01    0.21562E+02
   109    0.22829E+01    0.21116E+02
   110    0.23038E+01    0.20718E+02
   111    0.23248E+01    0.20103E+02
   112    0.23457E+01    0.19957E+02
   113    0.23667E+01    0.19583E+02
   114    0.23876E+01    0.19266E+02
   115    0.24086E+01    0.18772E+02
   116    0.24295E+01    0.18510E+02
   117    0.24504E+01    0.18219E+02
   118    0.24714E+01    0.17807E+02
   119    0.24923E+01    0.17578E+02
   120    0.25133E+01    0.17255E+02
   121    0.25342E+01    0.16692E+02
   122    0.25552E+01    0.16500E+02
   123    0.25761E+01    0.16277E+02
   124    0.25970E+01    0.15824E+02
   125    0.26180E+01    0.15463E+02
   126    0.26389E+01    0.15246E+02
   127    0.26599E+01    0.14832E+02
   128    0.26808E+01    0.14523E+02
   129    0.27018E+01    0.14287E+02
   130    0.27227E+01    0.13894E+02
   131    0.27437E+01    0.13613E+02
   132    0.27646E+01    0.13339E+02
   133    0.27855E+01    0.13088E+02
   134    0.28065E+01    0.12849E+02
   135    0.28274E+01    0.12541E+02
   136    0.28484E+01    0.12245E+02
   137    0.28693E+01    0.11969E+02
   138    0.28903E+01    0.11781E+02
   139    0.29112E+01    0.11554E+02
   140    0.29322E+01    0.11346E+02
   141    0.29531E+01    0.11089E+02
   142    0.29740E+01    0.10852E+02
   143    0.29950E+01    0.10614E+02
   144    0.30159E+01    0.10436E+02
   145    0.30369E+01    0.10217E+02
   146    0.30578E+01    0.10058E+02
   147    0.30788E+01    0.98809E+01
   148    0.30997E+01    0.97567E+01
   149    0.31206E+01    0.95563E+01
