k[unitless]    k[h/Mpc]    D^2(k)
     1    0.20944E-01    0.70071E-01
     2    0.41888E-01    0.27191E+00
     3    0.62832E-01    0.74812E+00
     4    0.83776E-01    0.16876E+01
     5    0.10472E+00    0.29780E+01
     6    0.12566E+00    0.47852E+01
     7    0.14661E+00    0.67508E+01
     8    0.16755E+00    0.78818E+01
     9    0.18850E+00    0.10337E+02
    10    0.20944E+00    0.13182E+02
    11    0.23038E+00    0.16063E+02
    12    0.25133E+00    0.18176E+02
    13    0.27227E+00    0.20322E+02
    14    0.29322E+00    0.22001E+02
    15    0.31416E+00    0.25447E+02
    16    0.33510E+00    0.27433E+02
    17    0.35605E+00    0.27722E+02
    18    0.37699E+00    0.30669E+02
    19    0.39794E+00    0.33590E+02
    20    0.41888E+00    0.33966E+02
    21    0.43982E+00    0.34428E+02
    22    0.46077E+00    0.35767E+02
    23    0.48171E+00    0.35990E+02
    24    0.50265E+00    0.35328E+02
    25    0.52360E+00    0.35941E+02
    26    0.54454E+00    0.37436E+02
    27    0.56549E+00    0.36631E+02
    28    0.58643E+00    0.36937E+02
    29    0.60737E+00    0.37126E+02
    30    0.62832E+00    0.37155E+02
    31    0.64926E+00    0.37765E+02
    32    0.67021E+00    0.37142E+02
    33    0.69115E+00    0.37782E+02
    34    0.71209E+00    0.37331E+02
    35    0.73304E+00    0.37105E+02
    36    0.75398E+00    0.37175E+02
    37    0.77493E+00    0.37757E+02
    38    0.79587E+00    0.37520E+02
    39    0.81681E+00    0.37759E+02
    40    0.83776E+00    0.37843E+02
    41    0.85870E+00    0.37869E+02
    42    0.87965E+00    0.37787E+02
    43    0.90059E+00    0.37753E+02
    44    0.92153E+00    0.37974E+02
    45    0.94248E+00    0.38128E+02
    46    0.96342E+00    0.38183E+02
    47    0.98437E+00    0.38239E+02
    48    0.10053E+01    0.38665E+02
    49    0.10263E+01    0.38968E+02
    50    0.10472E+01    0.38237E+02
    51    0.10681E+01    0.38018E+02
    52    0.10891E+01    0.38586E+02
    53    0.11100E+01    0.37619E+02
    54    0.11310E+01    0.38369E+02
    55    0.11519E+01    0.38356E+02
    56    0.11729E+01    0.37856E+02
    57    0.11938E+01    0.37805E+02
    58    0.12147E+01    0.37580E+02
    59    0.12357E+01    0.37506E+02
    60    0.12566E+01    0.37715E+02
    61    0.12776E+01    0.37265E+02
    62    0.12985E+01    0.37240E+02
    63    0.13195E+01    0.36989E+02
    64    0.13404E+01    0.36903E+02
    65    0.13614E+01    0.36624E+02
    66    0.13823E+01    0.36246E+02
    67    0.14032E+01    0.36029E+02
    68    0.14242E+01    0.35878E+02
    69    0.14451E+01    0.35813E+02
    70    0.14661E+01    0.35338E+02
    71    0.14870E+01    0.35299E+02
    72    0.15080E+01    0.35010E+02
    73    0.15289E+01    0.34448E+02
    74    0.15499E+01    0.34357E+02
    75    0.15708E+01    0.34560E+02
    76    0.15917E+01    0.34027E+02
    77    0.16127E+01    0.33478E+02
    78    0.16336E+01    0.33401E+02
    79    0.16546E+01    0.33228E+02
    80    0.16755E+01    0.33004E+02
    81    0.16965E+01    0.32367E+02
    82    0.17174E+01    0.31917E+02
    83    0.17383E+01    0.31447E+02
    84    0.17593E+01    0.30960E+02
    85    0.17802E+01    0.30750E+02
    86    0.18012E+01    0.30290E+02
    87    0.18221E+01    0.30190E+02
    88    0.18431E+01    0.29765E+02
    89    0.18640E+01    0.29366E+02
    90    0.18850E+01    0.29176E+02
    91    0.19059E+01    0.28204E+02
    92    0.19268E+01    0.28120E+02
    93    0.19478E+01    0.27774E+02
    94    0.19687E+01    0.27386E+02
    95    0.19897E+01    0.26951E+02
    96    0.20106E+01    0.26974E+02
    97    0.20316E+01    0.26240E+02
    98    0.20525E+01    0.25859E+02
    99    0.20735E+01    0.25434E+02
   100    0.20944E+01    0.25114E+02
   101    0.21153E+01    0.24590E+02
   102    0.21363E+01    0.24490E+02
   103    0.21572E+01    0.23827E+02
   104    0.21782E+01    0.23631E+02
   105    0.21991E+01    0.23231E+02
   106    0.22201E+01    0.22966E+02
   107    0.22410E+01    0.22606E+02
   108    0.22619E+01    0.22277E+02
   109    0.22829E+01    0.21915E+02
   110    0.23038E+01    0.21462E+02
   111    0.23248E+01    0.20806E+02
   112    0.23457E+01    0.20684E+02
   113    0.23667E+01    0.20262E+02
   114    0.23876E+01    0.19930E+02
   115    0.24086E+01    0.19415E+02
   116    0.24295E+01    0.19152E+02
   117    0.24504E+01    0.18817E+02
   118    0.24714E+01    0.18410E+02
   119    0.24923E+01    0.18105E+02
   120    0.25133E+01    0.17849E+02
   121    0.25342E+01    0.17276E+02
   122    0.25552E+01    0.17034E+02
   123    0.25761E+01    0.16814E+02
   124    0.25970E+01    0.16400E+02
   125    0.26180E+01    0.15985E+02
   126    0.26389E+01    0.15748E+02
   127    0.26599E+01    0.15384E+02
   128    0.26808E+01    0.15021E+02
   129    0.27018E+01    0.14784E+02
   130    0.27227E+01    0.14378E+02
   131    0.27437E+01    0.14132E+02
   132    0.27646E+01    0.13837E+02
   133    0.27855E+01    0.13582E+02
   134    0.28065E+01    0.13367E+02
   135    0.28274E+01    0.13045E+02
   136    0.28484E+01    0.12757E+02
   137    0.28693E+01    0.12509E+02
   138    0.28903E+01    0.12316E+02
   139    0.29112E+01    0.12050E+02
   140    0.29322E+01    0.11845E+02
   141    0.29531E+01    0.11578E+02
   142    0.29740E+01    0.11350E+02
   143    0.29950E+01    0.11148E+02
   144    0.30159E+01    0.10972E+02
   145    0.30369E+01    0.10729E+02
   146    0.30578E+01    0.10593E+02
   147    0.30788E+01    0.10441E+02
   148    0.30997E+01    0.10295E+02
   149    0.31206E+01    0.10113E+02
