k[unitless]    k[h/Mpc]    D^2(k)
     1    0.20944E-01    0.98337E-01
     2    0.41888E-01    0.46339E+00
     3    0.62832E-01    0.11990E+01
     4    0.83776E-01    0.21453E+01
     5    0.10472E+00    0.28744E+01
     6    0.12566E+00    0.40018E+01
     7    0.14661E+00    0.49989E+01
     8    0.16755E+00    0.57716E+01
     9    0.18850E+00    0.71337E+01
    10    0.20944E+00    0.79368E+01
    11    0.23038E+00    0.91890E+01
    12    0.25133E+00    0.10435E+02
    13    0.27227E+00    0.11126E+02
    14    0.29322E+00    0.12126E+02
    15    0.31416E+00    0.13270E+02
    16    0.33510E+00    0.14172E+02
    17    0.35605E+00    0.15089E+02
    18    0.37699E+00    0.16239E+02
    19    0.39794E+00    0.17602E+02
    20    0.41888E+00    0.18417E+02
    21    0.43982E+00    0.19203E+02
    22    0.46077E+00    0.20205E+02
    23    0.48171E+00    0.20942E+02
    24    0.50265E+00    0.21438E+02
    25    0.52360E+00    0.22602E+02
    26    0.54454E+00    0.23595E+02
    27    0.56549E+00    0.24271E+02
    28    0.58643E+00    0.24861E+02
    29    0.60737E+00    0.25675E+02
    30    0.62832E+00    0.26172E+02
    31    0.64926E+00    0.26894E+02
    32    0.67021E+00    0.27401E+02
    33    0.69115E+00    0.28270E+02
    34    0.71209E+00    0.28271E+02
    35    0.73304E+00    0.28579E+02
    36    0.75398E+00    0.29350E+02
    37    0.77493E+00    0.29296E+02
    38    0.79587E+00    0.29864E+02
    39    0.81681E+00    0.30095E+02
    40    0.83776E+00    0.30602E+02
    41    0.85870E+00    0.30301E+02
    42    0.87965E+00    0.30732E+02
    43    0.90059E+00    0.30846E+02
    44    0.92153E+00    0.31175E+02
    45    0.94248E+00    0.31038E+02
    46    0.96342E+00    0.30903E+02
    47    0.98437E+00    0.31621E+02
    48    0.10053E+01    0.31488E+02
    49    0.10263E+01    0.31217E+02
    50    0.10472E+01    0.31036E+02
    51    0.10681E+01    0.31212E+02
    52    0.10891E+01    0.31514E+02
    53    0.11100E+01    0.31036E+02
    54    0.11310E+01    0.31178E+02
    55    0.11519E+01    0.31335E+02
    56    0.11729E+01    0.31179E+02
    57    0.11938E+01    0.31018E+02
    58    0.12147E+01    0.30955E+02
    59    0.12357E+01    0.30757E+02
    60    0.12566E+01    0.30931E+02
    61    0.12776E+01    0.30766E+02
    62    0.12985E+01    0.30728E+02
    63    0.13195E+01    0.30400E+02
    64    0.13404E+01    0.30476E+02
    65    0.13614E+01    0.30350E+02
    66    0.13823E+01    0.30114E+02
    67    0.14032E+01    0.29834E+02
    68    0.14242E+01    0.29935E+02
    69    0.14451E+01    0.29947E+02
    70    0.14661E+01    0.29616E+02
    71    0.14870E+01    0.29505E+02
    72    0.15080E+01    0.29451E+02
    73    0.15289E+01    0.29147E+02
    74    0.15499E+01    0.28935E+02
    75    0.15708E+01    0.29014E+02
    76    0.15917E+01    0.28720E+02
    77    0.16127E+01    0.28379E+02
    78    0.16336E+01    0.28293E+02
    79    0.16546E+01    0.28201E+02
    80    0.16755E+01    0.27938E+02
    81    0.16965E+01    0.27531E+02
    82    0.17174E+01    0.27222E+02
    83    0.17383E+01    0.26892E+02
    84    0.17593E+01    0.26457E+02
    85    0.17802E+01    0.26427E+02
    86    0.18012E+01    0.26117E+02
    87    0.18221E+01    0.26021E+02
    88    0.18431E+01    0.25670E+02
    89    0.18640E+01    0.25348E+02
    90    0.18850E+01    0.25085E+02
    91    0.19059E+01    0.24405E+02
    92    0.19268E+01    0.24222E+02
    93    0.19478E+01    0.24004E+02
    94    0.19687E+01    0.23679E+02
    95    0.19897E+01    0.23310E+02
    96    0.20106E+01    0.23262E+02
    97    0.20316E+01    0.22533E+02
    98    0.20525E+01    0.22341E+02
    99    0.20735E+01    0.21907E+02
   100    0.20944E+01    0.21564E+02
   101    0.21153E+01    0.21046E+02
   102    0.21363E+01    0.21029E+02
   103    0.21572E+01    0.20344E+02
   104    0.21782E+01    0.20172E+02
   105    0.21991E+01    0.19731E+02
   106    0.22201E+01    0.19467E+02
   107    0.22410E+01    0.19079E+02
   108    0.22619E+01    0.18868E+02
   109    0.22829E+01    0.18406E+02
   110    0.23038E+01    0.18063E+02
   111    0.23248E+01    0.17459E+02
   112    0.23457E+01    0.17313E+02
   113    0.23667E+01    0.16905E+02
   114    0.23876E+01    0.16571E+02
   115    0.24086E+01    0.16155E+02
   116    0.24295E+01    0.15935E+02
   117    0.24504E+01    0.15652E+02
   118    0.24714E+01    0.15263E+02
   119    0.24923E+01    0.14999E+02
   120    0.25133E+01    0.14730E+02
   121    0.25342E+01    0.14294E+02
   122    0.25552E+01    0.14028E+02
   123    0.25761E+01    0.13830E+02
   124    0.25970E+01    0.13455E+02
   125    0.26180E+01    0.13117E+02
   126    0.26389E+01    0.12906E+02
   127    0.26599E+01    0.12566E+02
   128    0.26808E+01    0.12282E+02
   129    0.27018E+01    0.12052E+02
   130    0.27227E+01    0.11731E+02
   131    0.27437E+01    0.11466E+02
   132    0.27646E+01    0.11237E+02
   133    0.27855E+01    0.11062E+02
   134    0.28065E+01    0.10780E+02
   135    0.28274E+01    0.10544E+02
   136    0.28484E+01    0.10272E+02
   137    0.28693E+01    0.10059E+02
   138    0.28903E+01    0.99147E+01
   139    0.29112E+01    0.96570E+01
   140    0.29322E+01    0.94918E+01
   141    0.29531E+01    0.92586E+01
   142    0.29740E+01    0.90816E+01
   143    0.29950E+01    0.88516E+01
   144    0.30159E+01    0.86757E+01
   145    0.30369E+01    0.84830E+01
   146    0.30578E+01    0.83117E+01
   147    0.30788E+01    0.81570E+01
   148    0.30997E+01    0.80596E+01
   149    0.31206E+01    0.78652E+01
