k[unitless]    k[h/Mpc]    D^2(k)
     1    0.20944E-01    0.24448E-07
     2    0.41888E-01    0.18628E-06
     3    0.62832E-01    0.61043E-06
     4    0.83776E-01    0.14218E-05
     5    0.10472E+00    0.26574E-05
     6    0.12566E+00    0.43029E-05
     7    0.14661E+00    0.64325E-05
     8    0.16755E+00    0.90733E-05
     9    0.18850E+00    0.11955E-04
    10    0.20944E+00    0.15012E-04
    11    0.23038E+00    0.18439E-04
    12    0.25133E+00    0.22177E-04
    13    0.27227E+00    0.25861E-04
    14    0.29322E+00    0.29495E-04
    15    0.31416E+00    0.33677E-04
    16    0.33510E+00    0.38104E-04
    17    0.35605E+00    0.42364E-04
    18    0.37699E+00    0.46988E-04
    19    0.39794E+00    0.52446E-04
    20    0.41888E+00    0.58656E-04
    21    0.43982E+00    0.64565E-04
    22    0.46077E+00    0.71664E-04
    23    0.48171E+00    0.80009E-04
    24    0.50265E+00    0.88698E-04
    25    0.52360E+00    0.98425E-04
    26    0.54454E+00    0.10794E-03
    27    0.56549E+00    0.12065E-03
    28    0.58643E+00    0.13258E-03
    29    0.60737E+00    0.14549E-03
    30    0.62832E+00    0.15962E-03
    31    0.64926E+00    0.17461E-03
    32    0.67021E+00    0.19067E-03
    33    0.69115E+00    0.20470E-03
    34    0.71209E+00    0.22133E-03
    35    0.73304E+00    0.23730E-03
    36    0.75398E+00    0.25189E-03
    37    0.77493E+00    0.26619E-03
    38    0.79587E+00    0.27864E-03
    39    0.81681E+00    0.29202E-03
    40    0.83776E+00    0.30152E-03
    41    0.85870E+00    0.31038E-03
    42    0.87965E+00    0.31810E-03
    43    0.90059E+00    0.32341E-03
    44    0.92153E+00    0.32808E-03
    45    0.94248E+00    0.32977E-03
    46    0.96342E+00    0.33336E-03
    47    0.98437E+00    0.33567E-03
    48    0.10053E+01    0.33610E-03
    49    0.10263E+01    0.33832E-03
    50    0.10472E+01    0.34132E-03
    51    0.10681E+01    0.34427E-03
    52    0.10891E+01    0.34731E-03
    53    0.11100E+01    0.35245E-03
    54    0.11310E+01    0.35937E-03
    55    0.11519E+01    0.36718E-03
    56    0.11729E+01    0.37309E-03
    57    0.11938E+01    0.38127E-03
    58    0.12147E+01    0.39039E-03
    59    0.12357E+01    0.39978E-03
    60    0.12566E+01    0.40487E-03
    61    0.12776E+01    0.41058E-03
    62    0.12985E+01    0.41969E-03
    63    0.13195E+01    0.42302E-03
    64    0.13404E+01    0.42367E-03
    65    0.13614E+01    0.42539E-03
    66    0.13823E+01    0.42661E-03
    67    0.14032E+01    0.42508E-03
    68    0.14242E+01    0.42039E-03
    69    0.14451E+01    0.41897E-03
    70    0.14661E+01    0.41585E-03
    71    0.14870E+01    0.41170E-03
    72    0.15080E+01    0.40680E-03
    73    0.15289E+01    0.40334E-03
    74    0.15499E+01    0.40177E-03
    75    0.15708E+01    0.39742E-03
    76    0.15917E+01    0.39450E-03
    77    0.16127E+01    0.39338E-03
    78    0.16336E+01    0.39305E-03
    79    0.16546E+01    0.38954E-03
    80    0.16755E+01    0.38909E-03
    81    0.16965E+01    0.38895E-03
    82    0.17174E+01    0.38876E-03
    83    0.17383E+01    0.38545E-03
    84    0.17593E+01    0.38459E-03
    85    0.17802E+01    0.38565E-03
    86    0.18012E+01    0.38423E-03
    87    0.18221E+01    0.38076E-03
    88    0.18431E+01    0.38016E-03
    89    0.18640E+01    0.38140E-03
    90    0.18850E+01    0.37895E-03
    91    0.19059E+01    0.37651E-03
    92    0.19268E+01    0.37619E-03
    93    0.19478E+01    0.37665E-03
    94    0.19687E+01    0.37401E-03
    95    0.19897E+01    0.37292E-03
    96    0.20106E+01    0.37076E-03
    97    0.20316E+01    0.37018E-03
    98    0.20525E+01    0.36787E-03
    99    0.20735E+01    0.36564E-03
   100    0.20944E+01    0.36350E-03
   101    0.21153E+01    0.36053E-03
   102    0.21363E+01    0.35886E-03
   103    0.21572E+01    0.35650E-03
   104    0.21782E+01    0.35530E-03
   105    0.21991E+01    0.35338E-03
   106    0.22201E+01    0.35265E-03
   107    0.22410E+01    0.35352E-03
   108    0.22619E+01    0.35324E-03
   109    0.22829E+01    0.35483E-03
   110    0.23038E+01    0.35678E-03
   111    0.23248E+01    0.35922E-03
   112    0.23457E+01    0.36129E-03
   113    0.23667E+01    0.36321E-03
   114    0.23876E+01    0.36546E-03
   115    0.24086E+01    0.36712E-03
   116    0.24295E+01    0.36762E-03
   117    0.24504E+01    0.36734E-03
   118    0.24714E+01    0.36628E-03
   119    0.24923E+01    0.36497E-03
   120    0.25133E+01    0.36159E-03
   121    0.25342E+01    0.36110E-03
   122    0.25552E+01    0.35734E-03
   123    0.25761E+01    0.35585E-03
   124    0.25970E+01    0.35399E-03
   125    0.26180E+01    0.35414E-03
   126    0.26389E+01    0.35533E-03
   127    0.26599E+01    0.35566E-03
   128    0.26808E+01    0.35877E-03
   129    0.27018E+01    0.36333E-03
   130    0.27227E+01    0.36761E-03
   131    0.27437E+01    0.37079E-03
   132    0.27646E+01    0.37417E-03
   133    0.27855E+01    0.37930E-03
   134    0.28065E+01    0.38246E-03
   135    0.28274E+01    0.38228E-03
   136    0.28484E+01    0.38388E-03
   137    0.28693E+01    0.38544E-03
   138    0.28903E+01    0.38388E-03
   139    0.29112E+01    0.38227E-03
   140    0.29322E+01    0.38099E-03
   141    0.29531E+01    0.38195E-03
   142    0.29740E+01    0.38098E-03
   143    0.29950E+01    0.38006E-03
   144    0.30159E+01    0.38377E-03
   145    0.30369E+01    0.38613E-03
   146    0.30578E+01    0.38862E-03
   147    0.30788E+01    0.39286E-03
   148    0.30997E+01    0.39915E-03
   149    0.31206E+01    0.40461E-03
