k[unitless]    k[h/Mpc]    D^2(k)
     1    0.20944E-01    0.10976E-01
     2    0.41888E-01    0.30078E-01
     3    0.62832E-01    0.52026E-01
     4    0.83776E-01    0.10923E+00
     5    0.10472E+00    0.17716E+00
     6    0.12566E+00    0.17504E+00
     7    0.14661E+00    0.20560E+00
     8    0.16755E+00    0.21842E+00
     9    0.18850E+00    0.21846E+00
    10    0.20944E+00    0.22411E+00
    11    0.23038E+00    0.23186E+00
    12    0.25133E+00    0.26969E+00
    13    0.27227E+00    0.29181E+00
    14    0.29322E+00    0.27386E+00
    15    0.31416E+00    0.27024E+00
    16    0.33510E+00    0.26409E+00
    17    0.35605E+00    0.29813E+00
    18    0.37699E+00    0.29897E+00
    19    0.39794E+00    0.30842E+00
    20    0.41888E+00    0.29602E+00
    21    0.43982E+00    0.30186E+00
    22    0.46077E+00    0.29953E+00
    23    0.48171E+00    0.29508E+00
    24    0.50265E+00    0.28408E+00
    25    0.52360E+00    0.29255E+00
    26    0.54454E+00    0.27827E+00
    27    0.56549E+00    0.27969E+00
    28    0.58643E+00    0.28132E+00
    29    0.60737E+00    0.30145E+00
    30    0.62832E+00    0.29971E+00
    31    0.64926E+00    0.28776E+00
    32    0.67021E+00    0.28405E+00
    33    0.69115E+00    0.28869E+00
    34    0.71209E+00    0.28682E+00
    35    0.73304E+00    0.29097E+00
    36    0.75398E+00    0.30293E+00
    37    0.77493E+00    0.30783E+00
    38    0.79587E+00    0.30189E+00
    39    0.81681E+00    0.29774E+00
    40    0.83776E+00    0.29772E+00
    41    0.85870E+00    0.30130E+00
    42    0.87965E+00    0.30769E+00
    43    0.90059E+00    0.30994E+00
    44    0.92153E+00    0.31336E+00
    45    0.94248E+00    0.30875E+00
    46    0.96342E+00    0.30756E+00
    47    0.98437E+00    0.30171E+00
    48    0.10053E+01    0.29303E+00
    49    0.10263E+01    0.29090E+00
    50    0.10472E+01    0.28125E+00
    51    0.10681E+01    0.28076E+00
    52    0.10891E+01    0.28058E+00
    53    0.11100E+01    0.27879E+00
    54    0.11310E+01    0.28214E+00
    55    0.11519E+01    0.28817E+00
    56    0.11729E+01    0.28149E+00
    57    0.11938E+01    0.28211E+00
    58    0.12147E+01    0.28446E+00
    59    0.12357E+01    0.27871E+00
    60    0.12566E+01    0.27861E+00
    61    0.12776E+01    0.27371E+00
    62    0.12985E+01    0.27167E+00
    63    0.13195E+01    0.27246E+00
    64    0.13404E+01    0.27573E+00
    65    0.13614E+01    0.26835E+00
    66    0.13823E+01    0.27091E+00
    67    0.14032E+01    0.27242E+00
    68    0.14242E+01    0.26563E+00
    69    0.14451E+01    0.26793E+00
    70    0.14661E+01    0.26565E+00
    71    0.14870E+01    0.26557E+00
    72    0.15080E+01    0.26264E+00
    73    0.15289E+01    0.26517E+00
    74    0.15499E+01    0.26221E+00
    75    0.15708E+01    0.25710E+00
    76    0.15917E+01    0.25503E+00
    77    0.16127E+01    0.24932E+00
    78    0.16336E+01    0.24656E+00
    79    0.16546E+01    0.24761E+00
    80    0.16755E+01    0.24564E+00
    81    0.16965E+01    0.23994E+00
    82    0.17174E+01    0.23862E+00
    83    0.17383E+01    0.23766E+00
    84    0.17593E+01    0.23470E+00
    85    0.17802E+01    0.23129E+00
    86    0.18012E+01    0.22889E+00
    87    0.18221E+01    0.22433E+00
    88    0.18431E+01    0.22335E+00
    89    0.18640E+01    0.22213E+00
    90    0.18850E+01    0.22166E+00
    91    0.19059E+01    0.21880E+00
    92    0.19268E+01    0.21718E+00
    93    0.19478E+01    0.21786E+00
    94    0.19687E+01    0.21747E+00
    95    0.19897E+01    0.21679E+00
    96    0.20106E+01    0.21134E+00
    97    0.20316E+01    0.20951E+00
    98    0.20525E+01    0.20678E+00
    99    0.20735E+01    0.20707E+00
   100    0.20944E+01    0.20881E+00
   101    0.21153E+01    0.20570E+00
   102    0.21363E+01    0.20143E+00
   103    0.21572E+01    0.20134E+00
   104    0.21782E+01    0.19802E+00
   105    0.21991E+01    0.19569E+00
   106    0.22201E+01    0.19512E+00
   107    0.22410E+01    0.19436E+00
   108    0.22619E+01    0.19199E+00
   109    0.22829E+01    0.18953E+00
   110    0.23038E+01    0.19142E+00
   111    0.23248E+01    0.18854E+00
   112    0.23457E+01    0.18665E+00
   113    0.23667E+01    0.18562E+00
   114    0.23876E+01    0.18316E+00
   115    0.24086E+01    0.18136E+00
   116    0.24295E+01    0.18144E+00
   117    0.24504E+01    0.17966E+00
   118    0.24714E+01    0.17774E+00
   119    0.24923E+01    0.17772E+00
   120    0.25133E+01    0.17781E+00
   121    0.25342E+01    0.17761E+00
   122    0.25552E+01    0.17593E+00
   123    0.25761E+01    0.17315E+00
   124    0.25970E+01    0.17084E+00
   125    0.26180E+01    0.16920E+00
   126    0.26389E+01    0.16848E+00
   127    0.26599E+01    0.16614E+00
   128    0.26808E+01    0.16475E+00
   129    0.27018E+01    0.16483E+00
   130    0.27227E+01    0.16319E+00
   131    0.27437E+01    0.16294E+00
   132    0.27646E+01    0.16279E+00
   133    0.27855E+01    0.16144E+00
   134    0.28065E+01    0.16152E+00
   135    0.28274E+01    0.16176E+00
   136    0.28484E+01    0.16230E+00
   137    0.28693E+01    0.16042E+00
   138    0.28903E+01    0.15946E+00
   139    0.29112E+01    0.16018E+00
   140    0.29322E+01    0.15926E+00
   141    0.29531E+01    0.15980E+00
   142    0.29740E+01    0.15866E+00
   143    0.29950E+01    0.15829E+00
   144    0.30159E+01    0.15905E+00
   145    0.30369E+01    0.15966E+00
   146    0.30578E+01    0.15898E+00
   147    0.30788E+01    0.15885E+00
   148    0.30997E+01    0.15892E+00
   149    0.31206E+01    0.15878E+00
