k[unitless]    k[h/Mpc]    D^2(k)
     1    0.20944E-01    0.31589E-02
     2    0.41888E-01    0.96781E-02
     3    0.62832E-01    0.19203E-01
     4    0.83776E-01    0.44082E-01
     5    0.10472E+00    0.74227E-01
     6    0.12566E+00    0.76361E-01
     7    0.14661E+00    0.90326E-01
     8    0.16755E+00    0.10341E+00
     9    0.18850E+00    0.97070E-01
    10    0.20944E+00    0.94017E-01
    11    0.23038E+00    0.96347E-01
    12    0.25133E+00    0.10478E+00
    13    0.27227E+00    0.11848E+00
    14    0.29322E+00    0.11410E+00
    15    0.31416E+00    0.11622E+00
    16    0.33510E+00    0.10955E+00
    17    0.35605E+00    0.12028E+00
    18    0.37699E+00    0.12332E+00
    19    0.39794E+00    0.12650E+00
    20    0.41888E+00    0.12310E+00
    21    0.43982E+00    0.12552E+00
    22    0.46077E+00    0.12983E+00
    23    0.48171E+00    0.13059E+00
    24    0.50265E+00    0.12864E+00
    25    0.52360E+00    0.13162E+00
    26    0.54454E+00    0.12679E+00
    27    0.56549E+00    0.12075E+00
    28    0.58643E+00    0.11717E+00
    29    0.60737E+00    0.12386E+00
    30    0.62832E+00    0.12536E+00
    31    0.64926E+00    0.12214E+00
    32    0.67021E+00    0.12057E+00
    33    0.69115E+00    0.12163E+00
    34    0.71209E+00    0.12174E+00
    35    0.73304E+00    0.12255E+00
    36    0.75398E+00    0.12700E+00
    37    0.77493E+00    0.13530E+00
    38    0.79587E+00    0.13380E+00
    39    0.81681E+00    0.12834E+00
    40    0.83776E+00    0.12701E+00
    41    0.85870E+00    0.12900E+00
    42    0.87965E+00    0.13173E+00
    43    0.90059E+00    0.13311E+00
    44    0.92153E+00    0.13647E+00
    45    0.94248E+00    0.13538E+00
    46    0.96342E+00    0.13235E+00
    47    0.98437E+00    0.13164E+00
    48    0.10053E+01    0.13059E+00
    49    0.10263E+01    0.12911E+00
    50    0.10472E+01    0.12351E+00
    51    0.10681E+01    0.12190E+00
    52    0.10891E+01    0.12305E+00
    53    0.11100E+01    0.12360E+00
    54    0.11310E+01    0.12635E+00
    55    0.11519E+01    0.12818E+00
    56    0.11729E+01    0.12489E+00
    57    0.11938E+01    0.12756E+00
    58    0.12147E+01    0.12919E+00
    59    0.12357E+01    0.12743E+00
    60    0.12566E+01    0.12575E+00
    61    0.12776E+01    0.12444E+00
    62    0.12985E+01    0.12217E+00
    63    0.13195E+01    0.12150E+00
    64    0.13404E+01    0.12111E+00
    65    0.13614E+01    0.11927E+00
    66    0.13823E+01    0.11866E+00
    67    0.14032E+01    0.11784E+00
    68    0.14242E+01    0.11595E+00
    69    0.14451E+01    0.11629E+00
    70    0.14661E+01    0.11719E+00
    71    0.14870E+01    0.11768E+00
    72    0.15080E+01    0.11938E+00
    73    0.15289E+01    0.11896E+00
    74    0.15499E+01    0.11691E+00
    75    0.15708E+01    0.11606E+00
    76    0.15917E+01    0.11718E+00
    77    0.16127E+01    0.11607E+00
    78    0.16336E+01    0.11249E+00
    79    0.16546E+01    0.11232E+00
    80    0.16755E+01    0.11229E+00
    81    0.16965E+01    0.11206E+00
    82    0.17174E+01    0.11171E+00
    83    0.17383E+01    0.11128E+00
    84    0.17593E+01    0.10916E+00
    85    0.17802E+01    0.10975E+00
    86    0.18012E+01    0.11036E+00
    87    0.18221E+01    0.10630E+00
    88    0.18431E+01    0.10319E+00
    89    0.18640E+01    0.10221E+00
    90    0.18850E+01    0.10312E+00
    91    0.19059E+01    0.10374E+00
    92    0.19268E+01    0.10324E+00
    93    0.19478E+01    0.10264E+00
    94    0.19687E+01    0.10170E+00
    95    0.19897E+01    0.10137E+00
    96    0.20106E+01    0.10050E+00
    97    0.20316E+01    0.99138E-01
    98    0.20525E+01    0.98545E-01
    99    0.20735E+01    0.99070E-01
   100    0.20944E+01    0.98088E-01
   101    0.21153E+01    0.97180E-01
   102    0.21363E+01    0.95419E-01
   103    0.21572E+01    0.93647E-01
   104    0.21782E+01    0.91319E-01
   105    0.21991E+01    0.91250E-01
   106    0.22201E+01    0.90196E-01
   107    0.22410E+01    0.88613E-01
   108    0.22619E+01    0.87367E-01
   109    0.22829E+01    0.87330E-01
   110    0.23038E+01    0.87232E-01
   111    0.23248E+01    0.87613E-01
   112    0.23457E+01    0.86722E-01
   113    0.23667E+01    0.85217E-01
   114    0.23876E+01    0.83646E-01
   115    0.24086E+01    0.83471E-01
   116    0.24295E+01    0.82510E-01
   117    0.24504E+01    0.82247E-01
   118    0.24714E+01    0.82268E-01
   119    0.24923E+01    0.81288E-01
   120    0.25133E+01    0.80545E-01
   121    0.25342E+01    0.80316E-01
   122    0.25552E+01    0.80061E-01
   123    0.25761E+01    0.79138E-01
   124    0.25970E+01    0.78538E-01
   125    0.26180E+01    0.78012E-01
   126    0.26389E+01    0.76969E-01
   127    0.26599E+01    0.76258E-01
   128    0.26808E+01    0.75453E-01
   129    0.27018E+01    0.75956E-01
   130    0.27227E+01    0.75348E-01
   131    0.27437E+01    0.74596E-01
   132    0.27646E+01    0.74419E-01
   133    0.27855E+01    0.73507E-01
   134    0.28065E+01    0.73175E-01
   135    0.28274E+01    0.72386E-01
   136    0.28484E+01    0.72599E-01
   137    0.28693E+01    0.72273E-01
   138    0.28903E+01    0.72023E-01
   139    0.29112E+01    0.71744E-01
   140    0.29322E+01    0.71795E-01
   141    0.29531E+01    0.72121E-01
   142    0.29740E+01    0.72085E-01
   143    0.29950E+01    0.72076E-01
   144    0.30159E+01    0.72336E-01
   145    0.30369E+01    0.72595E-01
   146    0.30578E+01    0.72590E-01
   147    0.30788E+01    0.72480E-01
   148    0.30997E+01    0.72608E-01
   149    0.31206E+01    0.72756E-01
