k[unitless]    k[h/Mpc]    D^2(k)
     1    0.20944E-01    0.94411E+00
     2    0.41888E-01    0.55323E+01
     3    0.62832E-01    0.13452E+02
     4    0.83776E-01    0.20564E+02
     5    0.10472E+00    0.22522E+02
     6    0.12566E+00    0.27671E+02
     7    0.14661E+00    0.32979E+02
     8    0.16755E+00    0.32151E+02
     9    0.18850E+00    0.34564E+02
    10    0.20944E+00    0.37818E+02
    11    0.23038E+00    0.36507E+02
    12    0.25133E+00    0.36671E+02
    13    0.27227E+00    0.39440E+02
    14    0.29322E+00    0.37892E+02
    15    0.31416E+00    0.37794E+02
    16    0.33510E+00    0.40439E+02
    17    0.35605E+00    0.39222E+02
    18    0.37699E+00    0.40554E+02
    19    0.39794E+00    0.40924E+02
    20    0.41888E+00    0.41688E+02
    21    0.43982E+00    0.42169E+02
    22    0.46077E+00    0.40348E+02
    23    0.48171E+00    0.41378E+02
    24    0.50265E+00    0.42202E+02
    25    0.52360E+00    0.40805E+02
    26    0.54454E+00    0.41268E+02
    27    0.56549E+00    0.42193E+02
    28    0.58643E+00    0.41765E+02
    29    0.60737E+00    0.42492E+02
    30    0.62832E+00    0.41773E+02
    31    0.64926E+00    0.41278E+02
    32    0.67021E+00    0.42635E+02
    33    0.69115E+00    0.41686E+02
    34    0.71209E+00    0.41633E+02
    35    0.73304E+00    0.41580E+02
    36    0.75398E+00    0.41919E+02
    37    0.77493E+00    0.41447E+02
    38    0.79587E+00    0.41837E+02
    39    0.81681E+00    0.42162E+02
    40    0.83776E+00    0.42145E+02
    41    0.85870E+00    0.41900E+02
    42    0.87965E+00    0.41331E+02
    43    0.90059E+00    0.41734E+02
    44    0.92153E+00    0.41766E+02
    45    0.94248E+00    0.41307E+02
    46    0.96342E+00    0.42068E+02
    47    0.98437E+00    0.41690E+02
    48    0.10053E+01    0.41562E+02
    49    0.10263E+01    0.41157E+02
    50    0.10472E+01    0.40709E+02
    51    0.10681E+01    0.40606E+02
    52    0.10891E+01    0.40690E+02
    53    0.11100E+01    0.40492E+02
    54    0.11310E+01    0.40145E+02
    55    0.11519E+01    0.40310E+02
    56    0.11729E+01    0.39623E+02
    57    0.11938E+01    0.39929E+02
    58    0.12147E+01    0.39982E+02
    59    0.12357E+01    0.39319E+02
    60    0.12566E+01    0.39377E+02
    61    0.12776E+01    0.38901E+02
    62    0.12985E+01    0.39202E+02
    63    0.13195E+01    0.38571E+02
    64    0.13404E+01    0.38071E+02
    65    0.13614E+01    0.37970E+02
    66    0.13823E+01    0.38089E+02
    67    0.14032E+01    0.37437E+02
    68    0.14242E+01    0.37461E+02
    69    0.14451E+01    0.36927E+02
    70    0.14661E+01    0.36653E+02
    71    0.14870E+01    0.36284E+02
    72    0.15080E+01    0.36024E+02
    73    0.15289E+01    0.35766E+02
    74    0.15499E+01    0.35864E+02
    75    0.15708E+01    0.35068E+02
    76    0.15917E+01    0.34930E+02
    77    0.16127E+01    0.34529E+02
    78    0.16336E+01    0.34612E+02
    79    0.16546E+01    0.34266E+02
    80    0.16755E+01    0.33909E+02
    81    0.16965E+01    0.33612E+02
    82    0.17174E+01    0.33439E+02
    83    0.17383E+01    0.32908E+02
    84    0.17593E+01    0.32628E+02
    85    0.17802E+01    0.32327E+02
    86    0.18012E+01    0.31991E+02
    87    0.18221E+01    0.31606E+02
    88    0.18431E+01    0.31456E+02
    89    0.18640E+01    0.30944E+02
    90    0.18850E+01    0.30692E+02
    91    0.19059E+01    0.30290E+02
    92    0.19268E+01    0.30031E+02
    93    0.19478E+01    0.29858E+02
    94    0.19687E+01    0.29376E+02
    95    0.19897E+01    0.28932E+02
    96    0.20106E+01    0.28842E+02
    97    0.20316E+01    0.28520E+02
    98    0.20525E+01    0.27951E+02
    99    0.20735E+01    0.27668E+02
   100    0.20944E+01    0.27289E+02
   101    0.21153E+01    0.27341E+02
   102    0.21363E+01    0.26955E+02
   103    0.21572E+01    0.26468E+02
   104    0.21782E+01    0.26326E+02
   105    0.21991E+01    0.25875E+02
   106    0.22201E+01    0.25523E+02
   107    0.22410E+01    0.25299E+02
   108    0.22619E+01    0.24781E+02
   109    0.22829E+01    0.24536E+02
   110    0.23038E+01    0.24265E+02
   111    0.23248E+01    0.24088E+02
   112    0.23457E+01    0.23804E+02
   113    0.23667E+01    0.23491E+02
   114    0.23876E+01    0.23206E+02
   115    0.24086E+01    0.22913E+02
   116    0.24295E+01    0.22478E+02
   117    0.24504E+01    0.22212E+02
   118    0.24714E+01    0.21990E+02
   119    0.24923E+01    0.21825E+02
   120    0.25133E+01    0.21467E+02
   121    0.25342E+01    0.21180E+02
   122    0.25552E+01    0.21050E+02
   123    0.25761E+01    0.20778E+02
   124    0.25970E+01    0.20421E+02
   125    0.26180E+01    0.20199E+02
   126    0.26389E+01    0.19939E+02
   127    0.26599E+01    0.19665E+02
   128    0.26808E+01    0.19480E+02
   129    0.27018E+01    0.19253E+02
   130    0.27227E+01    0.19023E+02
   131    0.27437E+01    0.18833E+02
   132    0.27646E+01    0.18632E+02
   133    0.27855E+01    0.18526E+02
   134    0.28065E+01    0.18224E+02
   135    0.28274E+01    0.18121E+02
   136    0.28484E+01    0.17907E+02
   137    0.28693E+01    0.17863E+02
   138    0.28903E+01    0.17626E+02
   139    0.29112E+01    0.17481E+02
   140    0.29322E+01    0.17302E+02
   141    0.29531E+01    0.17290E+02
   142    0.29740E+01    0.17113E+02
   143    0.29950E+01    0.17007E+02
   144    0.30159E+01    0.16931E+02
   145    0.30369E+01    0.16824E+02
   146    0.30578E+01    0.16842E+02
   147    0.30788E+01    0.16769E+02
   148    0.30997E+01    0.16660E+02
   149    0.31206E+01    0.16557E+02
