k[unitless]    k[h/Mpc]    D^2(k)
     1    0.20944E-01    0.72799E-13
     2    0.41888E-01    0.58239E-12
     3    0.62832E-01    0.19656E-11
     4    0.83776E-01    0.46592E-11
     5    0.10472E+00    0.90999E-11
     6    0.12566E+00    0.15725E-10
     7    0.14661E+00    0.24970E-10
     8    0.16755E+00    0.37273E-10
     9    0.18850E+00    0.53071E-10
    10    0.20944E+00    0.72799E-10
    11    0.23038E+00    0.96896E-10
    12    0.25133E+00    0.12580E-09
    13    0.27227E+00    0.15994E-09
    14    0.29322E+00    0.19976E-09
    15    0.31416E+00    0.24570E-09
    16    0.33510E+00    0.29819E-09
    17    0.35605E+00    0.35766E-09
    18    0.37699E+00    0.42457E-09
    19    0.39794E+00    0.49933E-09
    20    0.41888E+00    0.58239E-09
    21    0.43982E+00    0.67419E-09
    22    0.46077E+00    0.77517E-09
    23    0.48171E+00    0.88575E-09
    24    0.50265E+00    0.10064E-08
    25    0.52360E+00    0.11375E-08
    26    0.54454E+00    0.12795E-08
    27    0.56549E+00    0.14329E-08
    28    0.58643E+00    0.15981E-08
    29    0.60737E+00    0.17755E-08
    30    0.62832E+00    0.19656E-08
    31    0.64926E+00    0.21688E-08
    32    0.67021E+00    0.23855E-08
    33    0.69115E+00    0.26162E-08
    34    0.71209E+00    0.28613E-08
    35    0.73304E+00    0.31213E-08
    36    0.75398E+00    0.33965E-08
    37    0.77493E+00    0.36875E-08
    38    0.79587E+00    0.39946E-08
    39    0.81681E+00    0.43184E-08
    40    0.83776E+00    0.46592E-08
    41    0.85870E+00    0.50174E-08
    42    0.87965E+00    0.53936E-08
    43    0.90059E+00    0.57881E-08
    44    0.92153E+00    0.62013E-08
    45    0.94248E+00    0.66338E-08
    46    0.96342E+00    0.70860E-08
    47    0.98437E+00    0.75582E-08
    48    0.10053E+01    0.80510E-08
    49    0.10263E+01    0.85648E-08
    50    0.10472E+01    0.90999E-08
    51    0.10681E+01    0.96569E-08
    52    0.10891E+01    0.10236E-07
    53    0.11100E+01    0.10838E-07
    54    0.11310E+01    0.11463E-07
    55    0.11519E+01    0.12112E-07
    56    0.11729E+01    0.12785E-07
    57    0.11938E+01    0.13482E-07
    58    0.12147E+01    0.14204E-07
    59    0.12357E+01    0.14951E-07
    60    0.12566E+01    0.15725E-07
    61    0.12776E+01    0.16524E-07
    62    0.12985E+01    0.17350E-07
    63    0.13195E+01    0.18203E-07
    64    0.13404E+01    0.19084E-07
    65    0.13614E+01    0.19993E-07
    66    0.13823E+01    0.20930E-07
    67    0.14032E+01    0.21895E-07
    68    0.14242E+01    0.22890E-07
    69    0.14451E+01    0.23915E-07
    70    0.14661E+01    0.24970E-07
    71    0.14870E+01    0.26056E-07
    72    0.15080E+01    0.27172E-07
    73    0.15289E+01    0.28320E-07
    74    0.15499E+01    0.29500E-07
    75    0.15708E+01    0.30712E-07
    76    0.15917E+01    0.31957E-07
    77    0.16127E+01    0.33235E-07
    78    0.16336E+01    0.34547E-07
    79    0.16546E+01    0.35893E-07
    80    0.16755E+01    0.37273E-07
    81    0.16965E+01    0.38689E-07
    82    0.17174E+01    0.40139E-07
    83    0.17383E+01    0.41626E-07
    84    0.17593E+01    0.43148E-07
    85    0.17802E+01    0.44708E-07
    86    0.18012E+01    0.46304E-07
    87    0.18221E+01    0.47939E-07
    88    0.18431E+01    0.49611E-07
    89    0.18640E+01    0.51321E-07
    90    0.18850E+01    0.53071E-07
    91    0.19059E+01    0.54859E-07
    92    0.19268E+01    0.56688E-07
    93    0.19478E+01    0.58557E-07
    94    0.19687E+01    0.60466E-07
    95    0.19897E+01    0.62416E-07
    96    0.20106E+01    0.64408E-07
    97    0.20316E+01    0.66442E-07
    98    0.20525E+01    0.68518E-07
    99    0.20735E+01    0.70637E-07
   100    0.20944E+01    0.72799E-07
   101    0.21153E+01    0.75005E-07
   102    0.21363E+01    0.77255E-07
   103    0.21572E+01    0.79550E-07
   104    0.21782E+01    0.81889E-07
   105    0.21991E+01    0.84274E-07
   106    0.22201E+01    0.86705E-07
   107    0.22410E+01    0.89182E-07
   108    0.22619E+01    0.91706E-07
   109    0.22829E+01    0.94277E-07
   110    0.23038E+01    0.96896E-07
   111    0.23248E+01    0.99563E-07
   112    0.23457E+01    0.10228E-06
   113    0.23667E+01    0.10504E-06
   114    0.23876E+01    0.10786E-06
   115    0.24086E+01    0.11072E-06
   116    0.24295E+01    0.11363E-06
   117    0.24504E+01    0.11660E-06
   118    0.24714E+01    0.11961E-06
   119    0.24923E+01    0.12268E-06
   120    0.25133E+01    0.12580E-06
   121    0.25342E+01    0.12897E-06
   122    0.25552E+01    0.13219E-06
   123    0.25761E+01    0.13547E-06
   124    0.25970E+01    0.13880E-06
   125    0.26180E+01    0.14219E-06
   126    0.26389E+01    0.14563E-06
   127    0.26599E+01    0.14912E-06
   128    0.26808E+01    0.15267E-06
   129    0.27018E+01    0.15628E-06
   130    0.27227E+01    0.15994E-06
   131    0.27437E+01    0.16366E-06
   132    0.27646E+01    0.16744E-06
   133    0.27855E+01    0.17127E-06
   134    0.28065E+01    0.17516E-06
   135    0.28274E+01    0.17911E-06
   136    0.28484E+01    0.18312E-06
   137    0.28693E+01    0.18719E-06
   138    0.28903E+01    0.19132E-06
   139    0.29112E+01    0.19551E-06
   140    0.29322E+01    0.19976E-06
   141    0.29531E+01    0.20407E-06
   142    0.29740E+01    0.20845E-06
   143    0.29950E+01    0.21288E-06
   144    0.30159E+01    0.21738E-06
   145    0.30369E+01    0.22194E-06
   146    0.30578E+01    0.22656E-06
   147    0.30788E+01    0.23125E-06
   148    0.30997E+01    0.23600E-06
   149    0.31206E+01    0.24082E-06
