k[unitless]    k[h/Mpc]    D^2(k)
     1    0.20944E-01    0.10581E+01
     2    0.41888E-01    0.45768E+01
     3    0.62832E-01    0.93137E+01
     4    0.83776E-01    0.10634E+02
     5    0.10472E+00    0.12476E+02
     6    0.12566E+00    0.14216E+02
     7    0.14661E+00    0.14622E+02
     8    0.16755E+00    0.14520E+02
     9    0.18850E+00    0.14788E+02
    10    0.20944E+00    0.15447E+02
    11    0.23038E+00    0.16601E+02
    12    0.25133E+00    0.15720E+02
    13    0.27227E+00    0.15721E+02
    14    0.29322E+00    0.15391E+02
    15    0.31416E+00    0.14321E+02
    16    0.33510E+00    0.15175E+02
    17    0.35605E+00    0.15421E+02
    18    0.37699E+00    0.15133E+02
    19    0.39794E+00    0.15674E+02
    20    0.41888E+00    0.15834E+02
    21    0.43982E+00    0.16201E+02
    22    0.46077E+00    0.15728E+02
    23    0.48171E+00    0.15716E+02
    24    0.50265E+00    0.15615E+02
    25    0.52360E+00    0.15814E+02
    26    0.54454E+00    0.15705E+02
    27    0.56549E+00    0.15646E+02
    28    0.58643E+00    0.15678E+02
    29    0.60737E+00    0.15728E+02
    30    0.62832E+00    0.15575E+02
    31    0.64926E+00    0.15586E+02
    32    0.67021E+00    0.15533E+02
    33    0.69115E+00    0.16230E+02
    34    0.71209E+00    0.15886E+02
    35    0.73304E+00    0.15726E+02
    36    0.75398E+00    0.15589E+02
    37    0.77493E+00    0.15495E+02
    38    0.79587E+00    0.15711E+02
    39    0.81681E+00    0.15456E+02
    40    0.83776E+00    0.15917E+02
    41    0.85870E+00    0.15622E+02
    42    0.87965E+00    0.15616E+02
    43    0.90059E+00    0.15716E+02
    44    0.92153E+00    0.15378E+02
    45    0.94248E+00    0.15433E+02
    46    0.96342E+00    0.15437E+02
    47    0.98437E+00    0.15626E+02
    48    0.10053E+01    0.15543E+02
    49    0.10263E+01    0.15224E+02
    50    0.10472E+01    0.15407E+02
    51    0.10681E+01    0.15325E+02
    52    0.10891E+01    0.15413E+02
    53    0.11100E+01    0.15082E+02
    54    0.11310E+01    0.15219E+02
    55    0.11519E+01    0.15085E+02
    56    0.11729E+01    0.14908E+02
    57    0.11938E+01    0.15041E+02
    58    0.12147E+01    0.14936E+02
    59    0.12357E+01    0.14723E+02
    60    0.12566E+01    0.14781E+02
    61    0.12776E+01    0.14639E+02
    62    0.12985E+01    0.14634E+02
    63    0.13195E+01    0.14464E+02
    64    0.13404E+01    0.14456E+02
    65    0.13614E+01    0.14442E+02
    66    0.13823E+01    0.14213E+02
    67    0.14032E+01    0.14235E+02
    68    0.14242E+01    0.14054E+02
    69    0.14451E+01    0.13994E+02
    70    0.14661E+01    0.13880E+02
    71    0.14870E+01    0.13726E+02
    72    0.15080E+01    0.13594E+02
    73    0.15289E+01    0.13627E+02
    74    0.15499E+01    0.13483E+02
    75    0.15708E+01    0.13460E+02
    76    0.15917E+01    0.13453E+02
    77    0.16127E+01    0.13189E+02
    78    0.16336E+01    0.13027E+02
    79    0.16546E+01    0.13001E+02
    80    0.16755E+01    0.12820E+02
    81    0.16965E+01    0.12716E+02
    82    0.17174E+01    0.12656E+02
    83    0.17383E+01    0.12547E+02
    84    0.17593E+01    0.12458E+02
    85    0.17802E+01    0.12405E+02
    86    0.18012E+01    0.12319E+02
    87    0.18221E+01    0.12272E+02
    88    0.18431E+01    0.12043E+02
    89    0.18640E+01    0.11951E+02
    90    0.18850E+01    0.11822E+02
    91    0.19059E+01    0.11726E+02
    92    0.19268E+01    0.11537E+02
    93    0.19478E+01    0.11442E+02
    94    0.19687E+01    0.11485E+02
    95    0.19897E+01    0.11319E+02
    96    0.20106E+01    0.11206E+02
    97    0.20316E+01    0.11060E+02
    98    0.20525E+01    0.10977E+02
    99    0.20735E+01    0.10878E+02
   100    0.20944E+01    0.10645E+02
   101    0.21153E+01    0.10576E+02
   102    0.21363E+01    0.10511E+02
   103    0.21572E+01    0.10396E+02
   104    0.21782E+01    0.10242E+02
   105    0.21991E+01    0.10129E+02
   106    0.22201E+01    0.10005E+02
   107    0.22410E+01    0.98925E+01
   108    0.22619E+01    0.97943E+01
   109    0.22829E+01    0.97617E+01
   110    0.23038E+01    0.96142E+01
   111    0.23248E+01    0.95033E+01
   112    0.23457E+01    0.94112E+01
   113    0.23667E+01    0.92995E+01
   114    0.23876E+01    0.91901E+01
   115    0.24086E+01    0.91257E+01
   116    0.24295E+01    0.90757E+01
   117    0.24504E+01    0.89703E+01
   118    0.24714E+01    0.87985E+01
   119    0.24923E+01    0.87022E+01
   120    0.25133E+01    0.86285E+01
   121    0.25342E+01    0.85396E+01
   122    0.25552E+01    0.84405E+01
   123    0.25761E+01    0.83918E+01
   124    0.25970E+01    0.83139E+01
   125    0.26180E+01    0.82029E+01
   126    0.26389E+01    0.81391E+01
   127    0.26599E+01    0.80659E+01
   128    0.26808E+01    0.80356E+01
   129    0.27018E+01    0.78964E+01
   130    0.27227E+01    0.78625E+01
   131    0.27437E+01    0.77808E+01
   132    0.27646E+01    0.77003E+01
   133    0.27855E+01    0.76485E+01
   134    0.28065E+01    0.76067E+01
   135    0.28274E+01    0.75015E+01
   136    0.28484E+01    0.74774E+01
   137    0.28693E+01    0.74486E+01
   138    0.28903E+01    0.74446E+01
   139    0.29112E+01    0.73383E+01
   140    0.29322E+01    0.73043E+01
   141    0.29531E+01    0.72446E+01
   142    0.29740E+01    0.72266E+01
   143    0.29950E+01    0.71941E+01
   144    0.30159E+01    0.71670E+01
   145    0.30369E+01    0.71858E+01
   146    0.30578E+01    0.71388E+01
   147    0.30788E+01    0.71423E+01
   148    0.30997E+01    0.71592E+01
   149    0.31206E+01    0.71124E+01
