k[unitless]    k[h/Mpc]    D^2(k)
     1    0.20944E-01    0.15244E-02
     2    0.41888E-01    0.51199E-02
     3    0.62832E-01    0.11033E-01
     4    0.83776E-01    0.26509E-01
     5    0.10472E+00    0.45936E-01
     6    0.12566E+00    0.49836E-01
     7    0.14661E+00    0.59556E-01
     8    0.16755E+00    0.70288E-01
     9    0.18850E+00    0.65641E-01
    10    0.20944E+00    0.62644E-01
    11    0.23038E+00    0.64574E-01
    12    0.25133E+00    0.66841E-01
    13    0.27227E+00    0.73915E-01
    14    0.29322E+00    0.72575E-01
    15    0.31416E+00    0.74978E-01
    16    0.33510E+00    0.70226E-01
    17    0.35605E+00    0.74388E-01
    18    0.37699E+00    0.76990E-01
    19    0.39794E+00    0.78879E-01
    20    0.41888E+00    0.77148E-01
    21    0.43982E+00    0.77698E-01
    22    0.46077E+00    0.80902E-01
    23    0.48171E+00    0.83022E-01
    24    0.50265E+00    0.83743E-01
    25    0.52360E+00    0.85087E-01
    26    0.54454E+00    0.83209E-01
    27    0.56549E+00    0.79904E-01
    28    0.58643E+00    0.76599E-01
    29    0.60737E+00    0.78445E-01
    30    0.62832E+00    0.79382E-01
    31    0.64926E+00    0.77552E-01
    32    0.67021E+00    0.76329E-01
    33    0.69115E+00    0.75433E-01
    34    0.71209E+00    0.77180E-01
    35    0.73304E+00    0.77514E-01
    36    0.75398E+00    0.78508E-01
    37    0.77493E+00    0.83537E-01
    38    0.79587E+00    0.82972E-01
    39    0.81681E+00    0.80502E-01
    40    0.83776E+00    0.79057E-01
    41    0.85870E+00    0.82025E-01
    42    0.87965E+00    0.83399E-01
    43    0.90059E+00    0.83674E-01
    44    0.92153E+00    0.84031E-01
    45    0.94248E+00    0.82873E-01
    46    0.96342E+00    0.81747E-01
    47    0.98437E+00    0.81225E-01
    48    0.10053E+01    0.81737E-01
    49    0.10263E+01    0.81576E-01
    50    0.10472E+01    0.77970E-01
    51    0.10681E+01    0.76145E-01
    52    0.10891E+01    0.75633E-01
    53    0.11100E+01    0.74814E-01
    54    0.11310E+01    0.76020E-01
    55    0.11519E+01    0.76672E-01
    56    0.11729E+01    0.76279E-01
    57    0.11938E+01    0.77438E-01
    58    0.12147E+01    0.79201E-01
    59    0.12357E+01    0.79334E-01
    60    0.12566E+01    0.79069E-01
    61    0.12776E+01    0.79161E-01
    62    0.12985E+01    0.79032E-01
    63    0.13195E+01    0.77483E-01
    64    0.13404E+01    0.77076E-01
    65    0.13614E+01    0.75831E-01
    66    0.13823E+01    0.76266E-01
    67    0.14032E+01    0.75319E-01
    68    0.14242E+01    0.72372E-01
    69    0.14451E+01    0.72228E-01
    70    0.14661E+01    0.73242E-01
    71    0.14870E+01    0.72625E-01
    72    0.15080E+01    0.73699E-01
    73    0.15289E+01    0.73354E-01
    74    0.15499E+01    0.71333E-01
    75    0.15708E+01    0.70489E-01
    76    0.15917E+01    0.71336E-01
    77    0.16127E+01    0.71731E-01
    78    0.16336E+01    0.70325E-01
    79    0.16546E+01    0.70881E-01
    80    0.16755E+01    0.71005E-01
    81    0.16965E+01    0.69962E-01
    82    0.17174E+01    0.69573E-01
    83    0.17383E+01    0.68904E-01
    84    0.17593E+01    0.68134E-01
    85    0.17802E+01    0.67832E-01
    86    0.18012E+01    0.67460E-01
    87    0.18221E+01    0.66612E-01
    88    0.18431E+01    0.65244E-01
    89    0.18640E+01    0.64084E-01
    90    0.18850E+01    0.63852E-01
    91    0.19059E+01    0.64464E-01
    92    0.19268E+01    0.64299E-01
    93    0.19478E+01    0.63170E-01
    94    0.19687E+01    0.63048E-01
    95    0.19897E+01    0.63121E-01
    96    0.20106E+01    0.62450E-01
    97    0.20316E+01    0.61455E-01
    98    0.20525E+01    0.61926E-01
    99    0.20735E+01    0.62547E-01
   100    0.20944E+01    0.62608E-01
   101    0.21153E+01    0.62256E-01
   102    0.21363E+01    0.61579E-01
   103    0.21572E+01    0.60768E-01
   104    0.21782E+01    0.59567E-01
   105    0.21991E+01    0.58342E-01
   106    0.22201E+01    0.56939E-01
   107    0.22410E+01    0.56205E-01
   108    0.22619E+01    0.55734E-01
   109    0.22829E+01    0.54723E-01
   110    0.23038E+01    0.54492E-01
   111    0.23248E+01    0.54428E-01
   112    0.23457E+01    0.54495E-01
   113    0.23667E+01    0.54176E-01
   114    0.23876E+01    0.53747E-01
   115    0.24086E+01    0.53657E-01
   116    0.24295E+01    0.52846E-01
   117    0.24504E+01    0.52152E-01
   118    0.24714E+01    0.51383E-01
   119    0.24923E+01    0.51104E-01
   120    0.25133E+01    0.51172E-01
   121    0.25342E+01    0.50675E-01
   122    0.25552E+01    0.49905E-01
   123    0.25761E+01    0.49840E-01
   124    0.25970E+01    0.50330E-01
   125    0.26180E+01    0.49922E-01
   126    0.26389E+01    0.49154E-01
   127    0.26599E+01    0.48899E-01
   128    0.26808E+01    0.48503E-01
   129    0.27018E+01    0.48381E-01
   130    0.27227E+01    0.48292E-01
   131    0.27437E+01    0.47952E-01
   132    0.27646E+01    0.47977E-01
   133    0.27855E+01    0.47433E-01
   134    0.28065E+01    0.46639E-01
   135    0.28274E+01    0.46763E-01
   136    0.28484E+01    0.47316E-01
   137    0.28693E+01    0.47039E-01
   138    0.28903E+01    0.46704E-01
   139    0.29112E+01    0.46273E-01
   140    0.29322E+01    0.46183E-01
   141    0.29531E+01    0.46117E-01
   142    0.29740E+01    0.46064E-01
   143    0.29950E+01    0.46103E-01
   144    0.30159E+01    0.45867E-01
   145    0.30369E+01    0.45841E-01
   146    0.30578E+01    0.46020E-01
   147    0.30788E+01    0.46060E-01
   148    0.30997E+01    0.45790E-01
   149    0.31206E+01    0.46146E-01
