k[unitless]    k[h/Mpc]    D^2(k)
     1    0.20944E-01    0.66994E+00
     2    0.41888E-01    0.24766E+01
     3    0.62832E-01    0.46874E+01
     4    0.83776E-01    0.52190E+01
     5    0.10472E+00    0.71020E+01
     6    0.12566E+00    0.77310E+01
     7    0.14661E+00    0.79337E+01
     8    0.16755E+00    0.77647E+01
     9    0.18850E+00    0.81277E+01
    10    0.20944E+00    0.79603E+01
    11    0.23038E+00    0.91038E+01
    12    0.25133E+00    0.81058E+01
    13    0.27227E+00    0.85179E+01
    14    0.29322E+00    0.82059E+01
    15    0.31416E+00    0.81708E+01
    16    0.33510E+00    0.81222E+01
    17    0.35605E+00    0.84228E+01
    18    0.37699E+00    0.84394E+01
    19    0.39794E+00    0.84986E+01
    20    0.41888E+00    0.82066E+01
    21    0.43982E+00    0.83927E+01
    22    0.46077E+00    0.85583E+01
    23    0.48171E+00    0.83931E+01
    24    0.50265E+00    0.82949E+01
    25    0.52360E+00    0.85104E+01
    26    0.54454E+00    0.83754E+01
    27    0.56549E+00    0.83859E+01
    28    0.58643E+00    0.83557E+01
    29    0.60737E+00    0.84388E+01
    30    0.62832E+00    0.83605E+01
    31    0.64926E+00    0.81441E+01
    32    0.67021E+00    0.83311E+01
    33    0.69115E+00    0.85232E+01
    34    0.71209E+00    0.84155E+01
    35    0.73304E+00    0.83809E+01
    36    0.75398E+00    0.83030E+01
    37    0.77493E+00    0.83540E+01
    38    0.79587E+00    0.84804E+01
    39    0.81681E+00    0.82442E+01
    40    0.83776E+00    0.83691E+01
    41    0.85870E+00    0.84196E+01
    42    0.87965E+00    0.83507E+01
    43    0.90059E+00    0.83646E+01
    44    0.92153E+00    0.83712E+01
    45    0.94248E+00    0.83586E+01
    46    0.96342E+00    0.82721E+01
    47    0.98437E+00    0.83671E+01
    48    0.10053E+01    0.82814E+01
    49    0.10263E+01    0.82295E+01
    50    0.10472E+01    0.82191E+01
    51    0.10681E+01    0.81923E+01
    52    0.10891E+01    0.81266E+01
    53    0.11100E+01    0.81090E+01
    54    0.11310E+01    0.81506E+01
    55    0.11519E+01    0.81628E+01
    56    0.11729E+01    0.80245E+01
    57    0.11938E+01    0.80534E+01
    58    0.12147E+01    0.80471E+01
    59    0.12357E+01    0.80035E+01
    60    0.12566E+01    0.79132E+01
    61    0.12776E+01    0.79319E+01
    62    0.12985E+01    0.78625E+01
    63    0.13195E+01    0.78811E+01
    64    0.13404E+01    0.77615E+01
    65    0.13614E+01    0.76797E+01
    66    0.13823E+01    0.76913E+01
    67    0.14032E+01    0.76298E+01
    68    0.14242E+01    0.76321E+01
    69    0.14451E+01    0.74054E+01
    70    0.14661E+01    0.74650E+01
    71    0.14870E+01    0.73789E+01
    72    0.15080E+01    0.73941E+01
    73    0.15289E+01    0.73809E+01
    74    0.15499E+01    0.72531E+01
    75    0.15708E+01    0.72607E+01
    76    0.15917E+01    0.73134E+01
    77    0.16127E+01    0.71081E+01
    78    0.16336E+01    0.70760E+01
    79    0.16546E+01    0.70423E+01
    80    0.16755E+01    0.69598E+01
    81    0.16965E+01    0.68486E+01
    82    0.17174E+01    0.68872E+01
    83    0.17383E+01    0.67311E+01
    84    0.17593E+01    0.66927E+01
    85    0.17802E+01    0.67031E+01
    86    0.18012E+01    0.66302E+01
    87    0.18221E+01    0.66071E+01
    88    0.18431E+01    0.64852E+01
    89    0.18640E+01    0.64542E+01
    90    0.18850E+01    0.64131E+01
    91    0.19059E+01    0.63322E+01
    92    0.19268E+01    0.62911E+01
    93    0.19478E+01    0.62391E+01
    94    0.19687E+01    0.61779E+01
    95    0.19897E+01    0.61017E+01
    96    0.20106E+01    0.60465E+01
    97    0.20316E+01    0.59601E+01
    98    0.20525E+01    0.59040E+01
    99    0.20735E+01    0.58523E+01
   100    0.20944E+01    0.57702E+01
   101    0.21153E+01    0.57294E+01
   102    0.21363E+01    0.56562E+01
   103    0.21572E+01    0.56396E+01
   104    0.21782E+01    0.55792E+01
   105    0.21991E+01    0.55388E+01
   106    0.22201E+01    0.54840E+01
   107    0.22410E+01    0.54053E+01
   108    0.22619E+01    0.53425E+01
   109    0.22829E+01    0.53267E+01
   110    0.23038E+01    0.52413E+01
   111    0.23248E+01    0.52009E+01
   112    0.23457E+01    0.51436E+01
   113    0.23667E+01    0.50686E+01
   114    0.23876E+01    0.50474E+01
   115    0.24086E+01    0.50073E+01
   116    0.24295E+01    0.49821E+01
   117    0.24504E+01    0.49161E+01
   118    0.24714E+01    0.48629E+01
   119    0.24923E+01    0.48270E+01
   120    0.25133E+01    0.47627E+01
   121    0.25342E+01    0.47292E+01
   122    0.25552E+01    0.46740E+01
   123    0.25761E+01    0.46262E+01
   124    0.25970E+01    0.45723E+01
   125    0.26180E+01    0.45657E+01
   126    0.26389E+01    0.45346E+01
   127    0.26599E+01    0.44986E+01
   128    0.26808E+01    0.44788E+01
   129    0.27018E+01    0.44111E+01
   130    0.27227E+01    0.43823E+01
   131    0.27437E+01    0.43465E+01
   132    0.27646E+01    0.43130E+01
   133    0.27855E+01    0.42574E+01
   134    0.28065E+01    0.42228E+01
   135    0.28274E+01    0.41913E+01
   136    0.28484E+01    0.41777E+01
   137    0.28693E+01    0.41620E+01
   138    0.28903E+01    0.41427E+01
   139    0.29112E+01    0.41092E+01
   140    0.29322E+01    0.40879E+01
   141    0.29531E+01    0.40778E+01
   142    0.29740E+01    0.40554E+01
   143    0.29950E+01    0.40411E+01
   144    0.30159E+01    0.40451E+01
   145    0.30369E+01    0.40165E+01
   146    0.30578E+01    0.40141E+01
   147    0.30788E+01    0.39935E+01
   148    0.30997E+01    0.40031E+01
   149    0.31206E+01    0.40195E+01
