k[unitless]    k[h/Mpc]    D^2(k)
     1    0.20944E-01    0.46880E-01
     2    0.41888E-01    0.26102E+00
     3    0.62832E-01    0.77013E+00
     4    0.83776E-01    0.19212E+01
     5    0.10472E+00    0.37023E+01
     6    0.12566E+00    0.66359E+01
     7    0.14661E+00    0.97652E+01
     8    0.16755E+00    0.11445E+02
     9    0.18850E+00    0.14997E+02
    10    0.20944E+00    0.19365E+02
    11    0.23038E+00    0.22416E+02
    12    0.25133E+00    0.25486E+02
    13    0.27227E+00    0.28564E+02
    14    0.29322E+00    0.30638E+02
    15    0.31416E+00    0.35026E+02
    16    0.33510E+00    0.36920E+02
    17    0.35605E+00    0.36393E+02
    18    0.37699E+00    0.39714E+02
    19    0.39794E+00    0.43544E+02
    20    0.41888E+00    0.43259E+02
    21    0.43982E+00    0.42596E+02
    22    0.46077E+00    0.44314E+02
    23    0.48171E+00    0.43784E+02
    24    0.50265E+00    0.42388E+02
    25    0.52360E+00    0.43199E+02
    26    0.54454E+00    0.44448E+02
    27    0.56549E+00    0.44168E+02
    28    0.58643E+00    0.44454E+02
    29    0.60737E+00    0.44070E+02
    30    0.62832E+00    0.43925E+02
    31    0.64926E+00    0.45268E+02
    32    0.67021E+00    0.44941E+02
    33    0.69115E+00    0.44796E+02
    34    0.71209E+00    0.44887E+02
    35    0.73304E+00    0.44559E+02
    36    0.75398E+00    0.44735E+02
    37    0.77493E+00    0.44795E+02
    38    0.79587E+00    0.44456E+02
    39    0.81681E+00    0.44753E+02
    40    0.83776E+00    0.43877E+02
    41    0.85870E+00    0.44499E+02
    42    0.87965E+00    0.45444E+02
    43    0.90059E+00    0.44591E+02
    44    0.92153E+00    0.45039E+02
    45    0.94248E+00    0.44809E+02
    46    0.96342E+00    0.44328E+02
    47    0.98437E+00    0.44614E+02
    48    0.10053E+01    0.44877E+02
    49    0.10263E+01    0.44933E+02
    50    0.10472E+01    0.44140E+02
    51    0.10681E+01    0.43629E+02
    52    0.10891E+01    0.44319E+02
    53    0.11100E+01    0.43044E+02
    54    0.11310E+01    0.43925E+02
    55    0.11519E+01    0.43201E+02
    56    0.11729E+01    0.43058E+02
    57    0.11938E+01    0.43634E+02
    58    0.12147E+01    0.42839E+02
    59    0.12357E+01    0.42741E+02
    60    0.12566E+01    0.42979E+02
    61    0.12776E+01    0.42431E+02
    62    0.12985E+01    0.41944E+02
    63    0.13195E+01    0.41757E+02
    64    0.13404E+01    0.41998E+02
    65    0.13614E+01    0.41622E+02
    66    0.13823E+01    0.40860E+02
    67    0.14032E+01    0.40846E+02
    68    0.14242E+01    0.40486E+02
    69    0.14451E+01    0.40113E+02
    70    0.14661E+01    0.39877E+02
    71    0.14870E+01    0.39404E+02
    72    0.15080E+01    0.39334E+02
    73    0.15289E+01    0.38754E+02
    74    0.15499E+01    0.38653E+02
    75    0.15708E+01    0.38571E+02
    76    0.15917E+01    0.38223E+02
    77    0.16127E+01    0.37641E+02
    78    0.16336E+01    0.37566E+02
    79    0.16546E+01    0.37466E+02
    80    0.16755E+01    0.36970E+02
    81    0.16965E+01    0.36398E+02
    82    0.17174E+01    0.35888E+02
    83    0.17383E+01    0.35432E+02
    84    0.17593E+01    0.35101E+02
    85    0.17802E+01    0.34751E+02
    86    0.18012E+01    0.34343E+02
    87    0.18221E+01    0.34244E+02
    88    0.18431E+01    0.33791E+02
    89    0.18640E+01    0.33202E+02
    90    0.18850E+01    0.32944E+02
    91    0.19059E+01    0.32137E+02
    92    0.19268E+01    0.31880E+02
    93    0.19478E+01    0.31475E+02
    94    0.19687E+01    0.31131E+02
    95    0.19897E+01    0.30602E+02
    96    0.20106E+01    0.30673E+02
    97    0.20316E+01    0.29558E+02
    98    0.20525E+01    0.29484E+02
    99    0.20735E+01    0.28844E+02
   100    0.20944E+01    0.28416E+02
   101    0.21153E+01    0.27879E+02
   102    0.21363E+01    0.27771E+02
   103    0.21572E+01    0.26985E+02
   104    0.21782E+01    0.26667E+02
   105    0.21991E+01    0.26233E+02
   106    0.22201E+01    0.25927E+02
   107    0.22410E+01    0.25461E+02
   108    0.22619E+01    0.25173E+02
   109    0.22829E+01    0.24780E+02
   110    0.23038E+01    0.24245E+02
   111    0.23248E+01    0.23527E+02
   112    0.23457E+01    0.23397E+02
   113    0.23667E+01    0.23008E+02
   114    0.23876E+01    0.22536E+02
   115    0.24086E+01    0.21954E+02
   116    0.24295E+01    0.21706E+02
   117    0.24504E+01    0.21294E+02
   118    0.24714E+01    0.20866E+02
   119    0.24923E+01    0.20571E+02
   120    0.25133E+01    0.20302E+02
   121    0.25342E+01    0.19698E+02
   122    0.25552E+01    0.19463E+02
   123    0.25761E+01    0.19110E+02
   124    0.25970E+01    0.18684E+02
   125    0.26180E+01    0.18229E+02
   126    0.26389E+01    0.18003E+02
   127    0.26599E+01    0.17610E+02
   128    0.26808E+01    0.17258E+02
   129    0.27018E+01    0.17026E+02
   130    0.27227E+01    0.16572E+02
   131    0.27437E+01    0.16350E+02
   132    0.27646E+01    0.15992E+02
   133    0.27855E+01    0.15716E+02
   134    0.28065E+01    0.15409E+02
   135    0.28274E+01    0.15157E+02
   136    0.28484E+01    0.14831E+02
   137    0.28693E+01    0.14484E+02
   138    0.28903E+01    0.14357E+02
   139    0.29112E+01    0.14083E+02
   140    0.29322E+01    0.13849E+02
   141    0.29531E+01    0.13655E+02
   142    0.29740E+01    0.13384E+02
   143    0.29950E+01    0.13164E+02
   144    0.30159E+01    0.12938E+02
   145    0.30369E+01    0.12822E+02
   146    0.30578E+01    0.12579E+02
   147    0.30788E+01    0.12415E+02
   148    0.30997E+01    0.12257E+02
   149    0.31206E+01    0.12033E+02
