k[unitless]    k[h/Mpc]    D^2(k)
     1    0.20944E-01    0.63601E-01
     2    0.41888E-01    0.25365E+00
     3    0.62832E-01    0.70659E+00
     4    0.83776E-01    0.16696E+01
     5    0.10472E+00    0.31142E+01
     6    0.12566E+00    0.52206E+01
     7    0.14661E+00    0.74763E+01
     8    0.16755E+00    0.87000E+01
     9    0.18850E+00    0.11393E+02
    10    0.20944E+00    0.14708E+02
    11    0.23038E+00    0.17705E+02
    12    0.25133E+00    0.20064E+02
    13    0.27227E+00    0.22530E+02
    14    0.29322E+00    0.24324E+02
    15    0.31416E+00    0.28002E+02
    16    0.33510E+00    0.30199E+02
    17    0.35605E+00    0.30046E+02
    18    0.37699E+00    0.33308E+02
    19    0.39794E+00    0.36637E+02
    20    0.41888E+00    0.36659E+02
    21    0.43982E+00    0.36766E+02
    22    0.46077E+00    0.38290E+02
    23    0.48171E+00    0.38346E+02
    24    0.50265E+00    0.37399E+02
    25    0.52360E+00    0.37967E+02
    26    0.54454E+00    0.39448E+02
    27    0.56549E+00    0.38639E+02
    28    0.58643E+00    0.39160E+02
    29    0.60737E+00    0.38999E+02
    30    0.62832E+00    0.38904E+02
    31    0.64926E+00    0.39648E+02
    32    0.67021E+00    0.38989E+02
    33    0.69115E+00    0.39462E+02
    34    0.71209E+00    0.39103E+02
    35    0.73304E+00    0.38812E+02
    36    0.75398E+00    0.39084E+02
    37    0.77493E+00    0.39535E+02
    38    0.79587E+00    0.39410E+02
    39    0.81681E+00    0.39453E+02
    40    0.83776E+00    0.39388E+02
    41    0.85870E+00    0.39646E+02
    42    0.87965E+00    0.39689E+02
    43    0.90059E+00    0.39382E+02
    44    0.92153E+00    0.39870E+02
    45    0.94248E+00    0.40042E+02
    46    0.96342E+00    0.39972E+02
    47    0.98437E+00    0.39914E+02
    48    0.10053E+01    0.40373E+02
    49    0.10263E+01    0.40525E+02
    50    0.10472E+01    0.39772E+02
    51    0.10681E+01    0.39499E+02
    52    0.10891E+01    0.40118E+02
    53    0.11100E+01    0.39037E+02
    54    0.11310E+01    0.40069E+02
    55    0.11519E+01    0.39683E+02
    56    0.11729E+01    0.39258E+02
    57    0.11938E+01    0.39385E+02
    58    0.12147E+01    0.39091E+02
    59    0.12357E+01    0.38726E+02
    60    0.12566E+01    0.39184E+02
    61    0.12776E+01    0.38514E+02
    62    0.12985E+01    0.38424E+02
    63    0.13195E+01    0.38234E+02
    64    0.13404E+01    0.38248E+02
    65    0.13614E+01    0.37845E+02
    66    0.13823E+01    0.37547E+02
    67    0.14032E+01    0.37393E+02
    68    0.14242E+01    0.37007E+02
    69    0.14451E+01    0.36907E+02
    70    0.14661E+01    0.36617E+02
    71    0.14870E+01    0.36414E+02
    72    0.15080E+01    0.36162E+02
    73    0.15289E+01    0.35494E+02
    74    0.15499E+01    0.35421E+02
    75    0.15708E+01    0.35651E+02
    76    0.15917E+01    0.35023E+02
    77    0.16127E+01    0.34388E+02
    78    0.16336E+01    0.34298E+02
    79    0.16546E+01    0.34256E+02
    80    0.16755E+01    0.33918E+02
    81    0.16965E+01    0.33195E+02
    82    0.17174E+01    0.32826E+02
    83    0.17383E+01    0.32273E+02
    84    0.17593E+01    0.31874E+02
    85    0.17802E+01    0.31714E+02
    86    0.18012E+01    0.31211E+02
    87    0.18221E+01    0.31209E+02
    88    0.18431E+01    0.30677E+02
    89    0.18640E+01    0.30301E+02
    90    0.18850E+01    0.30155E+02
    91    0.19059E+01    0.29135E+02
    92    0.19268E+01    0.29006E+02
    93    0.19478E+01    0.28721E+02
    94    0.19687E+01    0.28333E+02
    95    0.19897E+01    0.27870E+02
    96    0.20106E+01    0.27910E+02
    97    0.20316E+01    0.27142E+02
    98    0.20525E+01    0.26804E+02
    99    0.20735E+01    0.26351E+02
   100    0.20944E+01    0.26020E+02
   101    0.21153E+01    0.25434E+02
   102    0.21363E+01    0.25401E+02
   103    0.21572E+01    0.24713E+02
   104    0.21782E+01    0.24456E+02
   105    0.21991E+01    0.24051E+02
   106    0.22201E+01    0.23759E+02
   107    0.22410E+01    0.23368E+02
   108    0.22619E+01    0.23036E+02
   109    0.22829E+01    0.22611E+02
   110    0.23038E+01    0.22211E+02
   111    0.23248E+01    0.21533E+02
   112    0.23457E+01    0.21347E+02
   113    0.23667E+01    0.20859E+02
   114    0.23876E+01    0.20509E+02
   115    0.24086E+01    0.20015E+02
   116    0.24295E+01    0.19765E+02
   117    0.24504E+01    0.19408E+02
   118    0.24714E+01    0.19042E+02
   119    0.24923E+01    0.18669E+02
   120    0.25133E+01    0.18439E+02
   121    0.25342E+01    0.17858E+02
   122    0.25552E+01    0.17575E+02
   123    0.25761E+01    0.17372E+02
   124    0.25970E+01    0.16953E+02
   125    0.26180E+01    0.16493E+02
   126    0.26389E+01    0.16278E+02
   127    0.26599E+01    0.15878E+02
   128    0.26808E+01    0.15560E+02
   129    0.27018E+01    0.15302E+02
   130    0.27227E+01    0.14879E+02
   131    0.27437E+01    0.14658E+02
   132    0.27646E+01    0.14353E+02
   133    0.27855E+01    0.14087E+02
   134    0.28065E+01    0.13821E+02
   135    0.28274E+01    0.13545E+02
   136    0.28484E+01    0.13277E+02
   137    0.28693E+01    0.12962E+02
   138    0.28903E+01    0.12800E+02
   139    0.29112E+01    0.12516E+02
   140    0.29322E+01    0.12345E+02
   141    0.29531E+01    0.12094E+02
   142    0.29740E+01    0.11869E+02
   143    0.29950E+01    0.11618E+02
   144    0.30159E+01    0.11457E+02
   145    0.30369E+01    0.11258E+02
   146    0.30578E+01    0.11077E+02
   147    0.30788E+01    0.10966E+02
   148    0.30997E+01    0.10812E+02
   149    0.31206E+01    0.10619E+02
