k[unitless]    k[h/Mpc]    D^2(k)
     1    0.20944E-01    0.10006E+01
     2    0.41888E-01    0.42206E+01
     3    0.62832E-01    0.84978E+01
     4    0.83776E-01    0.95842E+01
     5    0.10472E+00    0.11510E+02
     6    0.12566E+00    0.13078E+02
     7    0.14661E+00    0.13339E+02
     8    0.16755E+00    0.13286E+02
     9    0.18850E+00    0.13535E+02
    10    0.20944E+00    0.14006E+02
    11    0.23038E+00    0.15303E+02
    12    0.25133E+00    0.14309E+02
    13    0.27227E+00    0.14318E+02
    14    0.29322E+00    0.14028E+02
    15    0.31416E+00    0.13187E+02
    16    0.33510E+00    0.13850E+02
    17    0.35605E+00    0.14095E+02
    18    0.37699E+00    0.13802E+02
    19    0.39794E+00    0.14314E+02
    20    0.41888E+00    0.14385E+02
    21    0.43982E+00    0.14734E+02
    22    0.46077E+00    0.14360E+02
    23    0.48171E+00    0.14328E+02
    24    0.50265E+00    0.14178E+02
    25    0.52360E+00    0.14448E+02
    26    0.54454E+00    0.14285E+02
    27    0.56549E+00    0.14244E+02
    28    0.58643E+00    0.14261E+02
    29    0.60737E+00    0.14361E+02
    30    0.62832E+00    0.14167E+02
    31    0.64926E+00    0.14176E+02
    32    0.67021E+00    0.14138E+02
    33    0.69115E+00    0.14773E+02
    34    0.71209E+00    0.14512E+02
    35    0.73304E+00    0.14341E+02
    36    0.75398E+00    0.14182E+02
    37    0.77493E+00    0.14175E+02
    38    0.79587E+00    0.14370E+02
    39    0.81681E+00    0.14002E+02
    40    0.83776E+00    0.14477E+02
    41    0.85870E+00    0.14247E+02
    42    0.87965E+00    0.14211E+02
    43    0.90059E+00    0.14332E+02
    44    0.92153E+00    0.14017E+02
    45    0.94248E+00    0.14130E+02
    46    0.96342E+00    0.14085E+02
    47    0.98437E+00    0.14234E+02
    48    0.10053E+01    0.14172E+02
    49    0.10263E+01    0.13857E+02
    50    0.10472E+01    0.14032E+02
    51    0.10681E+01    0.13976E+02
    52    0.10891E+01    0.14042E+02
    53    0.11100E+01    0.13748E+02
    54    0.11310E+01    0.13919E+02
    55    0.11519E+01    0.13755E+02
    56    0.11729E+01    0.13601E+02
    57    0.11938E+01    0.13719E+02
    58    0.12147E+01    0.13581E+02
    59    0.12357E+01    0.13402E+02
    60    0.12566E+01    0.13432E+02
    61    0.12776E+01    0.13340E+02
    62    0.12985E+01    0.13357E+02
    63    0.13195E+01    0.13216E+02
    64    0.13404E+01    0.13207E+02
    65    0.13614E+01    0.13184E+02
    66    0.13823E+01    0.12977E+02
    67    0.14032E+01    0.12977E+02
    68    0.14242E+01    0.12848E+02
    69    0.14451E+01    0.12753E+02
    70    0.14661E+01    0.12612E+02
    71    0.14870E+01    0.12524E+02
    72    0.15080E+01    0.12384E+02
    73    0.15289E+01    0.12459E+02
    74    0.15499E+01    0.12262E+02
    75    0.15708E+01    0.12307E+02
    76    0.15917E+01    0.12316E+02
    77    0.16127E+01    0.12003E+02
    78    0.16336E+01    0.11926E+02
    79    0.16546E+01    0.11881E+02
    80    0.16755E+01    0.11694E+02
    81    0.16965E+01    0.11616E+02
    82    0.17174E+01    0.11539E+02
    83    0.17383E+01    0.11421E+02
    84    0.17593E+01    0.11355E+02
    85    0.17802E+01    0.11321E+02
    86    0.18012E+01    0.11236E+02
    87    0.18221E+01    0.11212E+02
    88    0.18431E+01    0.10994E+02
    89    0.18640E+01    0.10889E+02
    90    0.18850E+01    0.10817E+02
    91    0.19059E+01    0.10695E+02
    92    0.19268E+01    0.10526E+02
    93    0.19478E+01    0.10472E+02
    94    0.19687E+01    0.10454E+02
    95    0.19897E+01    0.10349E+02
    96    0.20106E+01    0.10244E+02
    97    0.20316E+01    0.10087E+02
    98    0.20525E+01    0.10021E+02
    99    0.20735E+01    0.99510E+01
   100    0.20944E+01    0.97256E+01
   101    0.21153E+01    0.96795E+01
   102    0.21363E+01    0.95545E+01
   103    0.21572E+01    0.95104E+01
   104    0.21782E+01    0.93727E+01
   105    0.21991E+01    0.92803E+01
   106    0.22201E+01    0.91412E+01
   107    0.22410E+01    0.90399E+01
   108    0.22619E+01    0.89644E+01
   109    0.22829E+01    0.89147E+01
   110    0.23038E+01    0.87891E+01
   111    0.23248E+01    0.86923E+01
   112    0.23457E+01    0.86012E+01
   113    0.23667E+01    0.85116E+01
   114    0.23876E+01    0.84224E+01
   115    0.24086E+01    0.83378E+01
   116    0.24295E+01    0.82909E+01
   117    0.24504E+01    0.82154E+01
   118    0.24714E+01    0.80774E+01
   119    0.24923E+01    0.79774E+01
   120    0.25133E+01    0.78924E+01
   121    0.25342E+01    0.78234E+01
   122    0.25552E+01    0.77319E+01
   123    0.25761E+01    0.76940E+01
   124    0.25970E+01    0.76433E+01
   125    0.26180E+01    0.75195E+01
   126    0.26389E+01    0.74337E+01
   127    0.26599E+01    0.73995E+01
   128    0.26808E+01    0.73608E+01
   129    0.27018E+01    0.72467E+01
   130    0.27227E+01    0.72061E+01
   131    0.27437E+01    0.71131E+01
   132    0.27646E+01    0.70613E+01
   133    0.27855E+01    0.70116E+01
   134    0.28065E+01    0.69604E+01
   135    0.28274E+01    0.68924E+01
   136    0.28484E+01    0.68343E+01
   137    0.28693E+01    0.68272E+01
   138    0.28903E+01    0.68106E+01
   139    0.29112E+01    0.67300E+01
   140    0.29322E+01    0.67146E+01
   141    0.29531E+01    0.66389E+01
   142    0.29740E+01    0.66226E+01
   143    0.29950E+01    0.65889E+01
   144    0.30159E+01    0.65831E+01
   145    0.30369E+01    0.65950E+01
   146    0.30578E+01    0.65377E+01
   147    0.30788E+01    0.65597E+01
   148    0.30997E+01    0.65746E+01
   149    0.31206E+01    0.65277E+01
