k[unitless]    k[h/Mpc]    D^2(k)
     1    0.20944E-01    0.29607E-01
     2    0.41888E-01    0.78586E-01
     3    0.62832E-01    0.12526E+00
     4    0.83776E-01    0.23701E+00
     5    0.10472E+00    0.38124E+00
     6    0.12566E+00    0.39154E+00
     7    0.14661E+00    0.45040E+00
     8    0.16755E+00    0.44031E+00
     9    0.18850E+00    0.47286E+00
    10    0.20944E+00    0.49004E+00
    11    0.23038E+00    0.52091E+00
    12    0.25133E+00    0.58472E+00
    13    0.27227E+00    0.59496E+00
    14    0.29322E+00    0.56018E+00
    15    0.31416E+00    0.53243E+00
    16    0.33510E+00    0.55020E+00
    17    0.35605E+00    0.59962E+00
    18    0.37699E+00    0.60589E+00
    19    0.39794E+00    0.61191E+00
    20    0.41888E+00    0.58498E+00
    21    0.43982E+00    0.58232E+00
    22    0.46077E+00    0.56718E+00
    23    0.48171E+00    0.56364E+00
    24    0.50265E+00    0.56380E+00
    25    0.52360E+00    0.56512E+00
    26    0.54454E+00    0.55305E+00
    27    0.56549E+00    0.55101E+00
    28    0.58643E+00    0.56373E+00
    29    0.60737E+00    0.58654E+00
    30    0.62832E+00    0.56627E+00
    31    0.64926E+00    0.55388E+00
    32    0.67021E+00    0.56461E+00
    33    0.69115E+00    0.57960E+00
    34    0.71209E+00    0.57743E+00
    35    0.73304E+00    0.57229E+00
    36    0.75398E+00    0.57955E+00
    37    0.77493E+00    0.58896E+00
    38    0.79587E+00    0.57752E+00
    39    0.81681E+00    0.57632E+00
    40    0.83776E+00    0.57943E+00
    41    0.85870E+00    0.57692E+00
    42    0.87965E+00    0.58092E+00
    43    0.90059E+00    0.58696E+00
    44    0.92153E+00    0.58772E+00
    45    0.94248E+00    0.58666E+00
    46    0.96342E+00    0.58531E+00
    47    0.98437E+00    0.56737E+00
    48    0.10053E+01    0.55765E+00
    49    0.10263E+01    0.55490E+00
    50    0.10472E+01    0.54187E+00
    51    0.10681E+01    0.54468E+00
    52    0.10891E+01    0.53382E+00
    53    0.11100E+01    0.53021E+00
    54    0.11310E+01    0.53392E+00
    55    0.11519E+01    0.54295E+00
    56    0.11729E+01    0.54428E+00
    57    0.11938E+01    0.54079E+00
    58    0.12147E+01    0.54805E+00
    59    0.12357E+01    0.53417E+00
    60    0.12566E+01    0.52659E+00
    61    0.12776E+01    0.52814E+00
    62    0.12985E+01    0.52057E+00
    63    0.13195E+01    0.52041E+00
    64    0.13404E+01    0.51384E+00
    65    0.13614E+01    0.50644E+00
    66    0.13823E+01    0.50305E+00
    67    0.14032E+01    0.51091E+00
    68    0.14242E+01    0.50254E+00
    69    0.14451E+01    0.50481E+00
    70    0.14661E+01    0.50004E+00
    71    0.14870E+01    0.49823E+00
    72    0.15080E+01    0.49736E+00
    73    0.15289E+01    0.50476E+00
    74    0.15499E+01    0.49586E+00
    75    0.15708E+01    0.47897E+00
    76    0.15917E+01    0.47258E+00
    77    0.16127E+01    0.46559E+00
    78    0.16336E+01    0.46450E+00
    79    0.16546E+01    0.46703E+00
    80    0.16755E+01    0.46337E+00
    81    0.16965E+01    0.45763E+00
    82    0.17174E+01    0.45659E+00
    83    0.17383E+01    0.45466E+00
    84    0.17593E+01    0.45118E+00
    85    0.17802E+01    0.44749E+00
    86    0.18012E+01    0.44034E+00
    87    0.18221E+01    0.43958E+00
    88    0.18431E+01    0.43503E+00
    89    0.18640E+01    0.43238E+00
    90    0.18850E+01    0.42891E+00
    91    0.19059E+01    0.43351E+00
    92    0.19268E+01    0.42448E+00
    93    0.19478E+01    0.41985E+00
    94    0.19687E+01    0.41949E+00
    95    0.19897E+01    0.41748E+00
    96    0.20106E+01    0.40914E+00
    97    0.20316E+01    0.40500E+00
    98    0.20525E+01    0.40663E+00
    99    0.20735E+01    0.40695E+00
   100    0.20944E+01    0.40612E+00
   101    0.21153E+01    0.40138E+00
   102    0.21363E+01    0.39861E+00
   103    0.21572E+01    0.39713E+00
   104    0.21782E+01    0.39342E+00
   105    0.21991E+01    0.38612E+00
   106    0.22201E+01    0.38357E+00
   107    0.22410E+01    0.38139E+00
   108    0.22619E+01    0.37849E+00
   109    0.22829E+01    0.37100E+00
   110    0.23038E+01    0.36794E+00
   111    0.23248E+01    0.36555E+00
   112    0.23457E+01    0.35906E+00
   113    0.23667E+01    0.35337E+00
   114    0.23876E+01    0.35274E+00
   115    0.24086E+01    0.35024E+00
   116    0.24295E+01    0.35130E+00
   117    0.24504E+01    0.34595E+00
   118    0.24714E+01    0.34144E+00
   119    0.24923E+01    0.34195E+00
   120    0.25133E+01    0.33726E+00
   121    0.25342E+01    0.33319E+00
   122    0.25552E+01    0.33035E+00
   123    0.25761E+01    0.32753E+00
   124    0.25970E+01    0.32458E+00
   125    0.26180E+01    0.32243E+00
   126    0.26389E+01    0.32454E+00
   127    0.26599E+01    0.32110E+00
   128    0.26808E+01    0.31833E+00
   129    0.27018E+01    0.31738E+00
   130    0.27227E+01    0.31630E+00
   131    0.27437E+01    0.31699E+00
   132    0.27646E+01    0.31410E+00
   133    0.27855E+01    0.30780E+00
   134    0.28065E+01    0.30805E+00
   135    0.28274E+01    0.30967E+00
   136    0.28484E+01    0.30716E+00
   137    0.28693E+01    0.30484E+00
   138    0.28903E+01    0.30071E+00
   139    0.29112E+01    0.30253E+00
   140    0.29322E+01    0.30206E+00
   141    0.29531E+01    0.30176E+00
   142    0.29740E+01    0.30160E+00
   143    0.29950E+01    0.30174E+00
   144    0.30159E+01    0.29953E+00
   145    0.30369E+01    0.29890E+00
   146    0.30578E+01    0.29902E+00
   147    0.30788E+01    0.29918E+00
   148    0.30997E+01    0.30010E+00
   149    0.31206E+01    0.29973E+00
