k[unitless]    k[h/Mpc]    D^2(k)
     1    0.20944E-01    0.82312E-01
     2    0.41888E-01    0.33115E+00
     3    0.62832E-01    0.88285E+00
     4    0.83776E-01    0.17650E+01
     5    0.10472E+00    0.28295E+01
     6    0.12566E+00    0.41577E+01
     7    0.14661E+00    0.56811E+01
     8    0.16755E+00    0.66273E+01
     9    0.18850E+00    0.84708E+01
    10    0.20944E+00    0.10288E+02
    11    0.23038E+00    0.12792E+02
    12    0.25133E+00    0.14599E+02
    13    0.27227E+00    0.16025E+02
    14    0.29322E+00    0.17754E+02
    15    0.31416E+00    0.20141E+02
    16    0.33510E+00    0.21743E+02
    17    0.35605E+00    0.22609E+02
    18    0.37699E+00    0.25060E+02
    19    0.39794E+00    0.27358E+02
    20    0.41888E+00    0.28040E+02
    21    0.43982E+00    0.28969E+02
    22    0.46077E+00    0.30452E+02
    23    0.48171E+00    0.30906E+02
    24    0.50265E+00    0.30786E+02
    25    0.52360E+00    0.31665E+02
    26    0.54454E+00    0.32930E+02
    27    0.56549E+00    0.32462E+02
    28    0.58643E+00    0.32881E+02
    29    0.60737E+00    0.33412E+02
    30    0.62832E+00    0.33480E+02
    31    0.64926E+00    0.33836E+02
    32    0.67021E+00    0.33843E+02
    33    0.69115E+00    0.34247E+02
    34    0.71209E+00    0.33944E+02
    35    0.73304E+00    0.33519E+02
    36    0.75398E+00    0.33770E+02
    37    0.77493E+00    0.34101E+02
    38    0.79587E+00    0.33865E+02
    39    0.81681E+00    0.34230E+02
    40    0.83776E+00    0.34618E+02
    41    0.85870E+00    0.34427E+02
    42    0.87965E+00    0.34320E+02
    43    0.90059E+00    0.34700E+02
    44    0.92153E+00    0.34796E+02
    45    0.94248E+00    0.34963E+02
    46    0.96342E+00    0.34893E+02
    47    0.98437E+00    0.34993E+02
    48    0.10053E+01    0.35265E+02
    49    0.10263E+01    0.35268E+02
    50    0.10472E+01    0.34946E+02
    51    0.10681E+01    0.34963E+02
    52    0.10891E+01    0.35588E+02
    53    0.11100E+01    0.34556E+02
    54    0.11310E+01    0.35423E+02
    55    0.11519E+01    0.35603E+02
    56    0.11729E+01    0.35031E+02
    57    0.11938E+01    0.35188E+02
    58    0.12147E+01    0.34850E+02
    59    0.12357E+01    0.34903E+02
    60    0.12566E+01    0.35006E+02
    61    0.12776E+01    0.34758E+02
    62    0.12985E+01    0.34880E+02
    63    0.13195E+01    0.34326E+02
    64    0.13404E+01    0.34432E+02
    65    0.13614E+01    0.34310E+02
    66    0.13823E+01    0.34014E+02
    67    0.14032E+01    0.33454E+02
    68    0.14242E+01    0.33663E+02
    69    0.14451E+01    0.33451E+02
    70    0.14661E+01    0.33029E+02
    71    0.14870E+01    0.32997E+02
    72    0.15080E+01    0.32451E+02
    73    0.15289E+01    0.32231E+02
    74    0.15499E+01    0.32004E+02
    75    0.15708E+01    0.32106E+02
    76    0.15917E+01    0.31606E+02
    77    0.16127E+01    0.31215E+02
    78    0.16336E+01    0.31066E+02
    79    0.16546E+01    0.31005E+02
    80    0.16755E+01    0.30730E+02
    81    0.16965E+01    0.30200E+02
    82    0.17174E+01    0.29684E+02
    83    0.17383E+01    0.29439E+02
    84    0.17593E+01    0.29062E+02
    85    0.17802E+01    0.28916E+02
    86    0.18012E+01    0.28525E+02
    87    0.18221E+01    0.28453E+02
    88    0.18431E+01    0.28124E+02
    89    0.18640E+01    0.27659E+02
    90    0.18850E+01    0.27507E+02
    91    0.19059E+01    0.26678E+02
    92    0.19268E+01    0.26519E+02
    93    0.19478E+01    0.26249E+02
    94    0.19687E+01    0.25917E+02
    95    0.19897E+01    0.25380E+02
    96    0.20106E+01    0.25516E+02
    97    0.20316E+01    0.24800E+02
    98    0.20525E+01    0.24467E+02
    99    0.20735E+01    0.24024E+02
   100    0.20944E+01    0.23681E+02
   101    0.21153E+01    0.23220E+02
   102    0.21363E+01    0.23017E+02
   103    0.21572E+01    0.22341E+02
   104    0.21782E+01    0.22235E+02
   105    0.21991E+01    0.21809E+02
   106    0.22201E+01    0.21514E+02
   107    0.22410E+01    0.21134E+02
   108    0.22619E+01    0.20957E+02
   109    0.22829E+01    0.20440E+02
   110    0.23038E+01    0.20093E+02
   111    0.23248E+01    0.19494E+02
   112    0.23457E+01    0.19294E+02
   113    0.23667E+01    0.18906E+02
   114    0.23876E+01    0.18569E+02
   115    0.24086E+01    0.18180E+02
   116    0.24295E+01    0.17875E+02
   117    0.24504E+01    0.17592E+02
   118    0.24714E+01    0.17204E+02
   119    0.24923E+01    0.16933E+02
   120    0.25133E+01    0.16669E+02
   121    0.25342E+01    0.16140E+02
   122    0.25552E+01    0.15905E+02
   123    0.25761E+01    0.15671E+02
   124    0.25970E+01    0.15266E+02
   125    0.26180E+01    0.14880E+02
   126    0.26389E+01    0.14669E+02
   127    0.26599E+01    0.14243E+02
   128    0.26808E+01    0.13953E+02
   129    0.27018E+01    0.13725E+02
   130    0.27227E+01    0.13291E+02
   131    0.27437E+01    0.13054E+02
   132    0.27646E+01    0.12738E+02
   133    0.27855E+01    0.12556E+02
   134    0.28065E+01    0.12289E+02
   135    0.28274E+01    0.11975E+02
   136    0.28484E+01    0.11671E+02
   137    0.28693E+01    0.11428E+02
   138    0.28903E+01    0.11258E+02
   139    0.29112E+01    0.11012E+02
   140    0.29322E+01    0.10834E+02
   141    0.29531E+01    0.10581E+02
   142    0.29740E+01    0.10357E+02
   143    0.29950E+01    0.10099E+02
   144    0.30159E+01    0.99108E+01
   145    0.30369E+01    0.97406E+01
   146    0.30578E+01    0.95270E+01
   147    0.30788E+01    0.93804E+01
   148    0.30997E+01    0.92617E+01
   149    0.31206E+01    0.90684E+01
