k[unitless]    k[h/Mpc]    D^2(k)
     1    0.20944E-01    0.10880E+01
     2    0.41888E-01    0.60656E+01
     3    0.62832E-01    0.14341E+02
     4    0.83776E-01    0.20793E+02
     5    0.10472E+00    0.22248E+02
     6    0.12566E+00    0.26498E+02
     7    0.14661E+00    0.30944E+02
     8    0.16755E+00    0.29552E+02
     9    0.18850E+00    0.31568E+02
    10    0.20944E+00    0.34707E+02
    11    0.23038E+00    0.33290E+02
    12    0.25133E+00    0.33312E+02
    13    0.27227E+00    0.35727E+02
    14    0.29322E+00    0.33994E+02
    15    0.31416E+00    0.33320E+02
    16    0.33510E+00    0.35701E+02
    17    0.35605E+00    0.35106E+02
    18    0.37699E+00    0.36071E+02
    19    0.39794E+00    0.36120E+02
    20    0.41888E+00    0.36693E+02
    21    0.43982E+00    0.37558E+02
    22    0.46077E+00    0.36177E+02
    23    0.48171E+00    0.37104E+02
    24    0.50265E+00    0.37025E+02
    25    0.52360E+00    0.35746E+02
    26    0.54454E+00    0.36578E+02
    27    0.56549E+00    0.37006E+02
    28    0.58643E+00    0.36996E+02
    29    0.60737E+00    0.37282E+02
    30    0.62832E+00    0.37053E+02
    31    0.64926E+00    0.36076E+02
    32    0.67021E+00    0.37410E+02
    33    0.69115E+00    0.36688E+02
    34    0.71209E+00    0.36548E+02
    35    0.73304E+00    0.36561E+02
    36    0.75398E+00    0.36748E+02
    37    0.77493E+00    0.36730E+02
    38    0.79587E+00    0.36826E+02
    39    0.81681E+00    0.37014E+02
    40    0.83776E+00    0.37122E+02
    41    0.85870E+00    0.36911E+02
    42    0.87965E+00    0.36600E+02
    43    0.90059E+00    0.36831E+02
    44    0.92153E+00    0.36747E+02
    45    0.94248E+00    0.36597E+02
    46    0.96342E+00    0.36850E+02
    47    0.98437E+00    0.36466E+02
    48    0.10053E+01    0.36633E+02
    49    0.10263E+01    0.36101E+02
    50    0.10472E+01    0.36063E+02
    51    0.10681E+01    0.35846E+02
    52    0.10891E+01    0.36104E+02
    53    0.11100E+01    0.35789E+02
    54    0.11310E+01    0.35407E+02
    55    0.11519E+01    0.35589E+02
    56    0.11729E+01    0.34960E+02
    57    0.11938E+01    0.35326E+02
    58    0.12147E+01    0.35198E+02
    59    0.12357E+01    0.34691E+02
    60    0.12566E+01    0.34484E+02
    61    0.12776E+01    0.34318E+02
    62    0.12985E+01    0.34442E+02
    63    0.13195E+01    0.34040E+02
    64    0.13404E+01    0.33655E+02
    65    0.13614E+01    0.33494E+02
    66    0.13823E+01    0.33574E+02
    67    0.14032E+01    0.33035E+02
    68    0.14242E+01    0.33183E+02
    69    0.14451E+01    0.32566E+02
    70    0.14661E+01    0.32450E+02
    71    0.14870E+01    0.32129E+02
    72    0.15080E+01    0.31842E+02
    73    0.15289E+01    0.31559E+02
    74    0.15499E+01    0.31697E+02
    75    0.15708E+01    0.31151E+02
    76    0.15917E+01    0.30845E+02
    77    0.16127E+01    0.30575E+02
    78    0.16336E+01    0.30387E+02
    79    0.16546E+01    0.30355E+02
    80    0.16755E+01    0.29905E+02
    81    0.16965E+01    0.29768E+02
    82    0.17174E+01    0.29581E+02
    83    0.17383E+01    0.29359E+02
    84    0.17593E+01    0.28824E+02
    85    0.17802E+01    0.28846E+02
    86    0.18012E+01    0.28454E+02
    87    0.18221E+01    0.28042E+02
    88    0.18431E+01    0.27983E+02
    89    0.18640E+01    0.27586E+02
    90    0.18850E+01    0.27140E+02
    91    0.19059E+01    0.26863E+02
    92    0.19268E+01    0.26737E+02
    93    0.19478E+01    0.26555E+02
    94    0.19687E+01    0.26040E+02
    95    0.19897E+01    0.25469E+02
    96    0.20106E+01    0.25607E+02
    97    0.20316E+01    0.25302E+02
    98    0.20525E+01    0.24873E+02
    99    0.20735E+01    0.24694E+02
   100    0.20944E+01    0.24244E+02
   101    0.21153E+01    0.24010E+02
   102    0.21363E+01    0.23825E+02
   103    0.21572E+01    0.23619E+02
   104    0.21782E+01    0.23359E+02
   105    0.21991E+01    0.23042E+02
   106    0.22201E+01    0.22762E+02
   107    0.22410E+01    0.22541E+02
   108    0.22619E+01    0.22273E+02
   109    0.22829E+01    0.21858E+02
   110    0.23038E+01    0.21706E+02
   111    0.23248E+01    0.21513E+02
   112    0.23457E+01    0.21239E+02
   113    0.23667E+01    0.21009E+02
   114    0.23876E+01    0.20728E+02
   115    0.24086E+01    0.20476E+02
   116    0.24295E+01    0.20077E+02
   117    0.24504E+01    0.19928E+02
   118    0.24714E+01    0.19726E+02
   119    0.24923E+01    0.19519E+02
   120    0.25133E+01    0.19158E+02
   121    0.25342E+01    0.18972E+02
   122    0.25552E+01    0.18840E+02
   123    0.25761E+01    0.18612E+02
   124    0.25970E+01    0.18362E+02
   125    0.26180E+01    0.18094E+02
   126    0.26389E+01    0.17913E+02
   127    0.26599E+01    0.17593E+02
   128    0.26808E+01    0.17534E+02
   129    0.27018E+01    0.17277E+02
   130    0.27227E+01    0.17093E+02
   131    0.27437E+01    0.16944E+02
   132    0.27646E+01    0.16741E+02
   133    0.27855E+01    0.16693E+02
   134    0.28065E+01    0.16459E+02
   135    0.28274E+01    0.16288E+02
   136    0.28484E+01    0.16051E+02
   137    0.28693E+01    0.16035E+02
   138    0.28903E+01    0.15858E+02
   139    0.29112E+01    0.15786E+02
   140    0.29322E+01    0.15603E+02
   141    0.29531E+01    0.15630E+02
   142    0.29740E+01    0.15415E+02
   143    0.29950E+01    0.15346E+02
   144    0.30159E+01    0.15381E+02
   145    0.30369E+01    0.15253E+02
   146    0.30578E+01    0.15199E+02
   147    0.30788E+01    0.15138E+02
   148    0.30997E+01    0.15048E+02
   149    0.31206E+01    0.15049E+02
