k[unitless]    k[h/Mpc]    D^2(k)
     1    0.20944E-01    0.62183E-01
     2    0.41888E-01    0.16757E+00
     3    0.62832E-01    0.26248E+00
     4    0.83776E-01    0.44187E+00
     5    0.10472E+00    0.71454E+00
     6    0.12566E+00    0.73767E+00
     7    0.14661E+00    0.84230E+00
     8    0.16755E+00    0.78967E+00
     9    0.18850E+00    0.88360E+00
    10    0.20944E+00    0.90279E+00
    11    0.23038E+00    0.95646E+00
    12    0.25133E+00    0.10001E+01
    13    0.27227E+00    0.98720E+00
    14    0.29322E+00    0.95737E+00
    15    0.31416E+00    0.89798E+00
    16    0.33510E+00    0.96451E+00
    17    0.35605E+00    0.10162E+01
    18    0.37699E+00    0.10306E+01
    19    0.39794E+00    0.99793E+00
    20    0.41888E+00    0.98623E+00
    21    0.43982E+00    0.96534E+00
    22    0.46077E+00    0.95472E+00
    23    0.48171E+00    0.95535E+00
    24    0.50265E+00    0.98093E+00
    25    0.52360E+00    0.96288E+00
    26    0.54454E+00    0.97088E+00
    27    0.56549E+00    0.94015E+00
    28    0.58643E+00    0.97267E+00
    29    0.60737E+00    0.98710E+00
    30    0.62832E+00    0.96848E+00
    31    0.64926E+00    0.96035E+00
    32    0.67021E+00    0.99632E+00
    33    0.69115E+00    0.99924E+00
    34    0.71209E+00    0.98014E+00
    35    0.73304E+00    0.96548E+00
    36    0.75398E+00    0.10055E+01
    37    0.77493E+00    0.99813E+00
    38    0.79587E+00    0.98035E+00
    39    0.81681E+00    0.97565E+00
    40    0.83776E+00    0.98982E+00
    41    0.85870E+00    0.97701E+00
    42    0.87965E+00    0.97729E+00
    43    0.90059E+00    0.99553E+00
    44    0.92153E+00    0.97944E+00
    45    0.94248E+00    0.97576E+00
    46    0.96342E+00    0.96798E+00
    47    0.98437E+00    0.94296E+00
    48    0.10053E+01    0.94207E+00
    49    0.10263E+01    0.93728E+00
    50    0.10472E+01    0.92738E+00
    51    0.10681E+01    0.92228E+00
    52    0.10891E+01    0.90726E+00
    53    0.11100E+01    0.91511E+00
    54    0.11310E+01    0.91302E+00
    55    0.11519E+01    0.92433E+00
    56    0.11729E+01    0.91734E+00
    57    0.11938E+01    0.90604E+00
    58    0.12147E+01    0.91353E+00
    59    0.12357E+01    0.89594E+00
    60    0.12566E+01    0.89256E+00
    61    0.12776E+01    0.88539E+00
    62    0.12985E+01    0.87885E+00
    63    0.13195E+01    0.87360E+00
    64    0.13404E+01    0.87763E+00
    65    0.13614E+01    0.86763E+00
    66    0.13823E+01    0.87255E+00
    67    0.14032E+01    0.87331E+00
    68    0.14242E+01    0.86814E+00
    69    0.14451E+01    0.86101E+00
    70    0.14661E+01    0.85480E+00
    71    0.14870E+01    0.85460E+00
    72    0.15080E+01    0.84229E+00
    73    0.15289E+01    0.85290E+00
    74    0.15499E+01    0.83838E+00
    75    0.15708E+01    0.82165E+00
    76    0.15917E+01    0.81545E+00
    77    0.16127E+01    0.80998E+00
    78    0.16336E+01    0.80979E+00
    79    0.16546E+01    0.80660E+00
    80    0.16755E+01    0.80873E+00
    81    0.16965E+01    0.80287E+00
    82    0.17174E+01    0.79359E+00
    83    0.17383E+01    0.78569E+00
    84    0.17593E+01    0.77502E+00
    85    0.17802E+01    0.76220E+00
    86    0.18012E+01    0.76233E+00
    87    0.18221E+01    0.76101E+00
    88    0.18431E+01    0.75356E+00
    89    0.18640E+01    0.74350E+00
    90    0.18850E+01    0.73675E+00
    91    0.19059E+01    0.73401E+00
    92    0.19268E+01    0.72349E+00
    93    0.19478E+01    0.72047E+00
    94    0.19687E+01    0.71702E+00
    95    0.19897E+01    0.71246E+00
    96    0.20106E+01    0.70423E+00
    97    0.20316E+01    0.70143E+00
    98    0.20525E+01    0.70033E+00
    99    0.20735E+01    0.69488E+00
   100    0.20944E+01    0.68682E+00
   101    0.21153E+01    0.68570E+00
   102    0.21363E+01    0.67078E+00
   103    0.21572E+01    0.67603E+00
   104    0.21782E+01    0.66797E+00
   105    0.21991E+01    0.65170E+00
   106    0.22201E+01    0.64610E+00
   107    0.22410E+01    0.64027E+00
   108    0.22619E+01    0.63274E+00
   109    0.22829E+01    0.62437E+00
   110    0.23038E+01    0.61787E+00
   111    0.23248E+01    0.61499E+00
   112    0.23457E+01    0.60755E+00
   113    0.23667E+01    0.60513E+00
   114    0.23876E+01    0.60170E+00
   115    0.24086E+01    0.59526E+00
   116    0.24295E+01    0.59137E+00
   117    0.24504E+01    0.58395E+00
   118    0.24714E+01    0.58135E+00
   119    0.24923E+01    0.57850E+00
   120    0.25133E+01    0.57391E+00
   121    0.25342E+01    0.56785E+00
   122    0.25552E+01    0.56312E+00
   123    0.25761E+01    0.56479E+00
   124    0.25970E+01    0.56084E+00
   125    0.26180E+01    0.54971E+00
   126    0.26389E+01    0.54942E+00
   127    0.26599E+01    0.54588E+00
   128    0.26808E+01    0.54396E+00
   129    0.27018E+01    0.54119E+00
   130    0.27227E+01    0.53605E+00
   131    0.27437E+01    0.53189E+00
   132    0.27646E+01    0.53060E+00
   133    0.27855E+01    0.52782E+00
   134    0.28065E+01    0.52490E+00
   135    0.28274E+01    0.52134E+00
   136    0.28484E+01    0.51556E+00
   137    0.28693E+01    0.51472E+00
   138    0.28903E+01    0.51031E+00
   139    0.29112E+01    0.50795E+00
   140    0.29322E+01    0.51320E+00
   141    0.29531E+01    0.50891E+00
   142    0.29740E+01    0.51141E+00
   143    0.29950E+01    0.50798E+00
   144    0.30159E+01    0.50839E+00
   145    0.30369E+01    0.50644E+00
   146    0.30578E+01    0.50688E+00
   147    0.30788E+01    0.51005E+00
   148    0.30997E+01    0.51010E+00
   149    0.31206E+01    0.51120E+00
