k[unitless]    k[h/Mpc]    D^2(k)
     1    0.20944E-01    0.10106E+00
     2    0.41888E-01    0.30003E+00
     3    0.62832E-01    0.50256E+00
     4    0.83776E-01    0.65073E+00
     5    0.10472E+00    0.10990E+01
     6    0.12566E+00    0.11194E+01
     7    0.14661E+00    0.12181E+01
     8    0.16755E+00    0.10799E+01
     9    0.18850E+00    0.12084E+01
    10    0.20944E+00    0.12512E+01
    11    0.23038E+00    0.12902E+01
    12    0.25133E+00    0.11730E+01
    13    0.27227E+00    0.12096E+01
    14    0.29322E+00    0.11998E+01
    15    0.31416E+00    0.11311E+01
    16    0.33510E+00    0.12193E+01
    17    0.35605E+00    0.11968E+01
    18    0.37699E+00    0.11932E+01
    19    0.39794E+00    0.12188E+01
    20    0.41888E+00    0.12404E+01
    21    0.43982E+00    0.11782E+01
    22    0.46077E+00    0.11806E+01
    23    0.48171E+00    0.11839E+01
    24    0.50265E+00    0.11661E+01
    25    0.52360E+00    0.11547E+01
    26    0.54454E+00    0.11335E+01
    27    0.56549E+00    0.11309E+01
    28    0.58643E+00    0.11442E+01
    29    0.60737E+00    0.11255E+01
    30    0.62832E+00    0.10921E+01
    31    0.64926E+00    0.10552E+01
    32    0.67021E+00    0.10861E+01
    33    0.69115E+00    0.10840E+01
    34    0.71209E+00    0.10721E+01
    35    0.73304E+00    0.10734E+01
    36    0.75398E+00    0.10954E+01
    37    0.77493E+00    0.10695E+01
    38    0.79587E+00    0.10754E+01
    39    0.81681E+00    0.10685E+01
    40    0.83776E+00    0.10578E+01
    41    0.85870E+00    0.10637E+01
    42    0.87965E+00    0.10734E+01
    43    0.90059E+00    0.10562E+01
    44    0.92153E+00    0.10371E+01
    45    0.94248E+00    0.10343E+01
    46    0.96342E+00    0.10461E+01
    47    0.98437E+00    0.10586E+01
    48    0.10053E+01    0.10495E+01
    49    0.10263E+01    0.10337E+01
    50    0.10472E+01    0.10305E+01
    51    0.10681E+01    0.10294E+01
    52    0.10891E+01    0.10400E+01
    53    0.11100E+01    0.10267E+01
    54    0.11310E+01    0.10206E+01
    55    0.11519E+01    0.10214E+01
    56    0.11729E+01    0.99895E+00
    57    0.11938E+01    0.10005E+01
    58    0.12147E+01    0.10004E+01
    59    0.12357E+01    0.99145E+00
    60    0.12566E+01    0.98852E+00
    61    0.12776E+01    0.10036E+01
    62    0.12985E+01    0.10005E+01
    63    0.13195E+01    0.99031E+00
    64    0.13404E+01    0.99509E+00
    65    0.13614E+01    0.98680E+00
    66    0.13823E+01    0.97205E+00
    67    0.14032E+01    0.98555E+00
    68    0.14242E+01    0.98670E+00
    69    0.14451E+01    0.98688E+00
    70    0.14661E+01    0.98800E+00
    71    0.14870E+01    0.98114E+00
    72    0.15080E+01    0.98771E+00
    73    0.15289E+01    0.98798E+00
    74    0.15499E+01    0.96267E+00
    75    0.15708E+01    0.96016E+00
    76    0.15917E+01    0.95251E+00
    77    0.16127E+01    0.95711E+00
    78    0.16336E+01    0.95944E+00
    79    0.16546E+01    0.95707E+00
    80    0.16755E+01    0.95605E+00
    81    0.16965E+01    0.95818E+00
    82    0.17174E+01    0.95762E+00
    83    0.17383E+01    0.95689E+00
    84    0.17593E+01    0.95292E+00
    85    0.17802E+01    0.95306E+00
    86    0.18012E+01    0.94618E+00
    87    0.18221E+01    0.94520E+00
    88    0.18431E+01    0.94068E+00
    89    0.18640E+01    0.94592E+00
    90    0.18850E+01    0.93239E+00
    91    0.19059E+01    0.92889E+00
    92    0.19268E+01    0.92922E+00
    93    0.19478E+01    0.92492E+00
    94    0.19687E+01    0.92393E+00
    95    0.19897E+01    0.91438E+00
    96    0.20106E+01    0.91968E+00
    97    0.20316E+01    0.91920E+00
    98    0.20525E+01    0.92058E+00
    99    0.20735E+01    0.91446E+00
   100    0.20944E+01    0.90990E+00
   101    0.21153E+01    0.90626E+00
   102    0.21363E+01    0.90652E+00
   103    0.21572E+01    0.90125E+00
   104    0.21782E+01    0.89476E+00
   105    0.21991E+01    0.88402E+00
   106    0.22201E+01    0.88407E+00
   107    0.22410E+01    0.88344E+00
   108    0.22619E+01    0.88589E+00
   109    0.22829E+01    0.88511E+00
   110    0.23038E+01    0.87728E+00
   111    0.23248E+01    0.87868E+00
   112    0.23457E+01    0.87505E+00
   113    0.23667E+01    0.87804E+00
   114    0.23876E+01    0.86992E+00
   115    0.24086E+01    0.87086E+00
   116    0.24295E+01    0.86985E+00
   117    0.24504E+01    0.86292E+00
   118    0.24714E+01    0.85514E+00
   119    0.24923E+01    0.85479E+00
   120    0.25133E+01    0.84457E+00
   121    0.25342E+01    0.83860E+00
   122    0.25552E+01    0.83925E+00
   123    0.25761E+01    0.83282E+00
   124    0.25970E+01    0.84046E+00
   125    0.26180E+01    0.83102E+00
   126    0.26389E+01    0.83322E+00
   127    0.26599E+01    0.82817E+00
   128    0.26808E+01    0.82578E+00
   129    0.27018E+01    0.82182E+00
   130    0.27227E+01    0.81704E+00
   131    0.27437E+01    0.81621E+00
   132    0.27646E+01    0.81349E+00
   133    0.27855E+01    0.81129E+00
   134    0.28065E+01    0.80673E+00
   135    0.28274E+01    0.80598E+00
   136    0.28484E+01    0.79238E+00
   137    0.28693E+01    0.79150E+00
   138    0.28903E+01    0.79045E+00
   139    0.29112E+01    0.78687E+00
   140    0.29322E+01    0.78884E+00
   141    0.29531E+01    0.78607E+00
   142    0.29740E+01    0.77921E+00
   143    0.29950E+01    0.77895E+00
   144    0.30159E+01    0.77904E+00
   145    0.30369E+01    0.77721E+00
   146    0.30578E+01    0.77440E+00
   147    0.30788E+01    0.77332E+00
   148    0.30997E+01    0.77914E+00
   149    0.31206E+01    0.78101E+00
