k[unitless]    k[h/Mpc]    D^2(k)
     1    0.20944E-01    0.30755E+00
     2    0.41888E-01    0.15121E+01
     3    0.62832E-01    0.41064E+01
     4    0.83776E-01    0.68980E+01
     5    0.10472E+00    0.80794E+01
     6    0.12566E+00    0.10673E+02
     7    0.14661E+00    0.13169E+02
     8    0.16755E+00    0.13847E+02
     9    0.18850E+00    0.16019E+02
    10    0.20944E+00    0.17200E+02
    11    0.23038E+00    0.17886E+02
    12    0.25133E+00    0.17779E+02
    13    0.27227E+00    0.18797E+02
    14    0.29322E+00    0.18675E+02
    15    0.31416E+00    0.18950E+02
    16    0.33510E+00    0.19790E+02
    17    0.35605E+00    0.20020E+02
    18    0.37699E+00    0.19971E+02
    19    0.39794E+00    0.19620E+02
    20    0.41888E+00    0.20830E+02
    21    0.43982E+00    0.20703E+02
    22    0.46077E+00    0.20097E+02
    23    0.48171E+00    0.20132E+02
    24    0.50265E+00    0.20393E+02
    25    0.52360E+00    0.20584E+02
    26    0.54454E+00    0.20852E+02
    27    0.56549E+00    0.20425E+02
    28    0.58643E+00    0.20602E+02
    29    0.60737E+00    0.20758E+02
    30    0.62832E+00    0.20141E+02
    31    0.64926E+00    0.20535E+02
    32    0.67021E+00    0.20544E+02
    33    0.69115E+00    0.20576E+02
    34    0.71209E+00    0.19822E+02
    35    0.73304E+00    0.19900E+02
    36    0.75398E+00    0.20092E+02
    37    0.77493E+00    0.20076E+02
    38    0.79587E+00    0.20331E+02
    39    0.81681E+00    0.20573E+02
    40    0.83776E+00    0.20028E+02
    41    0.85870E+00    0.20383E+02
    42    0.87965E+00    0.20032E+02
    43    0.90059E+00    0.19803E+02
    44    0.92153E+00    0.19790E+02
    45    0.94248E+00    0.20052E+02
    46    0.96342E+00    0.19994E+02
    47    0.98437E+00    0.19964E+02
    48    0.10053E+01    0.20059E+02
    49    0.10263E+01    0.19910E+02
    50    0.10472E+01    0.19961E+02
    51    0.10681E+01    0.19887E+02
    52    0.10891E+01    0.19902E+02
    53    0.11100E+01    0.20261E+02
    54    0.11310E+01    0.19973E+02
    55    0.11519E+01    0.19978E+02
    56    0.11729E+01    0.19777E+02
    57    0.11938E+01    0.19682E+02
    58    0.12147E+01    0.19908E+02
    59    0.12357E+01    0.19785E+02
    60    0.12566E+01    0.19871E+02
    61    0.12776E+01    0.19787E+02
    62    0.12985E+01    0.20013E+02
    63    0.13195E+01    0.19833E+02
    64    0.13404E+01    0.20008E+02
    65    0.13614E+01    0.19985E+02
    66    0.13823E+01    0.20015E+02
    67    0.14032E+01    0.19836E+02
    68    0.14242E+01    0.20055E+02
    69    0.14451E+01    0.19843E+02
    70    0.14661E+01    0.20132E+02
    71    0.14870E+01    0.20231E+02
    72    0.15080E+01    0.20216E+02
    73    0.15289E+01    0.20160E+02
    74    0.15499E+01    0.20149E+02
    75    0.15708E+01    0.20302E+02
    76    0.15917E+01    0.20238E+02
    77    0.16127E+01    0.20446E+02
    78    0.16336E+01    0.20313E+02
    79    0.16546E+01    0.20551E+02
    80    0.16755E+01    0.20543E+02
    81    0.16965E+01    0.20583E+02
    82    0.17174E+01    0.20779E+02
    83    0.17383E+01    0.20890E+02
    84    0.17593E+01    0.20856E+02
    85    0.17802E+01    0.21076E+02
    86    0.18012E+01    0.20865E+02
    87    0.18221E+01    0.21181E+02
    88    0.18431E+01    0.21243E+02
    89    0.18640E+01    0.21242E+02
    90    0.18850E+01    0.21399E+02
    91    0.19059E+01    0.21317E+02
    92    0.19268E+01    0.21465E+02
    93    0.19478E+01    0.21629E+02
    94    0.19687E+01    0.21683E+02
    95    0.19897E+01    0.21613E+02
    96    0.20106E+01    0.21887E+02
    97    0.20316E+01    0.21955E+02
    98    0.20525E+01    0.21882E+02
    99    0.20735E+01    0.22014E+02
   100    0.20944E+01    0.22128E+02
   101    0.21153E+01    0.22069E+02
   102    0.21363E+01    0.22451E+02
   103    0.21572E+01    0.22292E+02
   104    0.21782E+01    0.22154E+02
   105    0.21991E+01    0.22358E+02
   106    0.22201E+01    0.22303E+02
   107    0.22410E+01    0.22459E+02
   108    0.22619E+01    0.22610E+02
   109    0.22829E+01    0.22581E+02
   110    0.23038E+01    0.22497E+02
   111    0.23248E+01    0.22724E+02
   112    0.23457E+01    0.22699E+02
   113    0.23667E+01    0.22712E+02
   114    0.23876E+01    0.22805E+02
   115    0.24086E+01    0.22719E+02
   116    0.24295E+01    0.22797E+02
   117    0.24504E+01    0.22552E+02
   118    0.24714E+01    0.22601E+02
   119    0.24923E+01    0.22759E+02
   120    0.25133E+01    0.22646E+02
   121    0.25342E+01    0.22526E+02
   122    0.25552E+01    0.22471E+02
   123    0.25761E+01    0.22557E+02
   124    0.25970E+01    0.22501E+02
   125    0.26180E+01    0.22315E+02
   126    0.26389E+01    0.22426E+02
   127    0.26599E+01    0.22179E+02
   128    0.26808E+01    0.21895E+02
   129    0.27018E+01    0.22058E+02
   130    0.27227E+01    0.21880E+02
   131    0.27437E+01    0.21884E+02
   132    0.27646E+01    0.21736E+02
   133    0.27855E+01    0.21480E+02
   134    0.28065E+01    0.21427E+02
   135    0.28274E+01    0.21245E+02
   136    0.28484E+01    0.21074E+02
   137    0.28693E+01    0.20920E+02
   138    0.28903E+01    0.20817E+02
   139    0.29112E+01    0.20564E+02
   140    0.29322E+01    0.20494E+02
   141    0.29531E+01    0.20375E+02
   142    0.29740E+01    0.20144E+02
   143    0.29950E+01    0.20093E+02
   144    0.30159E+01    0.19913E+02
   145    0.30369E+01    0.19847E+02
   146    0.30578E+01    0.19691E+02
   147    0.30788E+01    0.19592E+02
   148    0.30997E+01    0.19589E+02
   149    0.31206E+01    0.19570E+02
