k[unitless]    k[h/Mpc]    D^2(k)
     1    0.20944E-01    0.69576E-02
     2    0.41888E-01    0.38420E-01
     3    0.62832E-01    0.13195E+00
     4    0.83776E-01    0.25148E+00
     5    0.10472E+00    0.51169E+00
     6    0.12566E+00    0.84417E+00
     7    0.14661E+00    0.14035E+01
     8    0.16755E+00    0.18892E+01
     9    0.18850E+00    0.24122E+01
    10    0.20944E+00    0.29127E+01
    11    0.23038E+00    0.36975E+01
    12    0.25133E+00    0.44317E+01
    13    0.27227E+00    0.54525E+01
    14    0.29322E+00    0.58920E+01
    15    0.31416E+00    0.69411E+01
    16    0.33510E+00    0.74468E+01
    17    0.35605E+00    0.80317E+01
    18    0.37699E+00    0.92635E+01
    19    0.39794E+00    0.99553E+01
    20    0.41888E+00    0.10737E+02
    21    0.43982E+00    0.11070E+02
    22    0.46077E+00    0.12358E+02
    23    0.48171E+00    0.13056E+02
    24    0.50265E+00    0.13289E+02
    25    0.52360E+00    0.13893E+02
    26    0.54454E+00    0.14862E+02
    27    0.56549E+00    0.15988E+02
    28    0.58643E+00    0.15967E+02
    29    0.60737E+00    0.16587E+02
    30    0.62832E+00    0.17107E+02
    31    0.64926E+00    0.17750E+02
    32    0.67021E+00    0.18748E+02
    33    0.69115E+00    0.19059E+02
    34    0.71209E+00    0.18991E+02
    35    0.73304E+00    0.19511E+02
    36    0.75398E+00    0.20330E+02
    37    0.77493E+00    0.20645E+02
    38    0.79587E+00    0.20933E+02
    39    0.81681E+00    0.21041E+02
    40    0.83776E+00    0.21333E+02
    41    0.85870E+00    0.21709E+02
    42    0.87965E+00    0.22344E+02
    43    0.90059E+00    0.22747E+02
    44    0.92153E+00    0.22971E+02
    45    0.94248E+00    0.22913E+02
    46    0.96342E+00    0.23025E+02
    47    0.98437E+00    0.24018E+02
    48    0.10053E+01    0.23855E+02
    49    0.10263E+01    0.24039E+02
    50    0.10472E+01    0.24133E+02
    51    0.10681E+01    0.24510E+02
    52    0.10891E+01    0.24494E+02
    53    0.11100E+01    0.24884E+02
    54    0.11310E+01    0.24957E+02
    55    0.11519E+01    0.25323E+02
    56    0.11729E+01    0.25621E+02
    57    0.11938E+01    0.25862E+02
    58    0.12147E+01    0.25666E+02
    59    0.12357E+01    0.26249E+02
    60    0.12566E+01    0.26240E+02
    61    0.12776E+01    0.26050E+02
    62    0.12985E+01    0.27107E+02
    63    0.13195E+01    0.26666E+02
    64    0.13404E+01    0.27038E+02
    65    0.13614E+01    0.27274E+02
    66    0.13823E+01    0.27194E+02
    67    0.14032E+01    0.27490E+02
    68    0.14242E+01    0.27756E+02
    69    0.14451E+01    0.27777E+02
    70    0.14661E+01    0.27924E+02
    71    0.14870E+01    0.27981E+02
    72    0.15080E+01    0.28097E+02
    73    0.15289E+01    0.28488E+02
    74    0.15499E+01    0.28740E+02
    75    0.15708E+01    0.28720E+02
    76    0.15917E+01    0.29351E+02
    77    0.16127E+01    0.29320E+02
    78    0.16336E+01    0.29687E+02
    79    0.16546E+01    0.29784E+02
    80    0.16755E+01    0.30012E+02
    81    0.16965E+01    0.30207E+02
    82    0.17174E+01    0.30310E+02
    83    0.17383E+01    0.31008E+02
    84    0.17593E+01    0.30744E+02
    85    0.17802E+01    0.31212E+02
    86    0.18012E+01    0.31562E+02
    87    0.18221E+01    0.31697E+02
    88    0.18431E+01    0.32007E+02
    89    0.18640E+01    0.32140E+02
    90    0.18850E+01    0.32154E+02
    91    0.19059E+01    0.32402E+02
    92    0.19268E+01    0.32869E+02
    93    0.19478E+01    0.33164E+02
    94    0.19687E+01    0.33325E+02
    95    0.19897E+01    0.33523E+02
    96    0.20106E+01    0.33929E+02
    97    0.20316E+01    0.33966E+02
    98    0.20525E+01    0.33978E+02
    99    0.20735E+01    0.34386E+02
   100    0.20944E+01    0.34810E+02
   101    0.21153E+01    0.34758E+02
   102    0.21363E+01    0.35227E+02
   103    0.21572E+01    0.35206E+02
   104    0.21782E+01    0.35651E+02
   105    0.21991E+01    0.35506E+02
   106    0.22201E+01    0.35965E+02
   107    0.22410E+01    0.35997E+02
   108    0.22619E+01    0.36368E+02
   109    0.22829E+01    0.36324E+02
   110    0.23038E+01    0.36226E+02
   111    0.23248E+01    0.36245E+02
   112    0.23457E+01    0.36491E+02
   113    0.23667E+01    0.36760E+02
   114    0.23876E+01    0.36551E+02
   115    0.24086E+01    0.36717E+02
   116    0.24295E+01    0.36860E+02
   117    0.24504E+01    0.36757E+02
   118    0.24714E+01    0.36732E+02
   119    0.24923E+01    0.37231E+02
   120    0.25133E+01    0.36833E+02
   121    0.25342E+01    0.36698E+02
   122    0.25552E+01    0.36887E+02
   123    0.25761E+01    0.36700E+02
   124    0.25970E+01    0.36583E+02
   125    0.26180E+01    0.36322E+02
   126    0.26389E+01    0.36462E+02
   127    0.26599E+01    0.36258E+02
   128    0.26808E+01    0.35865E+02
   129    0.27018E+01    0.35895E+02
   130    0.27227E+01    0.35655E+02
   131    0.27437E+01    0.35418E+02
   132    0.27646E+01    0.35145E+02
   133    0.27855E+01    0.35028E+02
   134    0.28065E+01    0.34505E+02
   135    0.28274E+01    0.34160E+02
   136    0.28484E+01    0.34262E+02
   137    0.28693E+01    0.33587E+02
   138    0.28903E+01    0.33567E+02
   139    0.29112E+01    0.33150E+02
   140    0.29322E+01    0.32871E+02
   141    0.29531E+01    0.32557E+02
   142    0.29740E+01    0.32236E+02
   143    0.29950E+01    0.31865E+02
   144    0.30159E+01    0.31380E+02
   145    0.30369E+01    0.31318E+02
   146    0.30578E+01    0.30828E+02
   147    0.30788E+01    0.30589E+02
   148    0.30997E+01    0.30446E+02
   149    0.31206E+01    0.30257E+02
