k[unitless]    k[h/Mpc]    D^2(k)
     1    0.20944E-01    0.25412E+00
     2    0.41888E-01    0.12580E+01
     3    0.62832E-01    0.34760E+01
     4    0.83776E-01    0.59661E+01
     5    0.10472E+00    0.71052E+01
     6    0.12566E+00    0.95926E+01
     7    0.14661E+00    0.12101E+02
     8    0.16755E+00    0.13062E+02
     9    0.18850E+00    0.15224E+02
    10    0.20944E+00    0.16490E+02
    11    0.23038E+00    0.17404E+02
    12    0.25133E+00    0.17430E+02
    13    0.27227E+00    0.18702E+02
    14    0.29322E+00    0.18771E+02
    15    0.31416E+00    0.19214E+02
    16    0.33510E+00    0.19855E+02
    17    0.35605E+00    0.20255E+02
    18    0.37699E+00    0.20382E+02
    19    0.39794E+00    0.20025E+02
    20    0.41888E+00    0.21461E+02
    21    0.43982E+00    0.21310E+02
    22    0.46077E+00    0.20703E+02
    23    0.48171E+00    0.20796E+02
    24    0.50265E+00    0.21134E+02
    25    0.52360E+00    0.21425E+02
    26    0.54454E+00    0.21725E+02
    27    0.56549E+00    0.21283E+02
    28    0.58643E+00    0.21509E+02
    29    0.60737E+00    0.21661E+02
    30    0.62832E+00    0.21071E+02
    31    0.64926E+00    0.21659E+02
    32    0.67021E+00    0.21577E+02
    33    0.69115E+00    0.21553E+02
    34    0.71209E+00    0.20816E+02
    35    0.73304E+00    0.20922E+02
    36    0.75398E+00    0.21221E+02
    37    0.77493E+00    0.21026E+02
    38    0.79587E+00    0.21438E+02
    39    0.81681E+00    0.21732E+02
    40    0.83776E+00    0.21099E+02
    41    0.85870E+00    0.21441E+02
    42    0.87965E+00    0.20997E+02
    43    0.90059E+00    0.20982E+02
    44    0.92153E+00    0.20860E+02
    45    0.94248E+00    0.21249E+02
    46    0.96342E+00    0.21103E+02
    47    0.98437E+00    0.21158E+02
    48    0.10053E+01    0.21229E+02
    49    0.10263E+01    0.21214E+02
    50    0.10472E+01    0.21104E+02
    51    0.10681E+01    0.21176E+02
    52    0.10891E+01    0.21077E+02
    53    0.11100E+01    0.21402E+02
    54    0.11310E+01    0.21233E+02
    55    0.11519E+01    0.21218E+02
    56    0.11729E+01    0.21010E+02
    57    0.11938E+01    0.20960E+02
    58    0.12147E+01    0.21227E+02
    59    0.12357E+01    0.21110E+02
    60    0.12566E+01    0.21239E+02
    61    0.12776E+01    0.21046E+02
    62    0.12985E+01    0.21302E+02
    63    0.13195E+01    0.21148E+02
    64    0.13404E+01    0.21319E+02
    65    0.13614E+01    0.21400E+02
    66    0.13823E+01    0.21375E+02
    67    0.14032E+01    0.21237E+02
    68    0.14242E+01    0.21350E+02
    69    0.14451E+01    0.21177E+02
    70    0.14661E+01    0.21456E+02
    71    0.14870E+01    0.21657E+02
    72    0.15080E+01    0.21572E+02
    73    0.15289E+01    0.21493E+02
    74    0.15499E+01    0.21499E+02
    75    0.15708E+01    0.21734E+02
    76    0.15917E+01    0.21729E+02
    77    0.16127E+01    0.21981E+02
    78    0.16336E+01    0.21838E+02
    79    0.16546E+01    0.22031E+02
    80    0.16755E+01    0.22066E+02
    81    0.16965E+01    0.22129E+02
    82    0.17174E+01    0.22334E+02
    83    0.17383E+01    0.22536E+02
    84    0.17593E+01    0.22476E+02
    85    0.17802E+01    0.22738E+02
    86    0.18012E+01    0.22472E+02
    87    0.18221E+01    0.22821E+02
    88    0.18431E+01    0.22950E+02
    89    0.18640E+01    0.22932E+02
    90    0.18850E+01    0.23078E+02
    91    0.19059E+01    0.23082E+02
    92    0.19268E+01    0.23223E+02
    93    0.19478E+01    0.23362E+02
    94    0.19687E+01    0.23467E+02
    95    0.19897E+01    0.23426E+02
    96    0.20106E+01    0.23664E+02
    97    0.20316E+01    0.23776E+02
    98    0.20525E+01    0.23768E+02
    99    0.20735E+01    0.23908E+02
   100    0.20944E+01    0.23999E+02
   101    0.21153E+01    0.24014E+02
   102    0.21363E+01    0.24442E+02
   103    0.21572E+01    0.24218E+02
   104    0.21782E+01    0.24164E+02
   105    0.21991E+01    0.24355E+02
   106    0.22201E+01    0.24286E+02
   107    0.22410E+01    0.24492E+02
   108    0.22619E+01    0.24695E+02
   109    0.22829E+01    0.24611E+02
   110    0.23038E+01    0.24552E+02
   111    0.23248E+01    0.24775E+02
   112    0.23457E+01    0.24738E+02
   113    0.23667E+01    0.24782E+02
   114    0.23876E+01    0.24837E+02
   115    0.24086E+01    0.24790E+02
   116    0.24295E+01    0.24841E+02
   117    0.24504E+01    0.24572E+02
   118    0.24714E+01    0.24680E+02
   119    0.24923E+01    0.24807E+02
   120    0.25133E+01    0.24711E+02
   121    0.25342E+01    0.24590E+02
   122    0.25552E+01    0.24576E+02
   123    0.25761E+01    0.24662E+02
   124    0.25970E+01    0.24614E+02
   125    0.26180E+01    0.24328E+02
   126    0.26389E+01    0.24564E+02
   127    0.26599E+01    0.24285E+02
   128    0.26808E+01    0.23946E+02
   129    0.27018E+01    0.24138E+02
   130    0.27227E+01    0.23970E+02
   131    0.27437E+01    0.23958E+02
   132    0.27646E+01    0.23756E+02
   133    0.27855E+01    0.23579E+02
   134    0.28065E+01    0.23402E+02
   135    0.28274E+01    0.23242E+02
   136    0.28484E+01    0.23060E+02
   137    0.28693E+01    0.22809E+02
   138    0.28903E+01    0.22740E+02
   139    0.29112E+01    0.22469E+02
   140    0.29322E+01    0.22373E+02
   141    0.29531E+01    0.22228E+02
   142    0.29740E+01    0.21929E+02
   143    0.29950E+01    0.21887E+02
   144    0.30159E+01    0.21699E+02
   145    0.30369E+01    0.21625E+02
   146    0.30578E+01    0.21419E+02
   147    0.30788E+01    0.21306E+02
   148    0.30997E+01    0.21254E+02
   149    0.31206E+01    0.21246E+02
