k[unitless]    k[h/Mpc]    D^2(k)
     1    0.20944E-01    0.57185E+00
     2    0.41888E-01    0.25986E+01
     3    0.62832E-01    0.62122E+01
     4    0.83776E-01    0.85349E+01
     5    0.10472E+00    0.93638E+01
     6    0.12566E+00    0.10899E+02
     7    0.14661E+00    0.12062E+02
     8    0.16755E+00    0.11546E+02
     9    0.18850E+00    0.12745E+02
    10    0.20944E+00    0.13134E+02
    11    0.23038E+00    0.13038E+02
    12    0.25133E+00    0.13234E+02
    13    0.27227E+00    0.12844E+02
    14    0.29322E+00    0.12699E+02
    15    0.31416E+00    0.11963E+02
    16    0.33510E+00    0.12883E+02
    17    0.35605E+00    0.12596E+02
    18    0.37699E+00    0.12596E+02
    19    0.39794E+00    0.12229E+02
    20    0.41888E+00    0.12552E+02
    21    0.43982E+00    0.12888E+02
    22    0.46077E+00    0.12738E+02
    23    0.48171E+00    0.12020E+02
    24    0.50265E+00    0.11842E+02
    25    0.52360E+00    0.11998E+02
    26    0.54454E+00    0.12260E+02
    27    0.56549E+00    0.12122E+02
    28    0.58643E+00    0.12025E+02
    29    0.60737E+00    0.12297E+02
    30    0.62832E+00    0.12050E+02
    31    0.64926E+00    0.11844E+02
    32    0.67021E+00    0.11868E+02
    33    0.69115E+00    0.11849E+02
    34    0.71209E+00    0.11575E+02
    35    0.73304E+00    0.11712E+02
    36    0.75398E+00    0.11707E+02
    37    0.77493E+00    0.11466E+02
    38    0.79587E+00    0.11713E+02
    39    0.81681E+00    0.11401E+02
    40    0.83776E+00    0.11515E+02
    41    0.85870E+00    0.11316E+02
    42    0.87965E+00    0.11435E+02
    43    0.90059E+00    0.11613E+02
    44    0.92153E+00    0.11430E+02
    45    0.94248E+00    0.11392E+02
    46    0.96342E+00    0.11301E+02
    47    0.98437E+00    0.11243E+02
    48    0.10053E+01    0.11226E+02
    49    0.10263E+01    0.11225E+02
    50    0.10472E+01    0.11330E+02
    51    0.10681E+01    0.11311E+02
    52    0.10891E+01    0.11145E+02
    53    0.11100E+01    0.11190E+02
    54    0.11310E+01    0.11075E+02
    55    0.11519E+01    0.10972E+02
    56    0.11729E+01    0.11013E+02
    57    0.11938E+01    0.11216E+02
    58    0.12147E+01    0.11145E+02
    59    0.12357E+01    0.11193E+02
    60    0.12566E+01    0.11036E+02
    61    0.12776E+01    0.11006E+02
    62    0.12985E+01    0.11090E+02
    63    0.13195E+01    0.11044E+02
    64    0.13404E+01    0.11103E+02
    65    0.13614E+01    0.10969E+02
    66    0.13823E+01    0.11081E+02
    67    0.14032E+01    0.10956E+02
    68    0.14242E+01    0.11077E+02
    69    0.14451E+01    0.10913E+02
    70    0.14661E+01    0.10920E+02
    71    0.14870E+01    0.10954E+02
    72    0.15080E+01    0.11066E+02
    73    0.15289E+01    0.11071E+02
    74    0.15499E+01    0.11035E+02
    75    0.15708E+01    0.11019E+02
    76    0.15917E+01    0.10989E+02
    77    0.16127E+01    0.11052E+02
    78    0.16336E+01    0.10934E+02
    79    0.16546E+01    0.10998E+02
    80    0.16755E+01    0.11101E+02
    81    0.16965E+01    0.11040E+02
    82    0.17174E+01    0.10998E+02
    83    0.17383E+01    0.10959E+02
    84    0.17593E+01    0.11145E+02
    85    0.17802E+01    0.11175E+02
    86    0.18012E+01    0.11015E+02
    87    0.18221E+01    0.11087E+02
    88    0.18431E+01    0.11149E+02
    89    0.18640E+01    0.11126E+02
    90    0.18850E+01    0.11154E+02
    91    0.19059E+01    0.11046E+02
    92    0.19268E+01    0.11095E+02
    93    0.19478E+01    0.11190E+02
    94    0.19687E+01    0.11252E+02
    95    0.19897E+01    0.11145E+02
    96    0.20106E+01    0.11174E+02
    97    0.20316E+01    0.11213E+02
    98    0.20525E+01    0.11203E+02
    99    0.20735E+01    0.11168E+02
   100    0.20944E+01    0.11129E+02
   101    0.21153E+01    0.11169E+02
   102    0.21363E+01    0.11217E+02
   103    0.21572E+01    0.11151E+02
   104    0.21782E+01    0.11184E+02
   105    0.21991E+01    0.11163E+02
   106    0.22201E+01    0.11118E+02
   107    0.22410E+01    0.11119E+02
   108    0.22619E+01    0.11092E+02
   109    0.22829E+01    0.11159E+02
   110    0.23038E+01    0.11171E+02
   111    0.23248E+01    0.11143E+02
   112    0.23457E+01    0.11202E+02
   113    0.23667E+01    0.11122E+02
   114    0.23876E+01    0.11126E+02
   115    0.24086E+01    0.11103E+02
   116    0.24295E+01    0.11074E+02
   117    0.24504E+01    0.11065E+02
   118    0.24714E+01    0.11050E+02
   119    0.24923E+01    0.11052E+02
   120    0.25133E+01    0.11045E+02
   121    0.25342E+01    0.10883E+02
   122    0.25552E+01    0.10906E+02
   123    0.25761E+01    0.10936E+02
   124    0.25970E+01    0.10804E+02
   125    0.26180E+01    0.10761E+02
   126    0.26389E+01    0.10799E+02
   127    0.26599E+01    0.10710E+02
   128    0.26808E+01    0.10692E+02
   129    0.27018E+01    0.10626E+02
   130    0.27227E+01    0.10566E+02
   131    0.27437E+01    0.10495E+02
   132    0.27646E+01    0.10504E+02
   133    0.27855E+01    0.10398E+02
   134    0.28065E+01    0.10405E+02
   135    0.28274E+01    0.10332E+02
   136    0.28484E+01    0.10239E+02
   137    0.28693E+01    0.10176E+02
   138    0.28903E+01    0.10138E+02
   139    0.29112E+01    0.10065E+02
   140    0.29322E+01    0.10029E+02
   141    0.29531E+01    0.99778E+01
   142    0.29740E+01    0.99386E+01
   143    0.29950E+01    0.99066E+01
   144    0.30159E+01    0.98415E+01
   145    0.30369E+01    0.98278E+01
   146    0.30578E+01    0.97671E+01
   147    0.30788E+01    0.97964E+01
   148    0.30997E+01    0.97641E+01
   149    0.31206E+01    0.97756E+01
