k[unitless]    k[h/Mpc]    D^2(k)
     1    0.20944E-01    0.79695E-02
     2    0.41888E-01    0.40980E-01
     3    0.62832E-01    0.12408E+00
     4    0.83776E-01    0.21472E+00
     5    0.10472E+00    0.47026E+00
     6    0.12566E+00    0.74856E+00
     7    0.14661E+00    0.12113E+01
     8    0.16755E+00    0.16100E+01
     9    0.18850E+00    0.20472E+01
    10    0.20944E+00    0.24810E+01
    11    0.23038E+00    0.31311E+01
    12    0.25133E+00    0.38529E+01
    13    0.27227E+00    0.46801E+01
    14    0.29322E+00    0.50683E+01
    15    0.31416E+00    0.59946E+01
    16    0.33510E+00    0.64864E+01
    17    0.35605E+00    0.70165E+01
    18    0.37699E+00    0.81372E+01
    19    0.39794E+00    0.89557E+01
    20    0.41888E+00    0.94451E+01
    21    0.43982E+00    0.98998E+01
    22    0.46077E+00    0.11140E+02
    23    0.48171E+00    0.11842E+02
    24    0.50265E+00    0.12094E+02
    25    0.52360E+00    0.12577E+02
    26    0.54454E+00    0.13553E+02
    27    0.56549E+00    0.14667E+02
    28    0.58643E+00    0.14765E+02
    29    0.60737E+00    0.15302E+02
    30    0.62832E+00    0.15953E+02
    31    0.64926E+00    0.16569E+02
    32    0.67021E+00    0.17551E+02
    33    0.69115E+00    0.17976E+02
    34    0.71209E+00    0.18026E+02
    35    0.73304E+00    0.18506E+02
    36    0.75398E+00    0.19343E+02
    37    0.77493E+00    0.19627E+02
    38    0.79587E+00    0.20074E+02
    39    0.81681E+00    0.20185E+02
    40    0.83776E+00    0.20581E+02
    41    0.85870E+00    0.20907E+02
    42    0.87965E+00    0.21591E+02
    43    0.90059E+00    0.22053E+02
    44    0.92153E+00    0.22339E+02
    45    0.94248E+00    0.22371E+02
    46    0.96342E+00    0.22376E+02
    47    0.98437E+00    0.23401E+02
    48    0.10053E+01    0.23306E+02
    49    0.10263E+01    0.23534E+02
    50    0.10472E+01    0.23686E+02
    51    0.10681E+01    0.24015E+02
    52    0.10891E+01    0.24066E+02
    53    0.11100E+01    0.24465E+02
    54    0.11310E+01    0.24567E+02
    55    0.11519E+01    0.24972E+02
    56    0.11729E+01    0.25363E+02
    57    0.11938E+01    0.25586E+02
    58    0.12147E+01    0.25402E+02
    59    0.12357E+01    0.26019E+02
    60    0.12566E+01    0.26101E+02
    61    0.12776E+01    0.25935E+02
    62    0.12985E+01    0.26966E+02
    63    0.13195E+01    0.26494E+02
    64    0.13404E+01    0.26874E+02
    65    0.13614E+01    0.27099E+02
    66    0.13823E+01    0.27036E+02
    67    0.14032E+01    0.27437E+02
    68    0.14242E+01    0.27775E+02
    69    0.14451E+01    0.27742E+02
    70    0.14661E+01    0.27912E+02
    71    0.14870E+01    0.27957E+02
    72    0.15080E+01    0.28129E+02
    73    0.15289E+01    0.28537E+02
    74    0.15499E+01    0.28690E+02
    75    0.15708E+01    0.28722E+02
    76    0.15917E+01    0.29276E+02
    77    0.16127E+01    0.29166E+02
    78    0.16336E+01    0.29634E+02
    79    0.16546E+01    0.29769E+02
    80    0.16755E+01    0.30015E+02
    81    0.16965E+01    0.30132E+02
    82    0.17174E+01    0.30185E+02
    83    0.17383E+01    0.30900E+02
    84    0.17593E+01    0.30621E+02
    85    0.17802E+01    0.31115E+02
    86    0.18012E+01    0.31402E+02
    87    0.18221E+01    0.31588E+02
    88    0.18431E+01    0.31833E+02
    89    0.18640E+01    0.32054E+02
    90    0.18850E+01    0.32136E+02
    91    0.19059E+01    0.32218E+02
    92    0.19268E+01    0.32714E+02
    93    0.19478E+01    0.33003E+02
    94    0.19687E+01    0.33202E+02
    95    0.19897E+01    0.33408E+02
    96    0.20106E+01    0.33715E+02
    97    0.20316E+01    0.33756E+02
    98    0.20525E+01    0.33837E+02
    99    0.20735E+01    0.34115E+02
   100    0.20944E+01    0.34560E+02
   101    0.21153E+01    0.34535E+02
   102    0.21363E+01    0.34925E+02
   103    0.21572E+01    0.34967E+02
   104    0.21782E+01    0.35381E+02
   105    0.21991E+01    0.35283E+02
   106    0.22201E+01    0.35671E+02
   107    0.22410E+01    0.35757E+02
   108    0.22619E+01    0.36018E+02
   109    0.22829E+01    0.35972E+02
   110    0.23038E+01    0.35846E+02
   111    0.23248E+01    0.35830E+02
   112    0.23457E+01    0.36088E+02
   113    0.23667E+01    0.36327E+02
   114    0.23876E+01    0.36217E+02
   115    0.24086E+01    0.36283E+02
   116    0.24295E+01    0.36397E+02
   117    0.24504E+01    0.36423E+02
   118    0.24714E+01    0.36241E+02
   119    0.24923E+01    0.36758E+02
   120    0.25133E+01    0.36375E+02
   121    0.25342E+01    0.36278E+02
   122    0.25552E+01    0.36415E+02
   123    0.25761E+01    0.36233E+02
   124    0.25970E+01    0.36104E+02
   125    0.26180E+01    0.35891E+02
   126    0.26389E+01    0.36019E+02
   127    0.26599E+01    0.35806E+02
   128    0.26808E+01    0.35397E+02
   129    0.27018E+01    0.35396E+02
   130    0.27227E+01    0.35289E+02
   131    0.27437E+01    0.34999E+02
   132    0.27646E+01    0.34630E+02
   133    0.27855E+01    0.34650E+02
   134    0.28065E+01    0.34048E+02
   135    0.28274E+01    0.33753E+02
   136    0.28484E+01    0.33741E+02
   137    0.28693E+01    0.33115E+02
   138    0.28903E+01    0.33122E+02
   139    0.29112E+01    0.32706E+02
   140    0.29322E+01    0.32444E+02
   141    0.29531E+01    0.32094E+02
   142    0.29740E+01    0.31816E+02
   143    0.29950E+01    0.31463E+02
   144    0.30159E+01    0.30902E+02
   145    0.30369E+01    0.30870E+02
   146    0.30578E+01    0.30470E+02
   147    0.30788E+01    0.30159E+02
   148    0.30997E+01    0.30055E+02
   149    0.31206E+01    0.29886E+02
