k[unitless]    k[h/Mpc]    D^2(k)
     1    0.20944E-01    0.78835E-01
     2    0.41888E-01    0.22983E+00
     3    0.62832E-01    0.38098E+00
     4    0.83776E-01    0.51349E+00
     5    0.10472E+00    0.88037E+00
     6    0.12566E+00    0.89930E+00
     7    0.14661E+00    0.97518E+00
     8    0.16755E+00    0.86854E+00
     9    0.18850E+00    0.98601E+00
    10    0.20944E+00    0.10254E+01
    11    0.23038E+00    0.10554E+01
    12    0.25133E+00    0.96893E+00
    13    0.27227E+00    0.98346E+00
    14    0.29322E+00    0.98072E+00
    15    0.31416E+00    0.90982E+00
    16    0.33510E+00    0.99377E+00
    17    0.35605E+00    0.98697E+00
    18    0.37699E+00    0.97098E+00
    19    0.39794E+00    0.98537E+00
    20    0.41888E+00    0.10096E+01
    21    0.43982E+00    0.94911E+00
    22    0.46077E+00    0.94910E+00
    23    0.48171E+00    0.95521E+00
    24    0.50265E+00    0.94554E+00
    25    0.52360E+00    0.94265E+00
    26    0.54454E+00    0.92521E+00
    27    0.56549E+00    0.92601E+00
    28    0.58643E+00    0.94122E+00
    29    0.60737E+00    0.92527E+00
    30    0.62832E+00    0.89339E+00
    31    0.64926E+00    0.85529E+00
    32    0.67021E+00    0.88292E+00
    33    0.69115E+00    0.86896E+00
    34    0.71209E+00    0.86333E+00
    35    0.73304E+00    0.86728E+00
    36    0.75398E+00    0.89107E+00
    37    0.77493E+00    0.87106E+00
    38    0.79587E+00    0.87553E+00
    39    0.81681E+00    0.86259E+00
    40    0.83776E+00    0.86005E+00
    41    0.85870E+00    0.85453E+00
    42    0.87965E+00    0.86513E+00
    43    0.90059E+00    0.85477E+00
    44    0.92153E+00    0.83794E+00
    45    0.94248E+00    0.83611E+00
    46    0.96342E+00    0.84686E+00
    47    0.98437E+00    0.85843E+00
    48    0.10053E+01    0.84825E+00
    49    0.10263E+01    0.84200E+00
    50    0.10472E+01    0.83490E+00
    51    0.10681E+01    0.82926E+00
    52    0.10891E+01    0.83548E+00
    53    0.11100E+01    0.83046E+00
    54    0.11310E+01    0.82516E+00
    55    0.11519E+01    0.82226E+00
    56    0.11729E+01    0.80807E+00
    57    0.11938E+01    0.81651E+00
    58    0.12147E+01    0.81376E+00
    59    0.12357E+01    0.80513E+00
    60    0.12566E+01    0.80131E+00
    61    0.12776E+01    0.81282E+00
    62    0.12985E+01    0.80700E+00
    63    0.13195E+01    0.80409E+00
    64    0.13404E+01    0.81038E+00
    65    0.13614E+01    0.79848E+00
    66    0.13823E+01    0.78704E+00
    67    0.14032E+01    0.79053E+00
    68    0.14242E+01    0.79705E+00
    69    0.14451E+01    0.79712E+00
    70    0.14661E+01    0.79745E+00
    71    0.14870E+01    0.78891E+00
    72    0.15080E+01    0.80112E+00
    73    0.15289E+01    0.80286E+00
    74    0.15499E+01    0.78468E+00
    75    0.15708E+01    0.77989E+00
    76    0.15917E+01    0.77043E+00
    77    0.16127E+01    0.77359E+00
    78    0.16336E+01    0.77274E+00
    79    0.16546E+01    0.77312E+00
    80    0.16755E+01    0.77314E+00
    81    0.16965E+01    0.77492E+00
    82    0.17174E+01    0.77099E+00
    83    0.17383E+01    0.77275E+00
    84    0.17593E+01    0.76724E+00
    85    0.17802E+01    0.76732E+00
    86    0.18012E+01    0.76480E+00
    87    0.18221E+01    0.76274E+00
    88    0.18431E+01    0.76339E+00
    89    0.18640E+01    0.75916E+00
    90    0.18850E+01    0.75807E+00
    91    0.19059E+01    0.74907E+00
    92    0.19268E+01    0.75130E+00
    93    0.19478E+01    0.75009E+00
    94    0.19687E+01    0.75370E+00
    95    0.19897E+01    0.74314E+00
    96    0.20106E+01    0.74800E+00
    97    0.20316E+01    0.74337E+00
    98    0.20525E+01    0.74423E+00
    99    0.20735E+01    0.74150E+00
   100    0.20944E+01    0.74110E+00
   101    0.21153E+01    0.73723E+00
   102    0.21363E+01    0.73292E+00
   103    0.21572E+01    0.73445E+00
   104    0.21782E+01    0.72458E+00
   105    0.21991E+01    0.71730E+00
   106    0.22201E+01    0.71303E+00
   107    0.22410E+01    0.71479E+00
   108    0.22619E+01    0.71529E+00
   109    0.22829E+01    0.71810E+00
   110    0.23038E+01    0.70654E+00
   111    0.23248E+01    0.71125E+00
   112    0.23457E+01    0.71114E+00
   113    0.23667E+01    0.70819E+00
   114    0.23876E+01    0.70526E+00
   115    0.24086E+01    0.70629E+00
   116    0.24295E+01    0.70448E+00
   117    0.24504E+01    0.69792E+00
   118    0.24714E+01    0.69403E+00
   119    0.24923E+01    0.69290E+00
   120    0.25133E+01    0.68618E+00
   121    0.25342E+01    0.67949E+00
   122    0.25552E+01    0.67585E+00
   123    0.25761E+01    0.67354E+00
   124    0.25970E+01    0.67481E+00
   125    0.26180E+01    0.67194E+00
   126    0.26389E+01    0.67306E+00
   127    0.26599E+01    0.67046E+00
   128    0.26808E+01    0.66466E+00
   129    0.27018E+01    0.66287E+00
   130    0.27227E+01    0.65873E+00
   131    0.27437E+01    0.65827E+00
   132    0.27646E+01    0.65340E+00
   133    0.27855E+01    0.65239E+00
   134    0.28065E+01    0.65049E+00
   135    0.28274E+01    0.65260E+00
   136    0.28484E+01    0.64102E+00
   137    0.28693E+01    0.64141E+00
   138    0.28903E+01    0.63903E+00
   139    0.29112E+01    0.63537E+00
   140    0.29322E+01    0.63720E+00
   141    0.29531E+01    0.63421E+00
   142    0.29740E+01    0.63124E+00
   143    0.29950E+01    0.62841E+00
   144    0.30159E+01    0.62625E+00
   145    0.30369E+01    0.62936E+00
   146    0.30578E+01    0.62888E+00
   147    0.30788E+01    0.62855E+00
   148    0.30997E+01    0.63119E+00
   149    0.31206E+01    0.63371E+00
