k[unitless]    k[h/Mpc]    D^2(k)
     1    0.20944E-01    0.22592E-01
     2    0.41888E-01    0.11135E+00
     3    0.62832E-01    0.28287E+00
     4    0.83776E-01    0.44763E+00
     5    0.10472E+00    0.76734E+00
     6    0.12566E+00    0.10984E+01
     7    0.14661E+00    0.14983E+01
     8    0.16755E+00    0.18015E+01
     9    0.18850E+00    0.22434E+01
    10    0.20944E+00    0.26260E+01
    11    0.23038E+00    0.31049E+01
    12    0.25133E+00    0.38542E+01
    13    0.27227E+00    0.43474E+01
    14    0.29322E+00    0.46742E+01
    15    0.31416E+00    0.53840E+01
    16    0.33510E+00    0.58390E+01
    17    0.35605E+00    0.62347E+01
    18    0.37699E+00    0.71054E+01
    19    0.39794E+00    0.80857E+01
    20    0.41888E+00    0.80857E+01
    21    0.43982E+00    0.87287E+01
    22    0.46077E+00    0.97018E+01
    23    0.48171E+00    0.10376E+02
    24    0.50265E+00    0.10638E+02
    25    0.52360E+00    0.10866E+02
    26    0.54454E+00    0.11842E+02
    27    0.56549E+00    0.12778E+02
    28    0.58643E+00    0.13009E+02
    29    0.60737E+00    0.13444E+02
    30    0.62832E+00    0.14215E+02
    31    0.64926E+00    0.14728E+02
    32    0.67021E+00    0.15506E+02
    33    0.69115E+00    0.16077E+02
    34    0.71209E+00    0.16398E+02
    35    0.73304E+00    0.16753E+02
    36    0.75398E+00    0.17564E+02
    37    0.77493E+00    0.17679E+02
    38    0.79587E+00    0.18431E+02
    39    0.81681E+00    0.18517E+02
    40    0.83776E+00    0.19152E+02
    41    0.85870E+00    0.19407E+02
    42    0.87965E+00    0.20127E+02
    43    0.90059E+00    0.20492E+02
    44    0.92153E+00    0.20986E+02
    45    0.94248E+00    0.21165E+02
    46    0.96342E+00    0.21110E+02
    47    0.98437E+00    0.22020E+02
    48    0.10053E+01    0.22283E+02
    49    0.10263E+01    0.22456E+02
    50    0.10472E+01    0.22627E+02
    51    0.10681E+01    0.22921E+02
    52    0.10891E+01    0.23145E+02
    53    0.11100E+01    0.23598E+02
    54    0.11310E+01    0.23752E+02
    55    0.11519E+01    0.24116E+02
    56    0.11729E+01    0.24537E+02
    57    0.11938E+01    0.24801E+02
    58    0.12147E+01    0.24691E+02
    59    0.12357E+01    0.25406E+02
    60    0.12566E+01    0.25516E+02
    61    0.12776E+01    0.25513E+02
    62    0.12985E+01    0.26138E+02
    63    0.13195E+01    0.25895E+02
    64    0.13404E+01    0.26215E+02
    65    0.13614E+01    0.26537E+02
    66    0.13823E+01    0.26422E+02
    67    0.14032E+01    0.26971E+02
    68    0.14242E+01    0.27225E+02
    69    0.14451E+01    0.27235E+02
    70    0.14661E+01    0.27406E+02
    71    0.14870E+01    0.27436E+02
    72    0.15080E+01    0.27818E+02
    73    0.15289E+01    0.28043E+02
    74    0.15499E+01    0.28096E+02
    75    0.15708E+01    0.28271E+02
    76    0.15917E+01    0.28706E+02
    77    0.16127E+01    0.28490E+02
    78    0.16336E+01    0.29002E+02
    79    0.16546E+01    0.29270E+02
    80    0.16755E+01    0.29456E+02
    81    0.16965E+01    0.29504E+02
    82    0.17174E+01    0.29419E+02
    83    0.17383E+01    0.29913E+02
    84    0.17593E+01    0.29832E+02
    85    0.17802E+01    0.30100E+02
    86    0.18012E+01    0.30342E+02
    87    0.18221E+01    0.30468E+02
    88    0.18431E+01    0.30636E+02
    89    0.18640E+01    0.30976E+02
    90    0.18850E+01    0.31048E+02
    91    0.19059E+01    0.30913E+02
    92    0.19268E+01    0.31202E+02
    93    0.19478E+01    0.31551E+02
    94    0.19687E+01    0.31685E+02
    95    0.19897E+01    0.31813E+02
    96    0.20106E+01    0.32245E+02
    97    0.20316E+01    0.31988E+02
    98    0.20525E+01    0.32199E+02
    99    0.20735E+01    0.32249E+02
   100    0.20944E+01    0.32657E+02
   101    0.21153E+01    0.32625E+02
   102    0.21363E+01    0.32956E+02
   103    0.21572E+01    0.32816E+02
   104    0.21782E+01    0.33168E+02
   105    0.21991E+01    0.33204E+02
   106    0.22201E+01    0.33408E+02
   107    0.22410E+01    0.33332E+02
   108    0.22619E+01    0.33643E+02
   109    0.22829E+01    0.33503E+02
   110    0.23038E+01    0.33435E+02
   111    0.23248E+01    0.33293E+02
   112    0.23457E+01    0.33517E+02
   113    0.23667E+01    0.33750E+02
   114    0.23876E+01    0.33508E+02
   115    0.24086E+01    0.33629E+02
   116    0.24295E+01    0.33597E+02
   117    0.24504E+01    0.33742E+02
   118    0.24714E+01    0.33244E+02
   119    0.24923E+01    0.33755E+02
   120    0.25133E+01    0.33724E+02
   121    0.25342E+01    0.33298E+02
   122    0.25552E+01    0.33493E+02
   123    0.25761E+01    0.33267E+02
   124    0.25970E+01    0.33075E+02
   125    0.26180E+01    0.33073E+02
   126    0.26389E+01    0.33108E+02
   127    0.26599E+01    0.32739E+02
   128    0.26808E+01    0.32431E+02
   129    0.27018E+01    0.32366E+02
   130    0.27227E+01    0.32287E+02
   131    0.27437E+01    0.32097E+02
   132    0.27646E+01    0.31649E+02
   133    0.27855E+01    0.31840E+02
   134    0.28065E+01    0.31346E+02
   135    0.28274E+01    0.31073E+02
   136    0.28484E+01    0.30977E+02
   137    0.28693E+01    0.30478E+02
   138    0.28903E+01    0.30431E+02
   139    0.29112E+01    0.30018E+02
   140    0.29322E+01    0.29914E+02
   141    0.29531E+01    0.29495E+02
   142    0.29740E+01    0.29299E+02
   143    0.29950E+01    0.29017E+02
   144    0.30159E+01    0.28667E+02
   145    0.30369E+01    0.28604E+02
   146    0.30578E+01    0.28248E+02
   147    0.30788E+01    0.28069E+02
   148    0.30997E+01    0.27888E+02
   149    0.31206E+01    0.27869E+02
