k[unitless]    k[h/Mpc]    D^2(k)
     1    0.20944E-01    0.32029E-01
     2    0.41888E-01    0.88225E-01
     3    0.62832E-01    0.14809E+00
     4    0.83776E-01    0.23231E+00
     5    0.10472E+00    0.40454E+00
     6    0.12566E+00    0.41713E+00
     7    0.14661E+00    0.44609E+00
     8    0.16755E+00    0.41344E+00
     9    0.18850E+00    0.47931E+00
    10    0.20944E+00    0.50324E+00
    11    0.23038E+00    0.52784E+00
    12    0.25133E+00    0.52601E+00
    13    0.27227E+00    0.51903E+00
    14    0.29322E+00    0.49720E+00
    15    0.31416E+00    0.45779E+00
    16    0.33510E+00    0.50018E+00
    17    0.35605E+00    0.52546E+00
    18    0.37699E+00    0.50076E+00
    19    0.39794E+00    0.50506E+00
    20    0.41888E+00    0.50788E+00
    21    0.43982E+00    0.47981E+00
    22    0.46077E+00    0.47573E+00
    23    0.48171E+00    0.46422E+00
    24    0.50265E+00    0.46552E+00
    25    0.52360E+00    0.46686E+00
    26    0.54454E+00    0.46006E+00
    27    0.56549E+00    0.45757E+00
    28    0.58643E+00    0.47440E+00
    29    0.60737E+00    0.45888E+00
    30    0.62832E+00    0.45795E+00
    31    0.64926E+00    0.43701E+00
    32    0.67021E+00    0.44610E+00
    33    0.69115E+00    0.44266E+00
    34    0.71209E+00    0.42158E+00
    35    0.73304E+00    0.42788E+00
    36    0.75398E+00    0.43497E+00
    37    0.77493E+00    0.43345E+00
    38    0.79587E+00    0.43058E+00
    39    0.81681E+00    0.42798E+00
    40    0.83776E+00    0.43002E+00
    41    0.85870E+00    0.42079E+00
    42    0.87965E+00    0.42963E+00
    43    0.90059E+00    0.42880E+00
    44    0.92153E+00    0.42814E+00
    45    0.94248E+00    0.42496E+00
    46    0.96342E+00    0.42592E+00
    47    0.98437E+00    0.42488E+00
    48    0.10053E+01    0.42232E+00
    49    0.10263E+01    0.42145E+00
    50    0.10472E+01    0.41597E+00
    51    0.10681E+01    0.41774E+00
    52    0.10891E+01    0.40920E+00
    53    0.11100E+01    0.41478E+00
    54    0.11310E+01    0.41056E+00
    55    0.11519E+01    0.41035E+00
    56    0.11729E+01    0.40821E+00
    57    0.11938E+01    0.40552E+00
    58    0.12147E+01    0.40665E+00
    59    0.12357E+01    0.40173E+00
    60    0.12566E+01    0.40475E+00
    61    0.12776E+01    0.40576E+00
    62    0.12985E+01    0.40311E+00
    63    0.13195E+01    0.40421E+00
    64    0.13404E+01    0.40668E+00
    65    0.13614E+01    0.40219E+00
    66    0.13823E+01    0.39974E+00
    67    0.14032E+01    0.39131E+00
    68    0.14242E+01    0.39151E+00
    69    0.14451E+01    0.39465E+00
    70    0.14661E+01    0.39684E+00
    71    0.14870E+01    0.40154E+00
    72    0.15080E+01    0.39988E+00
    73    0.15289E+01    0.39991E+00
    74    0.15499E+01    0.39671E+00
    75    0.15708E+01    0.38873E+00
    76    0.15917E+01    0.38693E+00
    77    0.16127E+01    0.38835E+00
    78    0.16336E+01    0.38960E+00
    79    0.16546E+01    0.38575E+00
    80    0.16755E+01    0.38284E+00
    81    0.16965E+01    0.38516E+00
    82    0.17174E+01    0.38325E+00
    83    0.17383E+01    0.38113E+00
    84    0.17593E+01    0.38006E+00
    85    0.17802E+01    0.37907E+00
    86    0.18012E+01    0.37715E+00
    87    0.18221E+01    0.37608E+00
    88    0.18431E+01    0.37209E+00
    89    0.18640E+01    0.37364E+00
    90    0.18850E+01    0.37170E+00
    91    0.19059E+01    0.37070E+00
    92    0.19268E+01    0.36871E+00
    93    0.19478E+01    0.36414E+00
    94    0.19687E+01    0.36552E+00
    95    0.19897E+01    0.36536E+00
    96    0.20106E+01    0.36784E+00
    97    0.20316E+01    0.36532E+00
    98    0.20525E+01    0.36611E+00
    99    0.20735E+01    0.36556E+00
   100    0.20944E+01    0.36604E+00
   101    0.21153E+01    0.36362E+00
   102    0.21363E+01    0.35991E+00
   103    0.21572E+01    0.36083E+00
   104    0.21782E+01    0.35720E+00
   105    0.21991E+01    0.35600E+00
   106    0.22201E+01    0.35585E+00
   107    0.22410E+01    0.35875E+00
   108    0.22619E+01    0.35570E+00
   109    0.22829E+01    0.35529E+00
   110    0.23038E+01    0.35248E+00
   111    0.23248E+01    0.35239E+00
   112    0.23457E+01    0.35136E+00
   113    0.23667E+01    0.34978E+00
   114    0.23876E+01    0.34941E+00
   115    0.24086E+01    0.34693E+00
   116    0.24295E+01    0.34668E+00
   117    0.24504E+01    0.34255E+00
   118    0.24714E+01    0.33799E+00
   119    0.24923E+01    0.33893E+00
   120    0.25133E+01    0.33711E+00
   121    0.25342E+01    0.33708E+00
   122    0.25552E+01    0.33712E+00
   123    0.25761E+01    0.33456E+00
   124    0.25970E+01    0.33135E+00
   125    0.26180E+01    0.33073E+00
   126    0.26389E+01    0.33035E+00
   127    0.26599E+01    0.33064E+00
   128    0.26808E+01    0.32722E+00
   129    0.27018E+01    0.32542E+00
   130    0.27227E+01    0.32497E+00
   131    0.27437E+01    0.32487E+00
   132    0.27646E+01    0.32253E+00
   133    0.27855E+01    0.32172E+00
   134    0.28065E+01    0.32287E+00
   135    0.28274E+01    0.32079E+00
   136    0.28484E+01    0.31998E+00
   137    0.28693E+01    0.31874E+00
   138    0.28903E+01    0.31535E+00
   139    0.29112E+01    0.31589E+00
   140    0.29322E+01    0.31423E+00
   141    0.29531E+01    0.31308E+00
   142    0.29740E+01    0.31210E+00
   143    0.29950E+01    0.31080E+00
   144    0.30159E+01    0.30852E+00
   145    0.30369E+01    0.30785E+00
   146    0.30578E+01    0.30884E+00
   147    0.30788E+01    0.31117E+00
   148    0.30997E+01    0.31217E+00
   149    0.31206E+01    0.31393E+00
