k[unitless]    k[h/Mpc]    D^2(k)
     1    0.20944E-01    0.14067E+00
     2    0.41888E-01    0.71024E+00
     3    0.62832E-01    0.20426E+01
     4    0.83776E-01    0.36692E+01
     5    0.10472E+00    0.45643E+01
     6    0.12566E+00    0.64861E+01
     7    0.14661E+00    0.86511E+01
     8    0.16755E+00    0.99737E+01
     9    0.18850E+00    0.11868E+02
    10    0.20944E+00    0.13138E+02
    11    0.23038E+00    0.14517E+02
    12    0.25133E+00    0.14987E+02
    13    0.27227E+00    0.16718E+02
    14    0.29322E+00    0.17111E+02
    15    0.31416E+00    0.18113E+02
    16    0.33510E+00    0.18321E+02
    17    0.35605E+00    0.18992E+02
    18    0.37699E+00    0.19727E+02
    19    0.39794E+00    0.19440E+02
    20    0.41888E+00    0.21313E+02
    21    0.43982E+00    0.21046E+02
    22    0.46077E+00    0.20727E+02
    23    0.48171E+00    0.21082E+02
    24    0.50265E+00    0.21377E+02
    25    0.52360E+00    0.22082E+02
    26    0.54454E+00    0.22627E+02
    27    0.56549E+00    0.22233E+02
    28    0.58643E+00    0.22536E+02
    29    0.60737E+00    0.22849E+02
    30    0.62832E+00    0.22421E+02
    31    0.64926E+00    0.23212E+02
    32    0.67021E+00    0.23133E+02
    33    0.69115E+00    0.23016E+02
    34    0.71209E+00    0.22550E+02
    35    0.73304E+00    0.22860E+02
    36    0.75398E+00    0.23505E+02
    37    0.77493E+00    0.22989E+02
    38    0.79587E+00    0.23355E+02
    39    0.81681E+00    0.23465E+02
    40    0.83776E+00    0.23057E+02
    41    0.85870E+00    0.23522E+02
    42    0.87965E+00    0.22990E+02
    43    0.90059E+00    0.23187E+02
    44    0.92153E+00    0.23094E+02
    45    0.94248E+00    0.23427E+02
    46    0.96342E+00    0.23283E+02
    47    0.98437E+00    0.23574E+02
    48    0.10053E+01    0.23262E+02
    49    0.10263E+01    0.23760E+02
    50    0.10472E+01    0.23287E+02
    51    0.10681E+01    0.23562E+02
    52    0.10891E+01    0.23402E+02
    53    0.11100E+01    0.23641E+02
    54    0.11310E+01    0.23683E+02
    55    0.11519E+01    0.23663E+02
    56    0.11729E+01    0.23620E+02
    57    0.11938E+01    0.23806E+02
    58    0.12147E+01    0.23793E+02
    59    0.12357E+01    0.23914E+02
    60    0.12566E+01    0.23751E+02
    61    0.12776E+01    0.23780E+02
    62    0.12985E+01    0.23965E+02
    63    0.13195E+01    0.23972E+02
    64    0.13404E+01    0.24168E+02
    65    0.13614E+01    0.24230E+02
    66    0.13823E+01    0.24133E+02
    67    0.14032E+01    0.24032E+02
    68    0.14242E+01    0.24335E+02
    69    0.14451E+01    0.24330E+02
    70    0.14661E+01    0.24528E+02
    71    0.14870E+01    0.24491E+02
    72    0.15080E+01    0.24602E+02
    73    0.15289E+01    0.24437E+02
    74    0.15499E+01    0.24622E+02
    75    0.15708E+01    0.24916E+02
    76    0.15917E+01    0.24995E+02
    77    0.16127E+01    0.25207E+02
    78    0.16336E+01    0.25329E+02
    79    0.16546E+01    0.25401E+02
    80    0.16755E+01    0.25502E+02
    81    0.16965E+01    0.25541E+02
    82    0.17174E+01    0.25700E+02
    83    0.17383E+01    0.25932E+02
    84    0.17593E+01    0.26101E+02
    85    0.17802E+01    0.26296E+02
    86    0.18012E+01    0.26005E+02
    87    0.18221E+01    0.26496E+02
    88    0.18431E+01    0.26790E+02
    89    0.18640E+01    0.26783E+02
    90    0.18850E+01    0.26808E+02
    91    0.19059E+01    0.26843E+02
    92    0.19268E+01    0.27091E+02
    93    0.19478E+01    0.27319E+02
    94    0.19687E+01    0.27471E+02
    95    0.19897E+01    0.27652E+02
    96    0.20106E+01    0.27939E+02
    97    0.20316E+01    0.27961E+02
    98    0.20525E+01    0.28062E+02
    99    0.20735E+01    0.28260E+02
   100    0.20944E+01    0.28261E+02
   101    0.21153E+01    0.28491E+02
   102    0.21363E+01    0.28857E+02
   103    0.21572E+01    0.28698E+02
   104    0.21782E+01    0.28849E+02
   105    0.21991E+01    0.28931E+02
   106    0.22201E+01    0.29056E+02
   107    0.22410E+01    0.29133E+02
   108    0.22619E+01    0.29396E+02
   109    0.22829E+01    0.29341E+02
   110    0.23038E+01    0.29368E+02
   111    0.23248E+01    0.29462E+02
   112    0.23457E+01    0.29532E+02
   113    0.23667E+01    0.29530E+02
   114    0.23876E+01    0.29623E+02
   115    0.24086E+01    0.29600E+02
   116    0.24295E+01    0.29810E+02
   117    0.24504E+01    0.29431E+02
   118    0.24714E+01    0.29718E+02
   119    0.24923E+01    0.29899E+02
   120    0.25133E+01    0.29631E+02
   121    0.25342E+01    0.29554E+02
   122    0.25552E+01    0.29575E+02
   123    0.25761E+01    0.29588E+02
   124    0.25970E+01    0.29539E+02
   125    0.26180E+01    0.29358E+02
   126    0.26389E+01    0.29472E+02
   127    0.26599E+01    0.29254E+02
   128    0.26808E+01    0.28898E+02
   129    0.27018E+01    0.29052E+02
   130    0.27227E+01    0.28657E+02
   131    0.27437E+01    0.28701E+02
   132    0.27646E+01    0.28486E+02
   133    0.27855E+01    0.28275E+02
   134    0.28065E+01    0.28039E+02
   135    0.28274E+01    0.27885E+02
   136    0.28484E+01    0.27631E+02
   137    0.28693E+01    0.27218E+02
   138    0.28903E+01    0.27261E+02
   139    0.29112E+01    0.26970E+02
   140    0.29322E+01    0.26783E+02
   141    0.29531E+01    0.26529E+02
   142    0.29740E+01    0.26161E+02
   143    0.29950E+01    0.26052E+02
   144    0.30159E+01    0.25837E+02
   145    0.30369E+01    0.25767E+02
   146    0.30578E+01    0.25427E+02
   147    0.30788E+01    0.25293E+02
   148    0.30997E+01    0.25276E+02
   149    0.31206E+01    0.25180E+02
