k[unitless]    k[h/Mpc]    D^2(k)
     1    0.20944E-01    0.31934E-01
     2    0.41888E-01    0.15776E+00
     3    0.62832E-01    0.39860E+00
     4    0.83776E-01    0.63604E+00
     5    0.10472E+00    0.10058E+01
     6    0.12566E+00    0.14157E+01
     7    0.14661E+00    0.18471E+01
     8    0.16755E+00    0.21608E+01
     9    0.18850E+00    0.26664E+01
    10    0.20944E+00    0.30834E+01
    11    0.23038E+00    0.35389E+01
    12    0.25133E+00    0.43361E+01
    13    0.27227E+00    0.47621E+01
    14    0.29322E+00    0.50964E+01
    15    0.31416E+00    0.57562E+01
    16    0.33510E+00    0.62114E+01
    17    0.35605E+00    0.65985E+01
    18    0.37699E+00    0.73951E+01
    19    0.39794E+00    0.84068E+01
    20    0.41888E+00    0.83054E+01
    21    0.43982E+00    0.89790E+01
    22    0.46077E+00    0.98334E+01
    23    0.48171E+00    0.10485E+02
    24    0.50265E+00    0.10745E+02
    25    0.52360E+00    0.10940E+02
    26    0.54454E+00    0.11862E+02
    27    0.56549E+00    0.12698E+02
    28    0.58643E+00    0.12965E+02
    29    0.60737E+00    0.13409E+02
    30    0.62832E+00    0.14153E+02
    31    0.64926E+00    0.14596E+02
    32    0.67021E+00    0.15283E+02
    33    0.69115E+00    0.15884E+02
    34    0.71209E+00    0.16232E+02
    35    0.73304E+00    0.16567E+02
    36    0.75398E+00    0.17317E+02
    37    0.77493E+00    0.17413E+02
    38    0.79587E+00    0.18191E+02
    39    0.81681E+00    0.18287E+02
    40    0.83776E+00    0.18945E+02
    41    0.85870E+00    0.19173E+02
    42    0.87965E+00    0.19879E+02
    43    0.90059E+00    0.20175E+02
    44    0.92153E+00    0.20718E+02
    45    0.94248E+00    0.20902E+02
    46    0.96342E+00    0.20920E+02
    47    0.98437E+00    0.21715E+02
    48    0.10053E+01    0.22113E+02
    49    0.10263E+01    0.22225E+02
    50    0.10472E+01    0.22418E+02
    51    0.10681E+01    0.22674E+02
    52    0.10891E+01    0.22941E+02
    53    0.11100E+01    0.23379E+02
    54    0.11310E+01    0.23551E+02
    55    0.11519E+01    0.23929E+02
    56    0.11729E+01    0.24281E+02
    57    0.11938E+01    0.24600E+02
    58    0.12147E+01    0.24516E+02
    59    0.12357E+01    0.25176E+02
    60    0.12566E+01    0.25307E+02
    61    0.12776E+01    0.25344E+02
    62    0.12985E+01    0.25835E+02
    63    0.13195E+01    0.25696E+02
    64    0.13404E+01    0.25996E+02
    65    0.13614E+01    0.26276E+02
    66    0.13823E+01    0.26170E+02
    67    0.14032E+01    0.26691E+02
    68    0.14242E+01    0.26863E+02
    69    0.14451E+01    0.26958E+02
    70    0.14661E+01    0.27143E+02
    71    0.14870E+01    0.27111E+02
    72    0.15080E+01    0.27515E+02
    73    0.15289E+01    0.27678E+02
    74    0.15499E+01    0.27750E+02
    75    0.15708E+01    0.27981E+02
    76    0.15917E+01    0.28297E+02
    77    0.16127E+01    0.28029E+02
    78    0.16336E+01    0.28550E+02
    79    0.16546E+01    0.28843E+02
    80    0.16755E+01    0.29004E+02
    81    0.16965E+01    0.29032E+02
    82    0.17174E+01    0.28885E+02
    83    0.17383E+01    0.29272E+02
    84    0.17593E+01    0.29171E+02
    85    0.17802E+01    0.29327E+02
    86    0.18012E+01    0.29565E+02
    87    0.18221E+01    0.29745E+02
    88    0.18431E+01    0.29876E+02
    89    0.18640E+01    0.30126E+02
    90    0.18850E+01    0.30160E+02
    91    0.19059E+01    0.30095E+02
    92    0.19268E+01    0.30235E+02
    93    0.19478E+01    0.30547E+02
    94    0.19687E+01    0.30622E+02
    95    0.19897E+01    0.30754E+02
    96    0.20106E+01    0.31179E+02
    97    0.20316E+01    0.30887E+02
    98    0.20525E+01    0.31145E+02
    99    0.20735E+01    0.31012E+02
   100    0.20944E+01    0.31404E+02
   101    0.21153E+01    0.31317E+02
   102    0.21363E+01    0.31575E+02
   103    0.21572E+01    0.31399E+02
   104    0.21782E+01    0.31699E+02
   105    0.21991E+01    0.31710E+02
   106    0.22201E+01    0.31885E+02
   107    0.22410E+01    0.31804E+02
   108    0.22619E+01    0.31970E+02
   109    0.22829E+01    0.31801E+02
   110    0.23038E+01    0.31730E+02
   111    0.23248E+01    0.31565E+02
   112    0.23457E+01    0.31742E+02
   113    0.23667E+01    0.31964E+02
   114    0.23876E+01    0.31771E+02
   115    0.24086E+01    0.31809E+02
   116    0.24295E+01    0.31824E+02
   117    0.24504E+01    0.31874E+02
   118    0.24714E+01    0.31326E+02
   119    0.24923E+01    0.31799E+02
   120    0.25133E+01    0.31834E+02
   121    0.25342E+01    0.31348E+02
   122    0.25552E+01    0.31481E+02
   123    0.25761E+01    0.31328E+02
   124    0.25970E+01    0.31105E+02
   125    0.26180E+01    0.31097E+02
   126    0.26389E+01    0.31146E+02
   127    0.26599E+01    0.30745E+02
   128    0.26808E+01    0.30405E+02
   129    0.27018E+01    0.30445E+02
   130    0.27227E+01    0.30300E+02
   131    0.27437E+01    0.30126E+02
   132    0.27646E+01    0.29758E+02
   133    0.27855E+01    0.29867E+02
   134    0.28065E+01    0.29456E+02
   135    0.28274E+01    0.29256E+02
   136    0.28484E+01    0.29066E+02
   137    0.28693E+01    0.28669E+02
   138    0.28903E+01    0.28598E+02
   139    0.29112E+01    0.28275E+02
   140    0.29322E+01    0.28123E+02
   141    0.29531E+01    0.27789E+02
   142    0.29740E+01    0.27589E+02
   143    0.29950E+01    0.27375E+02
   144    0.30159E+01    0.27100E+02
   145    0.30369E+01    0.27108E+02
   146    0.30578E+01    0.26759E+02
   147    0.30788E+01    0.26544E+02
   148    0.30997E+01    0.26483E+02
   149    0.31206E+01    0.26403E+02
