k[unitless]    k[h/Mpc]    D^2(k)
     1    0.20944E-01    0.17407E-06
     2    0.41888E-01    0.13570E-05
     3    0.62832E-01    0.44794E-05
     4    0.83776E-01    0.10357E-04
     5    0.10472E+00    0.19403E-04
     6    0.12566E+00    0.31791E-04
     7    0.14661E+00    0.47919E-04
     8    0.16755E+00    0.67595E-04
     9    0.18850E+00    0.89529E-04
    10    0.20944E+00    0.11374E-03
    11    0.23038E+00    0.14043E-03
    12    0.25133E+00    0.16848E-03
    13    0.27227E+00    0.19684E-03
    14    0.29322E+00    0.22534E-03
    15    0.31416E+00    0.25550E-03
    16    0.33510E+00    0.28439E-03
    17    0.35605E+00    0.31337E-03
    18    0.37699E+00    0.34257E-03
    19    0.39794E+00    0.37197E-03
    20    0.41888E+00    0.40135E-03
    21    0.43982E+00    0.43013E-03
    22    0.46077E+00    0.46354E-03
    23    0.48171E+00    0.49090E-03
    24    0.50265E+00    0.52323E-03
    25    0.52360E+00    0.55452E-03
    26    0.54454E+00    0.58613E-03
    27    0.56549E+00    0.61558E-03
    28    0.58643E+00    0.64345E-03
    29    0.60737E+00    0.67665E-03
    30    0.62832E+00    0.70260E-03
    31    0.64926E+00    0.72788E-03
    32    0.67021E+00    0.75109E-03
    33    0.69115E+00    0.77205E-03
    34    0.71209E+00    0.78832E-03
    35    0.73304E+00    0.80453E-03
    36    0.75398E+00    0.81006E-03
    37    0.77493E+00    0.82168E-03
    38    0.79587E+00    0.81685E-03
    39    0.81681E+00    0.82076E-03
    40    0.83776E+00    0.82248E-03
    41    0.85870E+00    0.81321E-03
    42    0.87965E+00    0.80886E-03
    43    0.90059E+00    0.80509E-03
    44    0.92153E+00    0.80112E-03
    45    0.94248E+00    0.79089E-03
    46    0.96342E+00    0.79332E-03
    47    0.98437E+00    0.78787E-03
    48    0.10053E+01    0.78765E-03
    49    0.10263E+01    0.77925E-03
    50    0.10472E+01    0.78042E-03
    51    0.10681E+01    0.77135E-03
    52    0.10891E+01    0.76600E-03
    53    0.11100E+01    0.76029E-03
    54    0.11310E+01    0.74844E-03
    55    0.11519E+01    0.74008E-03
    56    0.11729E+01    0.72699E-03
    57    0.11938E+01    0.71337E-03
    58    0.12147E+01    0.70094E-03
    59    0.12357E+01    0.69299E-03
    60    0.12566E+01    0.68028E-03
    61    0.12776E+01    0.66898E-03
    62    0.12985E+01    0.66570E-03
    63    0.13195E+01    0.65625E-03
    64    0.13404E+01    0.65002E-03
    65    0.13614E+01    0.64510E-03
    66    0.13823E+01    0.64402E-03
    67    0.14032E+01    0.63369E-03
    68    0.14242E+01    0.62710E-03
    69    0.14451E+01    0.61980E-03
    70    0.14661E+01    0.61078E-03
    71    0.14870E+01    0.59879E-03
    72    0.15080E+01    0.58514E-03
    73    0.15289E+01    0.57243E-03
    74    0.15499E+01    0.55927E-03
    75    0.15708E+01    0.54298E-03
    76    0.15917E+01    0.52771E-03
    77    0.16127E+01    0.51640E-03
    78    0.16336E+01    0.50466E-03
    79    0.16546E+01    0.49401E-03
    80    0.16755E+01    0.48414E-03
    81    0.16965E+01    0.47836E-03
    82    0.17174E+01    0.47216E-03
    83    0.17383E+01    0.46679E-03
    84    0.17593E+01    0.46445E-03
    85    0.17802E+01    0.46224E-03
    86    0.18012E+01    0.45927E-03
    87    0.18221E+01    0.45642E-03
    88    0.18431E+01    0.45499E-03
    89    0.18640E+01    0.45238E-03
    90    0.18850E+01    0.44935E-03
    91    0.19059E+01    0.44448E-03
    92    0.19268E+01    0.43983E-03
    93    0.19478E+01    0.43606E-03
    94    0.19687E+01    0.42948E-03
    95    0.19897E+01    0.42323E-03
    96    0.20106E+01    0.41781E-03
    97    0.20316E+01    0.41374E-03
    98    0.20525E+01    0.40781E-03
    99    0.20735E+01    0.40426E-03
   100    0.20944E+01    0.40191E-03
   101    0.21153E+01    0.40146E-03
   102    0.21363E+01    0.40193E-03
   103    0.21572E+01    0.40231E-03
   104    0.21782E+01    0.40598E-03
   105    0.21991E+01    0.40838E-03
   106    0.22201E+01    0.41270E-03
   107    0.22410E+01    0.41549E-03
   108    0.22619E+01    0.41911E-03
   109    0.22829E+01    0.42216E-03
   110    0.23038E+01    0.42412E-03
   111    0.23248E+01    0.42422E-03
   112    0.23457E+01    0.42482E-03
   113    0.23667E+01    0.42610E-03
   114    0.23876E+01    0.42443E-03
   115    0.24086E+01    0.42518E-03
   116    0.24295E+01    0.42497E-03
   117    0.24504E+01    0.42719E-03
   118    0.24714E+01    0.42889E-03
   119    0.24923E+01    0.43292E-03
   120    0.25133E+01    0.43867E-03
   121    0.25342E+01    0.44402E-03
   122    0.25552E+01    0.45192E-03
   123    0.25761E+01    0.45950E-03
   124    0.25970E+01    0.46735E-03
   125    0.26180E+01    0.47528E-03
   126    0.26389E+01    0.48378E-03
   127    0.26599E+01    0.48982E-03
   128    0.26808E+01    0.49489E-03
   129    0.27018E+01    0.49786E-03
   130    0.27227E+01    0.50001E-03
   131    0.27437E+01    0.50074E-03
   132    0.27646E+01    0.49759E-03
   133    0.27855E+01    0.49550E-03
   134    0.28065E+01    0.49219E-03
   135    0.28274E+01    0.48652E-03
   136    0.28484E+01    0.48193E-03
   137    0.28693E+01    0.47827E-03
   138    0.28903E+01    0.47395E-03
   139    0.29112E+01    0.46927E-03
   140    0.29322E+01    0.46836E-03
   141    0.29531E+01    0.46878E-03
   142    0.29740E+01    0.46828E-03
   143    0.29950E+01    0.46918E-03
   144    0.30159E+01    0.47248E-03
   145    0.30369E+01    0.47679E-03
   146    0.30578E+01    0.47888E-03
   147    0.30788E+01    0.48301E-03
   148    0.30997E+01    0.48743E-03
   149    0.31206E+01    0.48944E-03
