k[unitless]    k[h/Mpc]    D^2(k)
     1    0.20944E-01    0.60456E-03
     2    0.41888E-01    0.23536E-02
     3    0.62832E-01    0.56554E-02
     4    0.83776E-01    0.13599E-01
     5    0.10472E+00    0.22510E-01
     6    0.12566E+00    0.24521E-01
     7    0.14661E+00    0.27821E-01
     8    0.16755E+00    0.31616E-01
     9    0.18850E+00    0.29737E-01
    10    0.20944E+00    0.29431E-01
    11    0.23038E+00    0.29979E-01
    12    0.25133E+00    0.31692E-01
    13    0.27227E+00    0.33670E-01
    14    0.29322E+00    0.34495E-01
    15    0.31416E+00    0.35913E-01
    16    0.33510E+00    0.33969E-01
    17    0.35605E+00    0.36262E-01
    18    0.37699E+00    0.36582E-01
    19    0.39794E+00    0.36780E-01
    20    0.41888E+00    0.37990E-01
    21    0.43982E+00    0.39180E-01
    22    0.46077E+00    0.39046E-01
    23    0.48171E+00    0.40645E-01
    24    0.50265E+00    0.40095E-01
    25    0.52360E+00    0.40448E-01
    26    0.54454E+00    0.39027E-01
    27    0.56549E+00    0.36615E-01
    28    0.58643E+00    0.34776E-01
    29    0.60737E+00    0.33858E-01
    30    0.62832E+00    0.34223E-01
    31    0.64926E+00    0.34229E-01
    32    0.67021E+00    0.33676E-01
    33    0.69115E+00    0.32809E-01
    34    0.71209E+00    0.33391E-01
    35    0.73304E+00    0.33439E-01
    36    0.75398E+00    0.33407E-01
    37    0.77493E+00    0.33737E-01
    38    0.79587E+00    0.33233E-01
    39    0.81681E+00    0.34191E-01
    40    0.83776E+00    0.34191E-01
    41    0.85870E+00    0.35461E-01
    42    0.87965E+00    0.35407E-01
    43    0.90059E+00    0.34699E-01
    44    0.92153E+00    0.34720E-01
    45    0.94248E+00    0.34700E-01
    46    0.96342E+00    0.35384E-01
    47    0.98437E+00    0.34926E-01
    48    0.10053E+01    0.34264E-01
    49    0.10263E+01    0.33238E-01
    50    0.10472E+01    0.32000E-01
    51    0.10681E+01    0.31604E-01
    52    0.10891E+01    0.31180E-01
    53    0.11100E+01    0.31153E-01
    54    0.11310E+01    0.31645E-01
    55    0.11519E+01    0.31936E-01
    56    0.11729E+01    0.31557E-01
    57    0.11938E+01    0.31960E-01
    58    0.12147E+01    0.32676E-01
    59    0.12357E+01    0.32507E-01
    60    0.12566E+01    0.33104E-01
    61    0.12776E+01    0.33341E-01
    62    0.12985E+01    0.34275E-01
    63    0.13195E+01    0.33647E-01
    64    0.13404E+01    0.33230E-01
    65    0.13614E+01    0.32670E-01
    66    0.13823E+01    0.32402E-01
    67    0.14032E+01    0.32526E-01
    68    0.14242E+01    0.31692E-01
    69    0.14451E+01    0.31025E-01
    70    0.14661E+01    0.30902E-01
    71    0.14870E+01    0.30560E-01
    72    0.15080E+01    0.30487E-01
    73    0.15289E+01    0.30178E-01
    74    0.15499E+01    0.29689E-01
    75    0.15708E+01    0.29812E-01
    76    0.15917E+01    0.29530E-01
    77    0.16127E+01    0.29422E-01
    78    0.16336E+01    0.29706E-01
    79    0.16546E+01    0.29936E-01
    80    0.16755E+01    0.29938E-01
    81    0.16965E+01    0.29920E-01
    82    0.17174E+01    0.30288E-01
    83    0.17383E+01    0.30647E-01
    84    0.17593E+01    0.30552E-01
    85    0.17802E+01    0.30447E-01
    86    0.18012E+01    0.30238E-01
    87    0.18221E+01    0.29794E-01
    88    0.18431E+01    0.29601E-01
    89    0.18640E+01    0.29398E-01
    90    0.18850E+01    0.29474E-01
    91    0.19059E+01    0.29465E-01
    92    0.19268E+01    0.29494E-01
    93    0.19478E+01    0.29636E-01
    94    0.19687E+01    0.29688E-01
    95    0.19897E+01    0.29617E-01
    96    0.20106E+01    0.29457E-01
    97    0.20316E+01    0.29503E-01
    98    0.20525E+01    0.29301E-01
    99    0.20735E+01    0.29322E-01
   100    0.20944E+01    0.29055E-01
   101    0.21153E+01    0.28364E-01
   102    0.21363E+01    0.27888E-01
   103    0.21572E+01    0.28031E-01
   104    0.21782E+01    0.28058E-01
   105    0.21991E+01    0.27680E-01
   106    0.22201E+01    0.27740E-01
   107    0.22410E+01    0.27609E-01
   108    0.22619E+01    0.27097E-01
   109    0.22829E+01    0.26801E-01
   110    0.23038E+01    0.26775E-01
   111    0.23248E+01    0.26611E-01
   112    0.23457E+01    0.26611E-01
   113    0.23667E+01    0.26475E-01
   114    0.23876E+01    0.26481E-01
   115    0.24086E+01    0.26666E-01
   116    0.24295E+01    0.26737E-01
   117    0.24504E+01    0.26358E-01
   118    0.24714E+01    0.26550E-01
   119    0.24923E+01    0.26898E-01
   120    0.25133E+01    0.27005E-01
   121    0.25342E+01    0.26901E-01
   122    0.25552E+01    0.26400E-01
   123    0.25761E+01    0.26465E-01
   124    0.25970E+01    0.26258E-01
   125    0.26180E+01    0.25958E-01
   126    0.26389E+01    0.25543E-01
   127    0.26599E+01    0.25292E-01
   128    0.26808E+01    0.25076E-01
   129    0.27018E+01    0.24838E-01
   130    0.27227E+01    0.24702E-01
   131    0.27437E+01    0.24546E-01
   132    0.27646E+01    0.24467E-01
   133    0.27855E+01    0.24750E-01
   134    0.28065E+01    0.24728E-01
   135    0.28274E+01    0.24424E-01
   136    0.28484E+01    0.24341E-01
   137    0.28693E+01    0.24456E-01
   138    0.28903E+01    0.24488E-01
   139    0.29112E+01    0.24358E-01
   140    0.29322E+01    0.24258E-01
   141    0.29531E+01    0.24180E-01
   142    0.29740E+01    0.24118E-01
   143    0.29950E+01    0.24096E-01
   144    0.30159E+01    0.24078E-01
   145    0.30369E+01    0.24029E-01
   146    0.30578E+01    0.24119E-01
   147    0.30788E+01    0.24119E-01
   148    0.30997E+01    0.24194E-01
   149    0.31206E+01    0.24290E-01
