k[unitless]    k[h/Mpc]    D^2(k)
     1    0.20944E-01    0.59811E-01
     2    0.41888E-01    0.17094E+00
     3    0.62832E-01    0.28241E+00
     4    0.83776E-01    0.39928E+00
     5    0.10472E+00    0.69138E+00
     6    0.12566E+00    0.70819E+00
     7    0.14661E+00    0.76511E+00
     8    0.16755E+00    0.68705E+00
     9    0.18850E+00    0.79185E+00
    10    0.20944E+00    0.82440E+00
    11    0.23038E+00    0.85043E+00
    12    0.25133E+00    0.79480E+00
    13    0.27227E+00    0.79546E+00
    14    0.29322E+00    0.78866E+00
    15    0.31416E+00    0.72617E+00
    16    0.33510E+00    0.79734E+00
    17    0.35605E+00    0.80638E+00
    18    0.37699E+00    0.78436E+00
    19    0.39794E+00    0.79109E+00
    20    0.41888E+00    0.80902E+00
    21    0.43982E+00    0.75659E+00
    22    0.46077E+00    0.75581E+00
    23    0.48171E+00    0.75324E+00
    24    0.50265E+00    0.75415E+00
    25    0.52360E+00    0.75650E+00
    26    0.54454E+00    0.74351E+00
    27    0.56549E+00    0.74584E+00
    28    0.58643E+00    0.76311E+00
    29    0.60737E+00    0.74776E+00
    30    0.62832E+00    0.72466E+00
    31    0.64926E+00    0.69087E+00
    32    0.67021E+00    0.70947E+00
    33    0.69115E+00    0.69550E+00
    34    0.71209E+00    0.68466E+00
    35    0.73304E+00    0.69058E+00
    36    0.75398E+00    0.71178E+00
    37    0.77493E+00    0.70248E+00
    38    0.79587E+00    0.70623E+00
    39    0.81681E+00    0.68821E+00
    40    0.83776E+00    0.69589E+00
    41    0.85870E+00    0.68087E+00
    42    0.87965E+00    0.68912E+00
    43    0.90059E+00    0.68826E+00
    44    0.92153E+00    0.67487E+00
    45    0.94248E+00    0.67201E+00
    46    0.96342E+00    0.67834E+00
    47    0.98437E+00    0.68653E+00
    48    0.10053E+01    0.67973E+00
    49    0.10263E+01    0.67552E+00
    50    0.10472E+01    0.66888E+00
    51    0.10681E+01    0.66340E+00
    52    0.10891E+01    0.66373E+00
    53    0.11100E+01    0.66637E+00
    54    0.11310E+01    0.66054E+00
    55    0.11519E+01    0.65279E+00
    56    0.11729E+01    0.64400E+00
    57    0.11938E+01    0.65538E+00
    58    0.12147E+01    0.65153E+00
    59    0.12357E+01    0.64905E+00
    60    0.12566E+01    0.64607E+00
    61    0.12776E+01    0.65242E+00
    62    0.12985E+01    0.64748E+00
    63    0.13195E+01    0.64626E+00
    64    0.13404E+01    0.65096E+00
    65    0.13614E+01    0.64018E+00
    66    0.13823E+01    0.63408E+00
    67    0.14032E+01    0.62677E+00
    68    0.14242E+01    0.63413E+00
    69    0.14451E+01    0.63364E+00
    70    0.14661E+01    0.63333E+00
    71    0.14870E+01    0.62800E+00
    72    0.15080E+01    0.63557E+00
    73    0.15289E+01    0.63706E+00
    74    0.15499E+01    0.63317E+00
    75    0.15708E+01    0.62210E+00
    76    0.15917E+01    0.61575E+00
    77    0.16127E+01    0.61631E+00
    78    0.16336E+01    0.61705E+00
    79    0.16546E+01    0.61508E+00
    80    0.16755E+01    0.61392E+00
    81    0.16965E+01    0.61696E+00
    82    0.17174E+01    0.61380E+00
    83    0.17383E+01    0.61664E+00
    84    0.17593E+01    0.61299E+00
    85    0.17802E+01    0.61035E+00
    86    0.18012E+01    0.61037E+00
    87    0.18221E+01    0.60806E+00
    88    0.18431E+01    0.60559E+00
    89    0.18640E+01    0.60226E+00
    90    0.18850E+01    0.60358E+00
    91    0.19059E+01    0.59538E+00
    92    0.19268E+01    0.59429E+00
    93    0.19478E+01    0.59392E+00
    94    0.19687E+01    0.59831E+00
    95    0.19897E+01    0.59019E+00
    96    0.20106E+01    0.59146E+00
    97    0.20316E+01    0.59328E+00
    98    0.20525E+01    0.59327E+00
    99    0.20735E+01    0.59099E+00
   100    0.20944E+01    0.59161E+00
   101    0.21153E+01    0.58913E+00
   102    0.21363E+01    0.58098E+00
   103    0.21572E+01    0.58619E+00
   104    0.21782E+01    0.57795E+00
   105    0.21991E+01    0.57528E+00
   106    0.22201E+01    0.57200E+00
   107    0.22410E+01    0.57300E+00
   108    0.22619E+01    0.57241E+00
   109    0.22829E+01    0.57100E+00
   110    0.23038E+01    0.56336E+00
   111    0.23248E+01    0.56434E+00
   112    0.23457E+01    0.56484E+00
   113    0.23667E+01    0.56307E+00
   114    0.23876E+01    0.56007E+00
   115    0.24086E+01    0.56041E+00
   116    0.24295E+01    0.55935E+00
   117    0.24504E+01    0.55650E+00
   118    0.24714E+01    0.55077E+00
   119    0.24923E+01    0.54997E+00
   120    0.25133E+01    0.54633E+00
   121    0.25342E+01    0.54625E+00
   122    0.25552E+01    0.54083E+00
   123    0.25761E+01    0.53729E+00
   124    0.25970E+01    0.53624E+00
   125    0.26180E+01    0.53626E+00
   126    0.26389E+01    0.53607E+00
   127    0.26599E+01    0.53266E+00
   128    0.26808E+01    0.52729E+00
   129    0.27018E+01    0.52668E+00
   130    0.27227E+01    0.52235E+00
   131    0.27437E+01    0.52282E+00
   132    0.27646E+01    0.52005E+00
   133    0.27855E+01    0.51745E+00
   134    0.28065E+01    0.51691E+00
   135    0.28274E+01    0.51522E+00
   136    0.28484E+01    0.51484E+00
   137    0.28693E+01    0.50978E+00
   138    0.28903E+01    0.50771E+00
   139    0.29112E+01    0.50618E+00
   140    0.29322E+01    0.50310E+00
   141    0.29531E+01    0.50404E+00
   142    0.29740E+01    0.50102E+00
   143    0.29950E+01    0.49997E+00
   144    0.30159E+01    0.49955E+00
   145    0.30369E+01    0.50211E+00
   146    0.30578E+01    0.50174E+00
   147    0.30788E+01    0.50159E+00
   148    0.30997E+01    0.50569E+00
   149    0.31206E+01    0.50596E+00
