k[unitless]    k[h/Mpc]    D^2(k)
     1    0.20944E-01    0.27066E-01
     2    0.41888E-01    0.13357E+00
     3    0.62832E-01    0.33780E+00
     4    0.83776E-01    0.53759E+00
     5    0.10472E+00    0.87971E+00
     6    0.12566E+00    0.12485E+01
     7    0.14661E+00    0.16595E+01
     8    0.16755E+00    0.19655E+01
     9    0.18850E+00    0.24320E+01
    10    0.20944E+00    0.28283E+01
    11    0.23038E+00    0.32967E+01
    12    0.25133E+00    0.40667E+01
    13    0.27227E+00    0.45221E+01
    14    0.29322E+00    0.48491E+01
    15    0.31416E+00    0.55261E+01
    16    0.33510E+00    0.59842E+01
    17    0.35605E+00    0.63688E+01
    18    0.37699E+00    0.71956E+01
    19    0.39794E+00    0.81967E+01
    20    0.41888E+00    0.81333E+01
    21    0.43982E+00    0.88035E+01
    22    0.46077E+00    0.97075E+01
    23    0.48171E+00    0.10380E+02
    24    0.50265E+00    0.10640E+02
    25    0.52360E+00    0.10843E+02
    26    0.54454E+00    0.11800E+02
    27    0.56549E+00    0.12671E+02
    28    0.58643E+00    0.12920E+02
    29    0.60737E+00    0.13379E+02
    30    0.62832E+00    0.14134E+02
    31    0.64926E+00    0.14620E+02
    32    0.67021E+00    0.15359E+02
    33    0.69115E+00    0.15941E+02
    34    0.71209E+00    0.16270E+02
    35    0.73304E+00    0.16605E+02
    36    0.75398E+00    0.17408E+02
    37    0.77493E+00    0.17502E+02
    38    0.79587E+00    0.18267E+02
    39    0.81681E+00    0.18358E+02
    40    0.83776E+00    0.19002E+02
    41    0.85870E+00    0.19244E+02
    42    0.87965E+00    0.19980E+02
    43    0.90059E+00    0.20286E+02
    44    0.92153E+00    0.20815E+02
    45    0.94248E+00    0.21005E+02
    46    0.96342E+00    0.20993E+02
    47    0.98437E+00    0.21850E+02
    48    0.10053E+01    0.22167E+02
    49    0.10263E+01    0.22341E+02
    50    0.10472E+01    0.22484E+02
    51    0.10681E+01    0.22783E+02
    52    0.10891E+01    0.23014E+02
    53    0.11100E+01    0.23471E+02
    54    0.11310E+01    0.23632E+02
    55    0.11519E+01    0.24001E+02
    56    0.11729E+01    0.24411E+02
    57    0.11938E+01    0.24681E+02
    58    0.12147E+01    0.24580E+02
    59    0.12357E+01    0.25281E+02
    60    0.12566E+01    0.25379E+02
    61    0.12776E+01    0.25425E+02
    62    0.12985E+01    0.25955E+02
    63    0.13195E+01    0.25801E+02
    64    0.13404E+01    0.26097E+02
    65    0.13614E+01    0.26425E+02
    66    0.13823E+01    0.26301E+02
    67    0.14032E+01    0.26862E+02
    68    0.14242E+01    0.27064E+02
    69    0.14451E+01    0.27096E+02
    70    0.14661E+01    0.27278E+02
    71    0.14870E+01    0.27284E+02
    72    0.15080E+01    0.27680E+02
    73    0.15289E+01    0.27887E+02
    74    0.15499E+01    0.27949E+02
    75    0.15708E+01    0.28125E+02
    76    0.15917E+01    0.28488E+02
    77    0.16127E+01    0.28283E+02
    78    0.16336E+01    0.28782E+02
    79    0.16546E+01    0.29092E+02
    80    0.16755E+01    0.29250E+02
    81    0.16965E+01    0.29281E+02
    82    0.17174E+01    0.29176E+02
    83    0.17383E+01    0.29633E+02
    84    0.17593E+01    0.29528E+02
    85    0.17802E+01    0.29728E+02
    86    0.18012E+01    0.29971E+02
    87    0.18221E+01    0.30116E+02
    88    0.18431E+01    0.30290E+02
    89    0.18640E+01    0.30585E+02
    90    0.18850E+01    0.30622E+02
    91    0.19059E+01    0.30562E+02
    92    0.19268E+01    0.30751E+02
    93    0.19478E+01    0.31103E+02
    94    0.19687E+01    0.31164E+02
    95    0.19897E+01    0.31305E+02
    96    0.20106E+01    0.31751E+02
    97    0.20316E+01    0.31462E+02
    98    0.20525E+01    0.31713E+02
    99    0.20735E+01    0.31660E+02
   100    0.20944E+01    0.32079E+02
   101    0.21153E+01    0.31981E+02
   102    0.21363E+01    0.32295E+02
   103    0.21572E+01    0.32142E+02
   104    0.21782E+01    0.32451E+02
   105    0.21991E+01    0.32527E+02
   106    0.22201E+01    0.32702E+02
   107    0.22410E+01    0.32605E+02
   108    0.22619E+01    0.32867E+02
   109    0.22829E+01    0.32697E+02
   110    0.23038E+01    0.32618E+02
   111    0.23248E+01    0.32458E+02
   112    0.23457E+01    0.32678E+02
   113    0.23667E+01    0.32914E+02
   114    0.23876E+01    0.32695E+02
   115    0.24086E+01    0.32745E+02
   116    0.24295E+01    0.32744E+02
   117    0.24504E+01    0.32845E+02
   118    0.24714E+01    0.32328E+02
   119    0.24923E+01    0.32848E+02
   120    0.25133E+01    0.32819E+02
   121    0.25342E+01    0.32359E+02
   122    0.25552E+01    0.32547E+02
   123    0.25761E+01    0.32355E+02
   124    0.25970E+01    0.32103E+02
   125    0.26180E+01    0.32143E+02
   126    0.26389E+01    0.32175E+02
   127    0.26599E+01    0.31782E+02
   128    0.26808E+01    0.31461E+02
   129    0.27018E+01    0.31466E+02
   130    0.27227E+01    0.31333E+02
   131    0.27437E+01    0.31100E+02
   132    0.27646E+01    0.30766E+02
   133    0.27855E+01    0.30891E+02
   134    0.28065E+01    0.30485E+02
   135    0.28274E+01    0.30198E+02
   136    0.28484E+01    0.30051E+02
   137    0.28693E+01    0.29614E+02
   138    0.28903E+01    0.29543E+02
   139    0.29112E+01    0.29169E+02
   140    0.29322E+01    0.29059E+02
   141    0.29531E+01    0.28698E+02
   142    0.29740E+01    0.28476E+02
   143    0.29950E+01    0.28214E+02
   144    0.30159E+01    0.27914E+02
   145    0.30369E+01    0.27886E+02
   146    0.30578E+01    0.27538E+02
   147    0.30788E+01    0.27316E+02
   148    0.30997E+01    0.27213E+02
   149    0.31206E+01    0.27146E+02
