k[unitless]    k[h/Mpc]    D^2(k)
     1    0.20944E-01    0.87700E-02
     2    0.41888E-01    0.24849E-01
     3    0.62832E-01    0.45018E-01
     4    0.83776E-01    0.84296E-01
     5    0.10472E+00    0.14364E+00
     6    0.12566E+00    0.14476E+00
     7    0.14661E+00    0.15469E+00
     8    0.16755E+00    0.15534E+00
     9    0.18850E+00    0.16540E+00
    10    0.20944E+00    0.18091E+00
    11    0.23038E+00    0.18919E+00
    12    0.25133E+00    0.21541E+00
    13    0.27227E+00    0.22211E+00
    14    0.29322E+00    0.20932E+00
    15    0.31416E+00    0.19667E+00
    16    0.33510E+00    0.20492E+00
    17    0.35605E+00    0.22926E+00
    18    0.37699E+00    0.21532E+00
    19    0.39794E+00    0.21413E+00
    20    0.41888E+00    0.21335E+00
    21    0.43982E+00    0.22398E+00
    22    0.46077E+00    0.22189E+00
    23    0.48171E+00    0.21213E+00
    24    0.50265E+00    0.20498E+00
    25    0.52360E+00    0.20937E+00
    26    0.54454E+00    0.19851E+00
    27    0.56549E+00    0.20049E+00
    28    0.58643E+00    0.20174E+00
    29    0.60737E+00    0.20465E+00
    30    0.62832E+00    0.19808E+00
    31    0.64926E+00    0.19198E+00
    32    0.67021E+00    0.18670E+00
    33    0.69115E+00    0.18583E+00
    34    0.71209E+00    0.17851E+00
    35    0.73304E+00    0.18701E+00
    36    0.75398E+00    0.19179E+00
    37    0.77493E+00    0.19010E+00
    38    0.79587E+00    0.18471E+00
    39    0.81681E+00    0.18061E+00
    40    0.83776E+00    0.18019E+00
    41    0.85870E+00    0.17734E+00
    42    0.87965E+00    0.18099E+00
    43    0.90059E+00    0.17950E+00
    44    0.92153E+00    0.18092E+00
    45    0.94248E+00    0.18164E+00
    46    0.96342E+00    0.18270E+00
    47    0.98437E+00    0.17907E+00
    48    0.10053E+01    0.17570E+00
    49    0.10263E+01    0.17436E+00
    50    0.10472E+01    0.17242E+00
    51    0.10681E+01    0.17553E+00
    52    0.10891E+01    0.17506E+00
    53    0.11100E+01    0.17435E+00
    54    0.11310E+01    0.17554E+00
    55    0.11519E+01    0.17679E+00
    56    0.11729E+01    0.17416E+00
    57    0.11938E+01    0.17146E+00
    58    0.12147E+01    0.16915E+00
    59    0.12357E+01    0.16876E+00
    60    0.12566E+01    0.17173E+00
    61    0.12776E+01    0.17055E+00
    62    0.12985E+01    0.17137E+00
    63    0.13195E+01    0.17261E+00
    64    0.13404E+01    0.16978E+00
    65    0.13614E+01    0.16605E+00
    66    0.13823E+01    0.16679E+00
    67    0.14032E+01    0.16346E+00
    68    0.14242E+01    0.16254E+00
    69    0.14451E+01    0.16560E+00
    70    0.14661E+01    0.16479E+00
    71    0.14870E+01    0.16305E+00
    72    0.15080E+01    0.16259E+00
    73    0.15289E+01    0.16516E+00
    74    0.15499E+01    0.16365E+00
    75    0.15708E+01    0.16120E+00
    76    0.15917E+01    0.16021E+00
    77    0.16127E+01    0.15776E+00
    78    0.16336E+01    0.15800E+00
    79    0.16546E+01    0.16041E+00
    80    0.16755E+01    0.15936E+00
    81    0.16965E+01    0.15951E+00
    82    0.17174E+01    0.15805E+00
    83    0.17383E+01    0.15690E+00
    84    0.17593E+01    0.15695E+00
    85    0.17802E+01    0.15545E+00
    86    0.18012E+01    0.15532E+00
    87    0.18221E+01    0.15481E+00
    88    0.18431E+01    0.15494E+00
    89    0.18640E+01    0.15343E+00
    90    0.18850E+01    0.15406E+00
    91    0.19059E+01    0.15183E+00
    92    0.19268E+01    0.15024E+00
    93    0.19478E+01    0.15099E+00
    94    0.19687E+01    0.15136E+00
    95    0.19897E+01    0.15109E+00
    96    0.20106E+01    0.15054E+00
    97    0.20316E+01    0.15029E+00
    98    0.20525E+01    0.15027E+00
    99    0.20735E+01    0.14915E+00
   100    0.20944E+01    0.14850E+00
   101    0.21153E+01    0.14936E+00
   102    0.21363E+01    0.14908E+00
   103    0.21572E+01    0.15111E+00
   104    0.21782E+01    0.14867E+00
   105    0.21991E+01    0.14790E+00
   106    0.22201E+01    0.14676E+00
   107    0.22410E+01    0.14570E+00
   108    0.22619E+01    0.14550E+00
   109    0.22829E+01    0.14365E+00
   110    0.23038E+01    0.14346E+00
   111    0.23248E+01    0.14318E+00
   112    0.23457E+01    0.14273E+00
   113    0.23667E+01    0.14118E+00
   114    0.23876E+01    0.14103E+00
   115    0.24086E+01    0.14119E+00
   116    0.24295E+01    0.14244E+00
   117    0.24504E+01    0.14037E+00
   118    0.24714E+01    0.14042E+00
   119    0.24923E+01    0.13980E+00
   120    0.25133E+01    0.13997E+00
   121    0.25342E+01    0.14023E+00
   122    0.25552E+01    0.13963E+00
   123    0.25761E+01    0.13883E+00
   124    0.25970E+01    0.13712E+00
   125    0.26180E+01    0.13613E+00
   126    0.26389E+01    0.13554E+00
   127    0.26599E+01    0.13483E+00
   128    0.26808E+01    0.13490E+00
   129    0.27018E+01    0.13494E+00
   130    0.27227E+01    0.13338E+00
   131    0.27437E+01    0.13339E+00
   132    0.27646E+01    0.13202E+00
   133    0.27855E+01    0.13226E+00
   134    0.28065E+01    0.13287E+00
   135    0.28274E+01    0.13165E+00
   136    0.28484E+01    0.12931E+00
   137    0.28693E+01    0.13000E+00
   138    0.28903E+01    0.12904E+00
   139    0.29112E+01    0.12848E+00
   140    0.29322E+01    0.12800E+00
   141    0.29531E+01    0.12807E+00
   142    0.29740E+01    0.12808E+00
   143    0.29950E+01    0.12816E+00
   144    0.30159E+01    0.12773E+00
   145    0.30369E+01    0.12822E+00
   146    0.30578E+01    0.12934E+00
   147    0.30788E+01    0.12898E+00
   148    0.30997E+01    0.12876E+00
   149    0.31206E+01    0.12877E+00
