k[unitless]    k[h/Mpc]    D^2(k)
     1    0.20944E-01    0.93983E-01
     2    0.41888E-01    0.47170E+00
     3    0.62832E-01    0.12192E+01
     4    0.83776E-01    0.20675E+01
     5    0.10472E+00    0.27771E+01
     6    0.12566E+00    0.38897E+01
     7    0.14661E+00    0.48073E+01
     8    0.16755E+00    0.54860E+01
     9    0.18850E+00    0.67235E+01
    10    0.20944E+00    0.75606E+01
    11    0.23038E+00    0.83089E+01
    12    0.25133E+00    0.94836E+01
    13    0.27227E+00    0.10254E+02
    14    0.29322E+00    0.10916E+02
    15    0.31416E+00    0.11849E+02
    16    0.33510E+00    0.12587E+02
    17    0.35605E+00    0.13136E+02
    18    0.37699E+00    0.14106E+02
    19    0.39794E+00    0.14870E+02
    20    0.41888E+00    0.15602E+02
    21    0.43982E+00    0.16063E+02
    22    0.46077E+00    0.16645E+02
    23    0.48171E+00    0.17382E+02
    24    0.50265E+00    0.17958E+02
    25    0.52360E+00    0.18447E+02
    26    0.54454E+00    0.18950E+02
    27    0.56549E+00    0.19718E+02
    28    0.58643E+00    0.20087E+02
    29    0.60737E+00    0.20743E+02
    30    0.62832E+00    0.21306E+02
    31    0.64926E+00    0.21682E+02
    32    0.67021E+00    0.22071E+02
    33    0.69115E+00    0.22658E+02
    34    0.71209E+00    0.22822E+02
    35    0.73304E+00    0.23320E+02
    36    0.75398E+00    0.23800E+02
    37    0.77493E+00    0.23956E+02
    38    0.79587E+00    0.24469E+02
    39    0.81681E+00    0.24626E+02
    40    0.83776E+00    0.25055E+02
    41    0.85870E+00    0.25108E+02
    42    0.87965E+00    0.25564E+02
    43    0.90059E+00    0.25710E+02
    44    0.92153E+00    0.26170E+02
    45    0.94248E+00    0.26376E+02
    46    0.96342E+00    0.26370E+02
    47    0.98437E+00    0.26906E+02
    48    0.10053E+01    0.27053E+02
    49    0.10263E+01    0.27047E+02
    50    0.10472E+01    0.26931E+02
    51    0.10681E+01    0.27172E+02
    52    0.10891E+01    0.27690E+02
    53    0.11100E+01    0.27228E+02
    54    0.11310E+01    0.27649E+02
    55    0.11519E+01    0.27836E+02
    56    0.11729E+01    0.27853E+02
    57    0.11938E+01    0.27882E+02
    58    0.12147E+01    0.27750E+02
    59    0.12357E+01    0.27827E+02
    60    0.12566E+01    0.28021E+02
    61    0.12776E+01    0.27900E+02
    62    0.12985E+01    0.27979E+02
    63    0.13195E+01    0.27780E+02
    64    0.13404E+01    0.27906E+02
    65    0.13614E+01    0.27829E+02
    66    0.13823E+01    0.27642E+02
    67    0.14032E+01    0.27526E+02
    68    0.14242E+01    0.27651E+02
    69    0.14451E+01    0.27625E+02
    70    0.14661E+01    0.27374E+02
    71    0.14870E+01    0.27245E+02
    72    0.15080E+01    0.27282E+02
    73    0.15289E+01    0.27082E+02
    74    0.15499E+01    0.26913E+02
    75    0.15708E+01    0.26991E+02
    76    0.15917E+01    0.26823E+02
    77    0.16127E+01    0.26459E+02
    78    0.16336E+01    0.26446E+02
    79    0.16546E+01    0.26357E+02
    80    0.16755E+01    0.26240E+02
    81    0.16965E+01    0.25875E+02
    82    0.17174E+01    0.25528E+02
    83    0.17383E+01    0.25388E+02
    84    0.17593E+01    0.25025E+02
    85    0.17802E+01    0.25032E+02
    86    0.18012E+01    0.24728E+02
    87    0.18221E+01    0.24747E+02
    88    0.18431E+01    0.24501E+02
    89    0.18640E+01    0.24177E+02
    90    0.18850E+01    0.24108E+02
    91    0.19059E+01    0.23427E+02
    92    0.19268E+01    0.23328E+02
    93    0.19478E+01    0.23230E+02
    94    0.19687E+01    0.22892E+02
    95    0.19897E+01    0.22705E+02
    96    0.20106E+01    0.22713E+02
    97    0.20316E+01    0.22173E+02
    98    0.20525E+01    0.22000E+02
    99    0.20735E+01    0.21627E+02
   100    0.20944E+01    0.21397E+02
   101    0.21153E+01    0.21045E+02
   102    0.21363E+01    0.21022E+02
   103    0.21572E+01    0.20492E+02
   104    0.21782E+01    0.20465E+02
   105    0.21991E+01    0.20085E+02
   106    0.22201E+01    0.19864E+02
   107    0.22410E+01    0.19613E+02
   108    0.22619E+01    0.19518E+02
   109    0.22829E+01    0.19127E+02
   110    0.23038E+01    0.18886E+02
   111    0.23248E+01    0.18335E+02
   112    0.23457E+01    0.18244E+02
   113    0.23667E+01    0.17997E+02
   114    0.23876E+01    0.17660E+02
   115    0.24086E+01    0.17365E+02
   116    0.24295E+01    0.17207E+02
   117    0.24504E+01    0.16973E+02
   118    0.24714E+01    0.16700E+02
   119    0.24923E+01    0.16526E+02
   120    0.25133E+01    0.16332E+02
   121    0.25342E+01    0.15836E+02
   122    0.25552E+01    0.15737E+02
   123    0.25761E+01    0.15598E+02
   124    0.25970E+01    0.15250E+02
   125    0.26180E+01    0.14967E+02
   126    0.26389E+01    0.14875E+02
   127    0.26599E+01    0.14518E+02
   128    0.26808E+01    0.14307E+02
   129    0.27018E+01    0.14164E+02
   130    0.27227E+01    0.13900E+02
   131    0.27437E+01    0.13654E+02
   132    0.27646E+01    0.13490E+02
   133    0.27855E+01    0.13368E+02
   134    0.28065E+01    0.13134E+02
   135    0.28274E+01    0.12970E+02
   136    0.28484E+01    0.12732E+02
   137    0.28693E+01    0.12601E+02
   138    0.28903E+01    0.12502E+02
   139    0.29112E+01    0.12306E+02
   140    0.29322E+01    0.12211E+02
   141    0.29531E+01    0.12038E+02
   142    0.29740E+01    0.11876E+02
   143    0.29950E+01    0.11742E+02
   144    0.30159E+01    0.11635E+02
   145    0.30369E+01    0.11492E+02
   146    0.30578E+01    0.11390E+02
   147    0.30788E+01    0.11315E+02
   148    0.30997E+01    0.11236E+02
   149    0.31206E+01    0.11163E+02
