k[unitless]    k[h/Mpc]    D^2(k)
     1    0.20944E-01    0.13076E-01
     2    0.41888E-01    0.73314E-01
     3    0.62832E-01    0.25078E+00
     4    0.83776E-01    0.49618E+00
     5    0.10472E+00    0.80706E+00
     6    0.12566E+00    0.13160E+01
     7    0.14661E+00    0.21055E+01
     8    0.16755E+00    0.27743E+01
     9    0.18850E+00    0.35255E+01
    10    0.20944E+00    0.41605E+01
    11    0.23038E+00    0.51908E+01
    12    0.25133E+00    0.59577E+01
    13    0.27227E+00    0.72951E+01
    14    0.29322E+00    0.78178E+01
    15    0.31416E+00    0.90548E+01
    16    0.33510E+00    0.95376E+01
    17    0.35605E+00    0.10183E+02
    18    0.37699E+00    0.11558E+02
    19    0.39794E+00    0.11996E+02
    20    0.41888E+00    0.13252E+02
    21    0.43982E+00    0.13353E+02
    22    0.46077E+00    0.14548E+02
    23    0.48171E+00    0.15219E+02
    24    0.50265E+00    0.15419E+02
    25    0.52360E+00    0.16208E+02
    26    0.54454E+00    0.17130E+02
    27    0.56549E+00    0.18121E+02
    28    0.58643E+00    0.18005E+02
    29    0.60737E+00    0.18708E+02
    30    0.62832E+00    0.18988E+02
    31    0.64926E+00    0.19675E+02
    32    0.67021E+00    0.20535E+02
    33    0.69115E+00    0.20653E+02
    34    0.71209E+00    0.20471E+02
    35    0.73304E+00    0.21051E+02
    36    0.75398E+00    0.21816E+02
    37    0.77493E+00    0.22081E+02
    38    0.79587E+00    0.22154E+02
    39    0.81681E+00    0.22223E+02
    40    0.83776E+00    0.22465E+02
    41    0.85870E+00    0.22905E+02
    42    0.87965E+00    0.23351E+02
    43    0.90059E+00    0.23678E+02
    44    0.92153E+00    0.23746E+02
    45    0.94248E+00    0.23638E+02
    46    0.96342E+00    0.23974E+02
    47    0.98437E+00    0.24752E+02
    48    0.10053E+01    0.24529E+02
    49    0.10263E+01    0.24754E+02
    50    0.10472E+01    0.24615E+02
    51    0.10681E+01    0.25114E+02
    52    0.10891E+01    0.25053E+02
    53    0.11100E+01    0.25305E+02
    54    0.11310E+01    0.25364E+02
    55    0.11519E+01    0.25617E+02
    56    0.11729E+01    0.25814E+02
    57    0.11938E+01    0.26072E+02
    58    0.12147E+01    0.25845E+02
    59    0.12357E+01    0.26387E+02
    60    0.12566E+01    0.26188E+02
    61    0.12776E+01    0.26101E+02
    62    0.12985E+01    0.27022E+02
    63    0.13195E+01    0.26660E+02
    64    0.13404E+01    0.27025E+02
    65    0.13614E+01    0.27397E+02
    66    0.13823E+01    0.27198E+02
    67    0.14032E+01    0.27389E+02
    68    0.14242E+01    0.27553E+02
    69    0.14451E+01    0.27643E+02
    70    0.14661E+01    0.27702E+02
    71    0.14870E+01    0.27884E+02
    72    0.15080E+01    0.27909E+02
    73    0.15289E+01    0.28208E+02
    74    0.15499E+01    0.28589E+02
    75    0.15708E+01    0.28491E+02
    76    0.15917E+01    0.29151E+02
    77    0.16127E+01    0.29196E+02
    78    0.16336E+01    0.29447E+02
    79    0.16546E+01    0.29527E+02
    80    0.16755E+01    0.29682E+02
    81    0.16965E+01    0.29987E+02
    82    0.17174E+01    0.30098E+02
    83    0.17383E+01    0.30835E+02
    84    0.17593E+01    0.30577E+02
    85    0.17802E+01    0.31031E+02
    86    0.18012E+01    0.31300E+02
    87    0.18221E+01    0.31442E+02
    88    0.18431E+01    0.31868E+02
    89    0.18640E+01    0.31900E+02
    90    0.18850E+01    0.31818E+02
    91    0.19059E+01    0.32203E+02
    92    0.19268E+01    0.32669E+02
    93    0.19478E+01    0.32979E+02
    94    0.19687E+01    0.33015E+02
    95    0.19897E+01    0.33198E+02
    96    0.20106E+01    0.33741E+02
    97    0.20316E+01    0.33794E+02
    98    0.20525E+01    0.33834E+02
    99    0.20735E+01    0.34184E+02
   100    0.20944E+01    0.34542E+02
   101    0.21153E+01    0.34537E+02
   102    0.21363E+01    0.35070E+02
   103    0.21572E+01    0.34926E+02
   104    0.21782E+01    0.35344E+02
   105    0.21991E+01    0.35127E+02
   106    0.22201E+01    0.35682E+02
   107    0.22410E+01    0.35675E+02
   108    0.22619E+01    0.36053E+02
   109    0.22829E+01    0.36023E+02
   110    0.23038E+01    0.35974E+02
   111    0.23248E+01    0.36106E+02
   112    0.23457E+01    0.36326E+02
   113    0.23667E+01    0.36434E+02
   114    0.23876E+01    0.36243E+02
   115    0.24086E+01    0.36593E+02
   116    0.24295E+01    0.36765E+02
   117    0.24504E+01    0.36445E+02
   118    0.24714E+01    0.36701E+02
   119    0.24923E+01    0.37062E+02
   120    0.25133E+01    0.36712E+02
   121    0.25342E+01    0.36644E+02
   122    0.25552E+01    0.36626E+02
   123    0.25761E+01    0.36565E+02
   124    0.25970E+01    0.36392E+02
   125    0.26180E+01    0.36201E+02
   126    0.26389E+01    0.36312E+02
   127    0.26599E+01    0.36209E+02
   128    0.26808E+01    0.35738E+02
   129    0.27018E+01    0.35797E+02
   130    0.27227E+01    0.35455E+02
   131    0.27437E+01    0.35317E+02
   132    0.27646E+01    0.35039E+02
   133    0.27855E+01    0.34878E+02
   134    0.28065E+01    0.34403E+02
   135    0.28274E+01    0.34185E+02
   136    0.28484E+01    0.34116E+02
   137    0.28693E+01    0.33556E+02
   138    0.28903E+01    0.33499E+02
   139    0.29112E+01    0.33166E+02
   140    0.29322E+01    0.32819E+02
   141    0.29531E+01    0.32635E+02
   142    0.29740E+01    0.32100E+02
   143    0.29950E+01    0.31880E+02
   144    0.30159E+01    0.31433E+02
   145    0.30369E+01    0.31168E+02
   146    0.30578E+01    0.30843E+02
   147    0.30788E+01    0.30512E+02
   148    0.30997E+01    0.30352E+02
   149    0.31206E+01    0.30309E+02
