k[unitless]    k[h/Mpc]    D^2(k)
     1    0.20944E-01    0.57918E+00
     2    0.41888E-01    0.25907E+01
     3    0.62832E-01    0.61127E+01
     4    0.83776E-01    0.82199E+01
     5    0.10472E+00    0.90490E+01
     6    0.12566E+00    0.10466E+02
     7    0.14661E+00    0.11487E+02
     8    0.16755E+00    0.10992E+02
     9    0.18850E+00    0.12071E+02
    10    0.20944E+00    0.12369E+02
    11    0.23038E+00    0.12299E+02
    12    0.25133E+00    0.12543E+02
    13    0.27227E+00    0.12094E+02
    14    0.29322E+00    0.12048E+02
    15    0.31416E+00    0.11197E+02
    16    0.33510E+00    0.12100E+02
    17    0.35605E+00    0.11812E+02
    18    0.37699E+00    0.11836E+02
    19    0.39794E+00    0.11493E+02
    20    0.41888E+00    0.11785E+02
    21    0.43982E+00    0.12105E+02
    22    0.46077E+00    0.11991E+02
    23    0.48171E+00    0.11259E+02
    24    0.50265E+00    0.11102E+02
    25    0.52360E+00    0.11271E+02
    26    0.54454E+00    0.11529E+02
    27    0.56549E+00    0.11399E+02
    28    0.58643E+00    0.11295E+02
    29    0.60737E+00    0.11475E+02
    30    0.62832E+00    0.11301E+02
    31    0.64926E+00    0.11077E+02
    32    0.67021E+00    0.11125E+02
    33    0.69115E+00    0.11121E+02
    34    0.71209E+00    0.10865E+02
    35    0.73304E+00    0.10960E+02
    36    0.75398E+00    0.10959E+02
    37    0.77493E+00    0.10719E+02
    38    0.79587E+00    0.10954E+02
    39    0.81681E+00    0.10695E+02
    40    0.83776E+00    0.10824E+02
    41    0.85870E+00    0.10619E+02
    42    0.87965E+00    0.10698E+02
    43    0.90059E+00    0.10826E+02
    44    0.92153E+00    0.10744E+02
    45    0.94248E+00    0.10659E+02
    46    0.96342E+00    0.10557E+02
    47    0.98437E+00    0.10511E+02
    48    0.10053E+01    0.10511E+02
    49    0.10263E+01    0.10494E+02
    50    0.10472E+01    0.10608E+02
    51    0.10681E+01    0.10587E+02
    52    0.10891E+01    0.10400E+02
    53    0.11100E+01    0.10459E+02
    54    0.11310E+01    0.10337E+02
    55    0.11519E+01    0.10241E+02
    56    0.11729E+01    0.10283E+02
    57    0.11938E+01    0.10478E+02
    58    0.12147E+01    0.10416E+02
    59    0.12357E+01    0.10460E+02
    60    0.12566E+01    0.10289E+02
    61    0.12776E+01    0.10286E+02
    62    0.12985E+01    0.10394E+02
    63    0.13195E+01    0.10318E+02
    64    0.13404E+01    0.10406E+02
    65    0.13614E+01    0.10268E+02
    66    0.13823E+01    0.10337E+02
    67    0.14032E+01    0.10262E+02
    68    0.14242E+01    0.10320E+02
    69    0.14451E+01    0.10220E+02
    70    0.14661E+01    0.10205E+02
    71    0.14870E+01    0.10251E+02
    72    0.15080E+01    0.10322E+02
    73    0.15289E+01    0.10343E+02
    74    0.15499E+01    0.10292E+02
    75    0.15708E+01    0.10261E+02
    76    0.15917E+01    0.10269E+02
    77    0.16127E+01    0.10308E+02
    78    0.16336E+01    0.10160E+02
    79    0.16546E+01    0.10253E+02
    80    0.16755E+01    0.10329E+02
    81    0.16965E+01    0.10300E+02
    82    0.17174E+01    0.10233E+02
    83    0.17383E+01    0.10223E+02
    84    0.17593E+01    0.10364E+02
    85    0.17802E+01    0.10397E+02
    86    0.18012E+01    0.10289E+02
    87    0.18221E+01    0.10315E+02
    88    0.18431E+01    0.10354E+02
    89    0.18640E+01    0.10365E+02
    90    0.18850E+01    0.10377E+02
    91    0.19059E+01    0.10269E+02
    92    0.19268E+01    0.10326E+02
    93    0.19478E+01    0.10396E+02
    94    0.19687E+01    0.10456E+02
    95    0.19897E+01    0.10343E+02
    96    0.20106E+01    0.10384E+02
    97    0.20316E+01    0.10445E+02
    98    0.20525E+01    0.10402E+02
    99    0.20735E+01    0.10389E+02
   100    0.20944E+01    0.10315E+02
   101    0.21153E+01    0.10367E+02
   102    0.21363E+01    0.10392E+02
   103    0.21572E+01    0.10351E+02
   104    0.21782E+01    0.10407E+02
   105    0.21991E+01    0.10365E+02
   106    0.22201E+01    0.10289E+02
   107    0.22410E+01    0.10322E+02
   108    0.22619E+01    0.10308E+02
   109    0.22829E+01    0.10351E+02
   110    0.23038E+01    0.10359E+02
   111    0.23248E+01    0.10329E+02
   112    0.23457E+01    0.10364E+02
   113    0.23667E+01    0.10298E+02
   114    0.23876E+01    0.10284E+02
   115    0.24086E+01    0.10282E+02
   116    0.24295E+01    0.10251E+02
   117    0.24504E+01    0.10238E+02
   118    0.24714E+01    0.10214E+02
   119    0.24923E+01    0.10238E+02
   120    0.25133E+01    0.10217E+02
   121    0.25342E+01    0.10057E+02
   122    0.25552E+01    0.10109E+02
   123    0.25761E+01    0.10145E+02
   124    0.25970E+01    0.10033E+02
   125    0.26180E+01    0.99618E+01
   126    0.26389E+01    0.10002E+02
   127    0.26599E+01    0.99140E+01
   128    0.26808E+01    0.99076E+01
   129    0.27018E+01    0.98506E+01
   130    0.27227E+01    0.97860E+01
   131    0.27437E+01    0.97164E+01
   132    0.27646E+01    0.97318E+01
   133    0.27855E+01    0.96235E+01
   134    0.28065E+01    0.96255E+01
   135    0.28274E+01    0.95694E+01
   136    0.28484E+01    0.94960E+01
   137    0.28693E+01    0.94407E+01
   138    0.28903E+01    0.93847E+01
   139    0.29112E+01    0.93358E+01
   140    0.29322E+01    0.93050E+01
   141    0.29531E+01    0.92367E+01
   142    0.29740E+01    0.91993E+01
   143    0.29950E+01    0.91737E+01
   144    0.30159E+01    0.91258E+01
   145    0.30369E+01    0.91268E+01
   146    0.30578E+01    0.90772E+01
   147    0.30788E+01    0.90633E+01
   148    0.30997E+01    0.90595E+01
   149    0.31206E+01    0.90676E+01
