k[unitless]    k[h/Mpc]    D^2(k)
     1    0.20944E-01    0.98958E-01
     2    0.41888E-01    0.49587E+00
     3    0.62832E-01    0.12836E+01
     4    0.83776E-01    0.21863E+01
     5    0.10472E+00    0.29198E+01
     6    0.12566E+00    0.40911E+01
     7    0.14661E+00    0.50596E+01
     8    0.16755E+00    0.57850E+01
     9    0.18850E+00    0.70858E+01
    10    0.20944E+00    0.79647E+01
    11    0.23038E+00    0.87536E+01
    12    0.25133E+00    0.99588E+01
    13    0.27227E+00    0.10792E+02
    14    0.29322E+00    0.11488E+02
    15    0.31416E+00    0.12480E+02
    16    0.33510E+00    0.13242E+02
    17    0.35605E+00    0.13828E+02
    18    0.37699E+00    0.14846E+02
    19    0.39794E+00    0.15579E+02
    20    0.41888E+00    0.16452E+02
    21    0.43982E+00    0.16873E+02
    22    0.46077E+00    0.17471E+02
    23    0.48171E+00    0.18222E+02
    24    0.50265E+00    0.18849E+02
    25    0.52360E+00    0.19401E+02
    26    0.54454E+00    0.19851E+02
    27    0.56549E+00    0.20693E+02
    28    0.58643E+00    0.21057E+02
    29    0.60737E+00    0.21735E+02
    30    0.62832E+00    0.22314E+02
    31    0.64926E+00    0.22710E+02
    32    0.67021E+00    0.23090E+02
    33    0.69115E+00    0.23715E+02
    34    0.71209E+00    0.23869E+02
    35    0.73304E+00    0.24392E+02
    36    0.75398E+00    0.24850E+02
    37    0.77493E+00    0.25058E+02
    38    0.79587E+00    0.25541E+02
    39    0.81681E+00    0.25696E+02
    40    0.83776E+00    0.26147E+02
    41    0.85870E+00    0.26190E+02
    42    0.87965E+00    0.26624E+02
    43    0.90059E+00    0.26754E+02
    44    0.92153E+00    0.27202E+02
    45    0.94248E+00    0.27449E+02
    46    0.96342E+00    0.27442E+02
    47    0.98437E+00    0.27939E+02
    48    0.10053E+01    0.28064E+02
    49    0.10263E+01    0.28060E+02
    50    0.10472E+01    0.27916E+02
    51    0.10681E+01    0.28138E+02
    52    0.10891E+01    0.28712E+02
    53    0.11100E+01    0.28135E+02
    54    0.11310E+01    0.28602E+02
    55    0.11519E+01    0.28748E+02
    56    0.11729E+01    0.28729E+02
    57    0.11938E+01    0.28741E+02
    58    0.12147E+01    0.28592E+02
    59    0.12357E+01    0.28606E+02
    60    0.12566E+01    0.28822E+02
    61    0.12776E+01    0.28697E+02
    62    0.12985E+01    0.28756E+02
    63    0.13195E+01    0.28487E+02
    64    0.13404E+01    0.28606E+02
    65    0.13614E+01    0.28499E+02
    66    0.13823E+01    0.28287E+02
    67    0.14032E+01    0.28079E+02
    68    0.14242E+01    0.28205E+02
    69    0.14451E+01    0.28167E+02
    70    0.14661E+01    0.27870E+02
    71    0.14870E+01    0.27779E+02
    72    0.15080E+01    0.27741E+02
    73    0.15289E+01    0.27438E+02
    74    0.15499E+01    0.27273E+02
    75    0.15708E+01    0.27332E+02
    76    0.15917E+01    0.27098E+02
    77    0.16127E+01    0.26701E+02
    78    0.16336E+01    0.26677E+02
    79    0.16546E+01    0.26584E+02
    80    0.16755E+01    0.26416E+02
    81    0.16965E+01    0.25973E+02
    82    0.17174E+01    0.25664E+02
    83    0.17383E+01    0.25412E+02
    84    0.17593E+01    0.25016E+02
    85    0.17802E+01    0.24994E+02
    86    0.18012E+01    0.24669E+02
    87    0.18221E+01    0.24666E+02
    88    0.18431E+01    0.24348E+02
    89    0.18640E+01    0.24002E+02
    90    0.18850E+01    0.23876E+02
    91    0.19059E+01    0.23194E+02
    92    0.19268E+01    0.23048E+02
    93    0.19478E+01    0.22896E+02
    94    0.19687E+01    0.22573E+02
    95    0.19897E+01    0.22317E+02
    96    0.20106E+01    0.22265E+02
    97    0.20316E+01    0.21650E+02
    98    0.20525E+01    0.21538E+02
    99    0.20735E+01    0.21107E+02
   100    0.20944E+01    0.20850E+02
   101    0.21153E+01    0.20407E+02
   102    0.21363E+01    0.20367E+02
   103    0.21572E+01    0.19817E+02
   104    0.21782E+01    0.19757E+02
   105    0.21991E+01    0.19333E+02
   106    0.22201E+01    0.19101E+02
   107    0.22410E+01    0.18807E+02
   108    0.22619E+01    0.18680E+02
   109    0.22829E+01    0.18244E+02
   110    0.23038E+01    0.17974E+02
   111    0.23248E+01    0.17420E+02
   112    0.23457E+01    0.17271E+02
   113    0.23667E+01    0.16976E+02
   114    0.23876E+01    0.16649E+02
   115    0.24086E+01    0.16299E+02
   116    0.24295E+01    0.16114E+02
   117    0.24504E+01    0.15862E+02
   118    0.24714E+01    0.15539E+02
   119    0.24923E+01    0.15333E+02
   120    0.25133E+01    0.15106E+02
   121    0.25342E+01    0.14639E+02
   122    0.25552E+01    0.14461E+02
   123    0.25761E+01    0.14308E+02
   124    0.25970E+01    0.13951E+02
   125    0.26180E+01    0.13653E+02
   126    0.26389E+01    0.13493E+02
   127    0.26599E+01    0.13138E+02
   128    0.26808E+01    0.12905E+02
   129    0.27018E+01    0.12716E+02
   130    0.27227E+01    0.12429E+02
   131    0.27437E+01    0.12188E+02
   132    0.27646E+01    0.11995E+02
   133    0.27855E+01    0.11848E+02
   134    0.28065E+01    0.11601E+02
   135    0.28274E+01    0.11401E+02
   136    0.28484E+01    0.11162E+02
   137    0.28693E+01    0.10987E+02
   138    0.28903E+01    0.10847E+02
   139    0.29112E+01    0.10657E+02
   140    0.29322E+01    0.10522E+02
   141    0.29531E+01    0.10328E+02
   142    0.29740E+01    0.10149E+02
   143    0.29950E+01    0.10007E+02
   144    0.30159E+01    0.98482E+01
   145    0.30369E+01    0.97122E+01
   146    0.30578E+01    0.95894E+01
   147    0.30788E+01    0.94774E+01
   148    0.30997E+01    0.94076E+01
   149    0.31206E+01    0.92775E+01
