k[unitless]    k[h/Mpc]    D^2(k)
     1    0.20944E-01    0.31828E+00
     2    0.41888E-01    0.10919E+01
     3    0.62832E-01    0.21417E+01
     4    0.83776E-01    0.24044E+01
     5    0.10472E+00    0.33962E+01
     6    0.12566E+00    0.36987E+01
     7    0.14661E+00    0.37663E+01
     8    0.16755E+00    0.36171E+01
     9    0.18850E+00    0.38086E+01
    10    0.20944E+00    0.36903E+01
    11    0.23038E+00    0.41567E+01
    12    0.25133E+00    0.38092E+01
    13    0.27227E+00    0.38296E+01
    14    0.29322E+00    0.36980E+01
    15    0.31416E+00    0.36449E+01
    16    0.33510E+00    0.37374E+01
    17    0.35605E+00    0.37362E+01
    18    0.37699E+00    0.37152E+01
    19    0.39794E+00    0.37489E+01
    20    0.41888E+00    0.36377E+01
    21    0.43982E+00    0.37203E+01
    22    0.46077E+00    0.36665E+01
    23    0.48171E+00    0.35968E+01
    24    0.50265E+00    0.34919E+01
    25    0.52360E+00    0.35558E+01
    26    0.54454E+00    0.34446E+01
    27    0.56549E+00    0.34630E+01
    28    0.58643E+00    0.34099E+01
    29    0.60737E+00    0.34477E+01
    30    0.62832E+00    0.33964E+01
    31    0.64926E+00    0.32877E+01
    32    0.67021E+00    0.34146E+01
    33    0.69115E+00    0.34141E+01
    34    0.71209E+00    0.33174E+01
    35    0.73304E+00    0.32833E+01
    36    0.75398E+00    0.32806E+01
    37    0.77493E+00    0.33187E+01
    38    0.79587E+00    0.33138E+01
    39    0.81681E+00    0.32951E+01
    40    0.83776E+00    0.32504E+01
    41    0.85870E+00    0.33441E+01
    42    0.87965E+00    0.32561E+01
    43    0.90059E+00    0.32334E+01
    44    0.92153E+00    0.32298E+01
    45    0.94248E+00    0.32025E+01
    46    0.96342E+00    0.32074E+01
    47    0.98437E+00    0.32867E+01
    48    0.10053E+01    0.32145E+01
    49    0.10263E+01    0.31875E+01
    50    0.10472E+01    0.31892E+01
    51    0.10681E+01    0.31525E+01
    52    0.10891E+01    0.31634E+01
    53    0.11100E+01    0.31465E+01
    54    0.11310E+01    0.31232E+01
    55    0.11519E+01    0.31162E+01
    56    0.11729E+01    0.31046E+01
    57    0.11938E+01    0.31168E+01
    58    0.12147E+01    0.31095E+01
    59    0.12357E+01    0.31167E+01
    60    0.12566E+01    0.30936E+01
    61    0.12776E+01    0.30701E+01
    62    0.12985E+01    0.30834E+01
    63    0.13195E+01    0.30690E+01
    64    0.13404E+01    0.30581E+01
    65    0.13614E+01    0.30410E+01
    66    0.13823E+01    0.30479E+01
    67    0.14032E+01    0.30628E+01
    68    0.14242E+01    0.30511E+01
    69    0.14451E+01    0.30313E+01
    70    0.14661E+01    0.30210E+01
    71    0.14870E+01    0.30364E+01
    72    0.15080E+01    0.30048E+01
    73    0.15289E+01    0.30070E+01
    74    0.15499E+01    0.29911E+01
    75    0.15708E+01    0.29991E+01
    76    0.15917E+01    0.30196E+01
    77    0.16127E+01    0.30185E+01
    78    0.16336E+01    0.30071E+01
    79    0.16546E+01    0.29728E+01
    80    0.16755E+01    0.29923E+01
    81    0.16965E+01    0.29835E+01
    82    0.17174E+01    0.29632E+01
    83    0.17383E+01    0.29447E+01
    84    0.17593E+01    0.29588E+01
    85    0.17802E+01    0.29770E+01
    86    0.18012E+01    0.29503E+01
    87    0.18221E+01    0.29558E+01
    88    0.18431E+01    0.29367E+01
    89    0.18640E+01    0.29440E+01
    90    0.18850E+01    0.29558E+01
    91    0.19059E+01    0.29356E+01
    92    0.19268E+01    0.29175E+01
    93    0.19478E+01    0.29268E+01
    94    0.19687E+01    0.29054E+01
    95    0.19897E+01    0.29271E+01
    96    0.20106E+01    0.29089E+01
    97    0.20316E+01    0.29128E+01
    98    0.20525E+01    0.29062E+01
    99    0.20735E+01    0.29050E+01
   100    0.20944E+01    0.29013E+01
   101    0.21153E+01    0.28909E+01
   102    0.21363E+01    0.28793E+01
   103    0.21572E+01    0.28584E+01
   104    0.21782E+01    0.28736E+01
   105    0.21991E+01    0.28470E+01
   106    0.22201E+01    0.28528E+01
   107    0.22410E+01    0.28341E+01
   108    0.22619E+01    0.28478E+01
   109    0.22829E+01    0.28270E+01
   110    0.23038E+01    0.28148E+01
   111    0.23248E+01    0.28248E+01
   112    0.23457E+01    0.28004E+01
   113    0.23667E+01    0.27992E+01
   114    0.23876E+01    0.27973E+01
   115    0.24086E+01    0.27976E+01
   116    0.24295E+01    0.27868E+01
   117    0.24504E+01    0.27612E+01
   118    0.24714E+01    0.27621E+01
   119    0.24923E+01    0.27504E+01
   120    0.25133E+01    0.27282E+01
   121    0.25342E+01    0.27137E+01
   122    0.25552E+01    0.27115E+01
   123    0.25761E+01    0.27033E+01
   124    0.25970E+01    0.27084E+01
   125    0.26180E+01    0.26888E+01
   126    0.26389E+01    0.26837E+01
   127    0.26599E+01    0.26704E+01
   128    0.26808E+01    0.26564E+01
   129    0.27018E+01    0.26204E+01
   130    0.27227E+01    0.26187E+01
   131    0.27437E+01    0.26236E+01
   132    0.27646E+01    0.25924E+01
   133    0.27855E+01    0.25890E+01
   134    0.28065E+01    0.25890E+01
   135    0.28274E+01    0.25876E+01
   136    0.28484E+01    0.25648E+01
   137    0.28693E+01    0.25603E+01
   138    0.28903E+01    0.25366E+01
   139    0.29112E+01    0.25267E+01
   140    0.29322E+01    0.25368E+01
   141    0.29531E+01    0.25068E+01
   142    0.29740E+01    0.25005E+01
   143    0.29950E+01    0.24936E+01
   144    0.30159E+01    0.25116E+01
   145    0.30369E+01    0.24920E+01
   146    0.30578E+01    0.24835E+01
   147    0.30788E+01    0.24899E+01
   148    0.30997E+01    0.24790E+01
   149    0.31206E+01    0.24960E+01
