k[unitless]    k[h/Mpc]    D^2(k)
     1    0.20944E-01    0.77814E-01
     2    0.41888E-01    0.38888E+00
     3    0.62832E-01    0.99724E+00
     4    0.83776E-01    0.16794E+01
     5    0.10472E+00    0.22916E+01
     6    0.12566E+00    0.32008E+01
     7    0.14661E+00    0.39705E+01
     8    0.16755E+00    0.45137E+01
     9    0.18850E+00    0.55349E+01
    10    0.20944E+00    0.62390E+01
    11    0.23038E+00    0.68706E+01
    12    0.25133E+00    0.79267E+01
    13    0.27227E+00    0.85431E+01
    14    0.29322E+00    0.90492E+01
    15    0.31416E+00    0.98657E+01
    16    0.33510E+00    0.10489E+02
    17    0.35605E+00    0.10941E+02
    18    0.37699E+00    0.11809E+02
    19    0.39794E+00    0.12662E+02
    20    0.41888E+00    0.12991E+02
    21    0.43982E+00    0.13550E+02
    22    0.46077E+00    0.14112E+02
    23    0.48171E+00    0.14781E+02
    24    0.50265E+00    0.15252E+02
    25    0.52360E+00    0.15572E+02
    26    0.54454E+00    0.16149E+02
    27    0.56549E+00    0.16873E+02
    28    0.58643E+00    0.17184E+02
    29    0.60737E+00    0.17753E+02
    30    0.62832E+00    0.18344E+02
    31    0.64926E+00    0.18644E+02
    32    0.67021E+00    0.19023E+02
    33    0.69115E+00    0.19637E+02
    34    0.71209E+00    0.19892E+02
    35    0.73304E+00    0.20248E+02
    36    0.75398E+00    0.20825E+02
    37    0.77493E+00    0.20947E+02
    38    0.79587E+00    0.21486E+02
    39    0.81681E+00    0.21656E+02
    40    0.83776E+00    0.22118E+02
    41    0.85870E+00    0.22213E+02
    42    0.87965E+00    0.22689E+02
    43    0.90059E+00    0.22906E+02
    44    0.92153E+00    0.23423E+02
    45    0.94248E+00    0.23550E+02
    46    0.96342E+00    0.23582E+02
    47    0.98437E+00    0.24138E+02
    48    0.10053E+01    0.24481E+02
    49    0.10263E+01    0.24387E+02
    50    0.10472E+01    0.24464E+02
    51    0.10681E+01    0.24696E+02
    52    0.10891E+01    0.25106E+02
    53    0.11100E+01    0.24989E+02
    54    0.11310E+01    0.25344E+02
    55    0.11519E+01    0.25566E+02
    56    0.11729E+01    0.25716E+02
    57    0.11938E+01    0.25800E+02
    58    0.12147E+01    0.25780E+02
    59    0.12357E+01    0.26108E+02
    60    0.12566E+01    0.26179E+02
    61    0.12776E+01    0.26156E+02
    62    0.12985E+01    0.26381E+02
    63    0.13195E+01    0.26268E+02
    64    0.13404E+01    0.26394E+02
    65    0.13614E+01    0.26534E+02
    66    0.13823E+01    0.26265E+02
    67    0.14032E+01    0.26433E+02
    68    0.14242E+01    0.26549E+02
    69    0.14451E+01    0.26671E+02
    70    0.14661E+01    0.26616E+02
    71    0.14870E+01    0.26462E+02
    72    0.15080E+01    0.26633E+02
    73    0.15289E+01    0.26539E+02
    74    0.15499E+01    0.26517E+02
    75    0.15708E+01    0.26680E+02
    76    0.15917E+01    0.26700E+02
    77    0.16127E+01    0.26362E+02
    78    0.16336E+01    0.26485E+02
    79    0.16546E+01    0.26561E+02
    80    0.16755E+01    0.26488E+02
    81    0.16965E+01    0.26293E+02
    82    0.17174E+01    0.25979E+02
    83    0.17383E+01    0.26004E+02
    84    0.17593E+01    0.25801E+02
    85    0.17802E+01    0.25810E+02
    86    0.18012E+01    0.25646E+02
    87    0.18221E+01    0.25770E+02
    88    0.18431E+01    0.25703E+02
    89    0.18640E+01    0.25453E+02
    90    0.18850E+01    0.25499E+02
    91    0.19059E+01    0.25021E+02
    92    0.19268E+01    0.24954E+02
    93    0.19478E+01    0.25059E+02
    94    0.19687E+01    0.24770E+02
    95    0.19897E+01    0.24635E+02
    96    0.20106E+01    0.24943E+02
    97    0.20316E+01    0.24367E+02
    98    0.20525E+01    0.24347E+02
    99    0.20735E+01    0.24030E+02
   100    0.20944E+01    0.23976E+02
   101    0.21153E+01    0.23690E+02
   102    0.21363E+01    0.23805E+02
   103    0.21572E+01    0.23312E+02
   104    0.21782E+01    0.23454E+02
   105    0.21991E+01    0.23183E+02
   106    0.22201E+01    0.23021E+02
   107    0.22410E+01    0.22816E+02
   108    0.22619E+01    0.22963E+02
   109    0.22829E+01    0.22541E+02
   110    0.23038E+01    0.22401E+02
   111    0.23248E+01    0.21979E+02
   112    0.23457E+01    0.21949E+02
   113    0.23667E+01    0.21854E+02
   114    0.23876E+01    0.21594E+02
   115    0.24086E+01    0.21446E+02
   116    0.24295E+01    0.21277E+02
   117    0.24504E+01    0.21189E+02
   118    0.24714E+01    0.20894E+02
   119    0.24923E+01    0.20830E+02
   120    0.25133E+01    0.20783E+02
   121    0.25342E+01    0.20266E+02
   122    0.25552E+01    0.20188E+02
   123    0.25761E+01    0.20115E+02
   124    0.25970E+01    0.19776E+02
   125    0.26180E+01    0.19647E+02
   126    0.26389E+01    0.19670E+02
   127    0.26599E+01    0.19224E+02
   128    0.26808E+01    0.19026E+02
   129    0.27018E+01    0.18961E+02
   130    0.27227E+01    0.18753E+02
   131    0.27437E+01    0.18552E+02
   132    0.27646E+01    0.18411E+02
   133    0.27855E+01    0.18405E+02
   134    0.28065E+01    0.18181E+02
   135    0.28274E+01    0.17958E+02
   136    0.28484E+01    0.17782E+02
   137    0.28693E+01    0.17631E+02
   138    0.28903E+01    0.17506E+02
   139    0.29112E+01    0.17367E+02
   140    0.29322E+01    0.17350E+02
   141    0.29531E+01    0.17091E+02
   142    0.29740E+01    0.16980E+02
   143    0.29950E+01    0.16865E+02
   144    0.30159E+01    0.16805E+02
   145    0.30369E+01    0.16714E+02
   146    0.30578E+01    0.16574E+02
   147    0.30788E+01    0.16512E+02
   148    0.30997E+01    0.16527E+02
   149    0.31206E+01    0.16526E+02
