k[unitless]    k[h/Mpc]    D^2(k)
     1    0.20944E-01    0.56278E+00
     2    0.41888E-01    0.23577E+01
     3    0.62832E-01    0.52666E+01
     4    0.83776E-01    0.65429E+01
     5    0.10472E+00    0.74753E+01
     6    0.12566E+00    0.84958E+01
     7    0.14661E+00    0.90558E+01
     8    0.16755E+00    0.86947E+01
     9    0.18850E+00    0.93062E+01
    10    0.20944E+00    0.93007E+01
    11    0.23038E+00    0.95520E+01
    12    0.25133E+00    0.97655E+01
    13    0.27227E+00    0.91743E+01
    14    0.29322E+00    0.93490E+01
    15    0.31416E+00    0.84347E+01
    16    0.33510E+00    0.92192E+01
    17    0.35605E+00    0.88675E+01
    18    0.37699E+00    0.89392E+01
    19    0.39794E+00    0.87910E+01
    20    0.41888E+00    0.89695E+01
    21    0.43982E+00    0.90746E+01
    22    0.46077E+00    0.90430E+01
    23    0.48171E+00    0.85438E+01
    24    0.50265E+00    0.84173E+01
    25    0.52360E+00    0.85992E+01
    26    0.54454E+00    0.86758E+01
    27    0.56549E+00    0.85886E+01
    28    0.58643E+00    0.86750E+01
    29    0.60737E+00    0.83994E+01
    30    0.62832E+00    0.84923E+01
    31    0.64926E+00    0.82789E+01
    32    0.67021E+00    0.84101E+01
    33    0.69115E+00    0.84432E+01
    34    0.71209E+00    0.82107E+01
    35    0.73304E+00    0.82245E+01
    36    0.75398E+00    0.81710E+01
    37    0.77493E+00    0.80196E+01
    38    0.79587E+00    0.82033E+01
    39    0.81681E+00    0.81741E+01
    40    0.83776E+00    0.81206E+01
    41    0.85870E+00    0.80727E+01
    42    0.87965E+00    0.80784E+01
    43    0.90059E+00    0.80924E+01
    44    0.92153E+00    0.80969E+01
    45    0.94248E+00    0.79539E+01
    46    0.96342E+00    0.79468E+01
    47    0.98437E+00    0.79928E+01
    48    0.10053E+01    0.79584E+01
    49    0.10263E+01    0.78846E+01
    50    0.10472E+01    0.79978E+01
    51    0.10681E+01    0.78836E+01
    52    0.10891E+01    0.78088E+01
    53    0.11100E+01    0.78465E+01
    54    0.11310E+01    0.77436E+01
    55    0.11519E+01    0.77498E+01
    56    0.11729E+01    0.76978E+01
    57    0.11938E+01    0.77720E+01
    58    0.12147E+01    0.78536E+01
    59    0.12357E+01    0.77953E+01
    60    0.12566E+01    0.76353E+01
    61    0.12776E+01    0.77000E+01
    62    0.12985E+01    0.77887E+01
    63    0.13195E+01    0.76938E+01
    64    0.13404E+01    0.77884E+01
    65    0.13614E+01    0.76667E+01
    66    0.13823E+01    0.76750E+01
    67    0.14032E+01    0.76925E+01
    68    0.14242E+01    0.76695E+01
    69    0.14451E+01    0.76103E+01
    70    0.14661E+01    0.76775E+01
    71    0.14870E+01    0.76410E+01
    72    0.15080E+01    0.76471E+01
    73    0.15289E+01    0.76287E+01
    74    0.15499E+01    0.76926E+01
    75    0.15708E+01    0.75909E+01
    76    0.15917E+01    0.77127E+01
    77    0.16127E+01    0.76773E+01
    78    0.16336E+01    0.75133E+01
    79    0.16546E+01    0.75579E+01
    80    0.16755E+01    0.75849E+01
    81    0.16965E+01    0.75899E+01
    82    0.17174E+01    0.75594E+01
    83    0.17383E+01    0.75113E+01
    84    0.17593E+01    0.76010E+01
    85    0.17802E+01    0.76734E+01
    86    0.18012E+01    0.76273E+01
    87    0.18221E+01    0.76025E+01
    88    0.18431E+01    0.75906E+01
    89    0.18640E+01    0.76159E+01
    90    0.18850E+01    0.75865E+01
    91    0.19059E+01    0.75373E+01
    92    0.19268E+01    0.76593E+01
    93    0.19478E+01    0.75804E+01
    94    0.19687E+01    0.76125E+01
    95    0.19897E+01    0.75814E+01
    96    0.20106E+01    0.75861E+01
    97    0.20316E+01    0.75864E+01
    98    0.20525E+01    0.75870E+01
    99    0.20735E+01    0.75860E+01
   100    0.20944E+01    0.75360E+01
   101    0.21153E+01    0.75261E+01
   102    0.21363E+01    0.75558E+01
   103    0.21572E+01    0.75601E+01
   104    0.21782E+01    0.75209E+01
   105    0.21991E+01    0.75238E+01
   106    0.22201E+01    0.74851E+01
   107    0.22410E+01    0.75429E+01
   108    0.22619E+01    0.75060E+01
   109    0.22829E+01    0.75269E+01
   110    0.23038E+01    0.74891E+01
   111    0.23248E+01    0.74995E+01
   112    0.23457E+01    0.74814E+01
   113    0.23667E+01    0.74100E+01
   114    0.23876E+01    0.74444E+01
   115    0.24086E+01    0.74243E+01
   116    0.24295E+01    0.74366E+01
   117    0.24504E+01    0.73982E+01
   118    0.24714E+01    0.73381E+01
   119    0.24923E+01    0.73641E+01
   120    0.25133E+01    0.73367E+01
   121    0.25342E+01    0.72726E+01
   122    0.25552E+01    0.72589E+01
   123    0.25761E+01    0.72627E+01
   124    0.25970E+01    0.72440E+01
   125    0.26180E+01    0.71435E+01
   126    0.26389E+01    0.71900E+01
   127    0.26599E+01    0.71524E+01
   128    0.26808E+01    0.71398E+01
   129    0.27018E+01    0.71225E+01
   130    0.27227E+01    0.70483E+01
   131    0.27437E+01    0.70138E+01
   132    0.27646E+01    0.69841E+01
   133    0.27855E+01    0.69233E+01
   134    0.28065E+01    0.69442E+01
   135    0.28274E+01    0.68796E+01
   136    0.28484E+01    0.68409E+01
   137    0.28693E+01    0.68064E+01
   138    0.28903E+01    0.68025E+01
   139    0.29112E+01    0.67524E+01
   140    0.29322E+01    0.67056E+01
   141    0.29531E+01    0.67082E+01
   142    0.29740E+01    0.66653E+01
   143    0.29950E+01    0.66299E+01
   144    0.30159E+01    0.66260E+01
   145    0.30369E+01    0.65857E+01
   146    0.30578E+01    0.65947E+01
   147    0.30788E+01    0.65954E+01
   148    0.30997E+01    0.65682E+01
   149    0.31206E+01    0.65707E+01
