k[unitless]    k[h/Mpc]    D^2(k)
     1    0.20944E-01    0.36158E+00
     2    0.41888E-01    0.17658E+01
     3    0.62832E-01    0.47124E+01
     4    0.83776E-01    0.77256E+01
     5    0.10472E+00    0.89026E+01
     6    0.12566E+00    0.11508E+02
     7    0.14661E+00    0.13895E+02
     8    0.16755E+00    0.14245E+02
     9    0.18850E+00    0.16382E+02
    10    0.20944E+00    0.17439E+02
    11    0.23038E+00    0.17924E+02
    12    0.25133E+00    0.17740E+02
    13    0.27227E+00    0.18498E+02
    14    0.29322E+00    0.18175E+02
    15    0.31416E+00    0.18297E+02
    16    0.33510E+00    0.19325E+02
    17    0.35605E+00    0.19332E+02
    18    0.37699E+00    0.19211E+02
    19    0.39794E+00    0.18900E+02
    20    0.41888E+00    0.19860E+02
    21    0.43982E+00    0.19759E+02
    22    0.46077E+00    0.19173E+02
    23    0.48171E+00    0.19200E+02
    24    0.50265E+00    0.19318E+02
    25    0.52360E+00    0.19457E+02
    26    0.54454E+00    0.19724E+02
    27    0.56549E+00    0.19332E+02
    28    0.58643E+00    0.19455E+02
    29    0.60737E+00    0.19663E+02
    30    0.62832E+00    0.19051E+02
    31    0.64926E+00    0.19249E+02
    32    0.67021E+00    0.19326E+02
    33    0.69115E+00    0.19422E+02
    34    0.71209E+00    0.18670E+02
    35    0.73304E+00    0.18745E+02
    36    0.75398E+00    0.18912E+02
    37    0.77493E+00    0.18965E+02
    38    0.79587E+00    0.19117E+02
    39    0.81681E+00    0.19206E+02
    40    0.83776E+00    0.18785E+02
    41    0.85870E+00    0.19183E+02
    42    0.87965E+00    0.18919E+02
    43    0.90059E+00    0.18540E+02
    44    0.92153E+00    0.18597E+02
    45    0.94248E+00    0.18769E+02
    46    0.96342E+00    0.18722E+02
    47    0.98437E+00    0.18708E+02
    48    0.10053E+01    0.18719E+02
    49    0.10263E+01    0.18592E+02
    50    0.10472E+01    0.18679E+02
    51    0.10681E+01    0.18515E+02
    52    0.10891E+01    0.18619E+02
    53    0.11100E+01    0.19002E+02
    54    0.11310E+01    0.18529E+02
    55    0.11519E+01    0.18565E+02
    56    0.11729E+01    0.18413E+02
    57    0.11938E+01    0.18351E+02
    58    0.12147E+01    0.18513E+02
    59    0.12357E+01    0.18431E+02
    60    0.12566E+01    0.18403E+02
    61    0.12776E+01    0.18548E+02
    62    0.12985E+01    0.18624E+02
    63    0.13195E+01    0.18486E+02
    64    0.13404E+01    0.18646E+02
    65    0.13614E+01    0.18516E+02
    66    0.13823E+01    0.18566E+02
    67    0.14032E+01    0.18364E+02
    68    0.14242E+01    0.18686E+02
    69    0.14451E+01    0.18477E+02
    70    0.14661E+01    0.18756E+02
    71    0.14870E+01    0.18702E+02
    72    0.15080E+01    0.18749E+02
    73    0.15289E+01    0.18772E+02
    74    0.15499E+01    0.18782E+02
    75    0.15708E+01    0.18781E+02
    76    0.15917E+01    0.18730E+02
    77    0.16127E+01    0.18906E+02
    78    0.16336E+01    0.18868E+02
    79    0.16546E+01    0.19012E+02
    80    0.16755E+01    0.18990E+02
    81    0.16965E+01    0.19038E+02
    82    0.17174E+01    0.19205E+02
    83    0.17383E+01    0.19186E+02
    84    0.17593E+01    0.19270E+02
    85    0.17802E+01    0.19435E+02
    86    0.18012E+01    0.19276E+02
    87    0.18221E+01    0.19484E+02
    88    0.18431E+01    0.19590E+02
    89    0.18640E+01    0.19554E+02
    90    0.18850E+01    0.19708E+02
    91    0.19059E+01    0.19532E+02
    92    0.19268E+01    0.19698E+02
    93    0.19478E+01    0.19887E+02
    94    0.19687E+01    0.19898E+02
    95    0.19897E+01    0.19823E+02
    96    0.20106E+01    0.20112E+02
    97    0.20316E+01    0.20075E+02
    98    0.20525E+01    0.20059E+02
    99    0.20735E+01    0.20085E+02
   100    0.20944E+01    0.20218E+02
   101    0.21153E+01    0.20210E+02
   102    0.21363E+01    0.20466E+02
   103    0.21572E+01    0.20336E+02
   104    0.21782E+01    0.20206E+02
   105    0.21991E+01    0.20374E+02
   106    0.22201E+01    0.20359E+02
   107    0.22410E+01    0.20444E+02
   108    0.22619E+01    0.20570E+02
   109    0.22829E+01    0.20578E+02
   110    0.23038E+01    0.20529E+02
   111    0.23248E+01    0.20672E+02
   112    0.23457E+01    0.20649E+02
   113    0.23667E+01    0.20627E+02
   114    0.23876E+01    0.20692E+02
   115    0.24086E+01    0.20621E+02
   116    0.24295E+01    0.20788E+02
   117    0.24504E+01    0.20570E+02
   118    0.24714E+01    0.20550E+02
   119    0.24923E+01    0.20706E+02
   120    0.25133E+01    0.20627E+02
   121    0.25342E+01    0.20488E+02
   122    0.25552E+01    0.20451E+02
   123    0.25761E+01    0.20451E+02
   124    0.25970E+01    0.20380E+02
   125    0.26180E+01    0.20256E+02
   126    0.26389E+01    0.20335E+02
   127    0.26599E+01    0.20047E+02
   128    0.26808E+01    0.19956E+02
   129    0.27018E+01    0.20020E+02
   130    0.27227E+01    0.19834E+02
   131    0.27437E+01    0.19809E+02
   132    0.27646E+01    0.19697E+02
   133    0.27855E+01    0.19505E+02
   134    0.28065E+01    0.19462E+02
   135    0.28274E+01    0.19293E+02
   136    0.28484E+01    0.19207E+02
   137    0.28693E+01    0.19039E+02
   138    0.28903E+01    0.18891E+02
   139    0.29112E+01    0.18747E+02
   140    0.29322E+01    0.18611E+02
   141    0.29531E+01    0.18536E+02
   142    0.29740E+01    0.18336E+02
   143    0.29950E+01    0.18294E+02
   144    0.30159E+01    0.18108E+02
   145    0.30369E+01    0.18071E+02
   146    0.30578E+01    0.17953E+02
   147    0.30788E+01    0.17838E+02
   148    0.30997E+01    0.17870E+02
   149    0.31206E+01    0.17866E+02
