k[unitless]    k[h/Mpc]    D^2(k)
     1    0.20944E-01    0.32631E-08
     2    0.41888E-01    0.25872E-07
     3    0.62832E-01    0.86209E-07
     4    0.83776E-01    0.20076E-06
     5    0.10472E+00    0.38249E-06
     6    0.12566E+00    0.64155E-06
     7    0.14661E+00    0.98656E-06
     8    0.16755E+00    0.14202E-05
     9    0.18850E+00    0.19347E-05
    10    0.20944E+00    0.25305E-05
    11    0.23038E+00    0.32079E-05
    12    0.25133E+00    0.39518E-05
    13    0.27227E+00    0.47509E-05
    14    0.29322E+00    0.55940E-05
    15    0.31416E+00    0.64953E-05
    16    0.33510E+00    0.74116E-05
    17    0.35605E+00    0.83636E-05
    18    0.37699E+00    0.93357E-05
    19    0.39794E+00    0.10343E-04
    20    0.41888E+00    0.11379E-04
    21    0.43982E+00    0.12443E-04
    22    0.46077E+00    0.13627E-04
    23    0.48171E+00    0.14727E-04
    24    0.50265E+00    0.16006E-04
    25    0.52360E+00    0.17320E-04
    26    0.54454E+00    0.18733E-04
    27    0.56549E+00    0.20144E-04
    28    0.58643E+00    0.21628E-04
    29    0.60737E+00    0.23362E-04
    30    0.62832E+00    0.25010E-04
    31    0.64926E+00    0.26718E-04
    32    0.67021E+00    0.28481E-04
    33    0.69115E+00    0.30318E-04
    34    0.71209E+00    0.32169E-04
    35    0.73304E+00    0.34107E-04
    36    0.75398E+00    0.35711E-04
    37    0.77493E+00    0.37771E-04
    38    0.79587E+00    0.39263E-04
    39    0.81681E+00    0.41104E-04
    40    0.83776E+00    0.42954E-04
    41    0.85870E+00    0.44451E-04
    42    0.87965E+00    0.46081E-04
    43    0.90059E+00    0.47740E-04
    44    0.92153E+00    0.49393E-04
    45    0.94248E+00    0.50797E-04
    46    0.96342E+00    0.52611E-04
    47    0.98437E+00    0.54251E-04
    48    0.10053E+01    0.56012E-04
    49    0.10263E+01    0.57640E-04
    50    0.10472E+01    0.59559E-04
    51    0.10681E+01    0.61352E-04
    52    0.10891E+01    0.63364E-04
    53    0.11100E+01    0.65423E-04
    54    0.11310E+01    0.67403E-04
    55    0.11519E+01    0.69535E-04
    56    0.11729E+01    0.71750E-04
    57    0.11938E+01    0.73575E-04
    58    0.12147E+01    0.75704E-04
    59    0.12357E+01    0.78067E-04
    60    0.12566E+01    0.79748E-04
    61    0.12776E+01    0.81375E-04
    62    0.12985E+01    0.83755E-04
    63    0.13195E+01    0.85106E-04
    64    0.13404E+01    0.86481E-04
    65    0.13614E+01    0.88145E-04
    66    0.13823E+01    0.89744E-04
    67    0.14032E+01    0.90632E-04
    68    0.14242E+01    0.91889E-04
    69    0.14451E+01    0.93246E-04
    70    0.14661E+01    0.94238E-04
    71    0.14870E+01    0.95338E-04
    72    0.15080E+01    0.96411E-04
    73    0.15289E+01    0.97322E-04
    74    0.15499E+01    0.98348E-04
    75    0.15708E+01    0.99634E-04
    76    0.15917E+01    0.10047E-03
    77    0.16127E+01    0.10160E-03
    78    0.16336E+01    0.10283E-03
    79    0.16546E+01    0.10390E-03
    80    0.16755E+01    0.10508E-03
    81    0.16965E+01    0.10628E-03
    82    0.17174E+01    0.10729E-03
    83    0.17383E+01    0.10830E-03
    84    0.17593E+01    0.10963E-03
    85    0.17802E+01    0.11072E-03
    86    0.18012E+01    0.11162E-03
    87    0.18221E+01    0.11271E-03
    88    0.18431E+01    0.11368E-03
    89    0.18640E+01    0.11469E-03
    90    0.18850E+01    0.11521E-03
    91    0.19059E+01    0.11666E-03
    92    0.19268E+01    0.11706E-03
    93    0.19478E+01    0.11796E-03
    94    0.19687E+01    0.11857E-03
    95    0.19897E+01    0.11939E-03
    96    0.20106E+01    0.12015E-03
    97    0.20316E+01    0.12074E-03
    98    0.20525E+01    0.12132E-03
    99    0.20735E+01    0.12178E-03
   100    0.20944E+01    0.12254E-03
   101    0.21153E+01    0.12273E-03
   102    0.21363E+01    0.12319E-03
   103    0.21572E+01    0.12379E-03
   104    0.21782E+01    0.12415E-03
   105    0.21991E+01    0.12417E-03
   106    0.22201E+01    0.12451E-03
   107    0.22410E+01    0.12461E-03
   108    0.22619E+01    0.12507E-03
   109    0.22829E+01    0.12493E-03
   110    0.23038E+01    0.12516E-03
   111    0.23248E+01    0.12539E-03
   112    0.23457E+01    0.12529E-03
   113    0.23667E+01    0.12556E-03
   114    0.23876E+01    0.12542E-03
   115    0.24086E+01    0.12581E-03
   116    0.24295E+01    0.12587E-03
   117    0.24504E+01    0.12593E-03
   118    0.24714E+01    0.12599E-03
   119    0.24923E+01    0.12624E-03
   120    0.25133E+01    0.12624E-03
   121    0.25342E+01    0.12649E-03
   122    0.25552E+01    0.12654E-03
   123    0.25761E+01    0.12648E-03
   124    0.25970E+01    0.12663E-03
   125    0.26180E+01    0.12647E-03
   126    0.26389E+01    0.12658E-03
   127    0.26599E+01    0.12647E-03
   128    0.26808E+01    0.12649E-03
   129    0.27018E+01    0.12643E-03
   130    0.27227E+01    0.12624E-03
   131    0.27437E+01    0.12669E-03
   132    0.27646E+01    0.12614E-03
   133    0.27855E+01    0.12668E-03
   134    0.28065E+01    0.12683E-03
   135    0.28274E+01    0.12729E-03
   136    0.28484E+01    0.12770E-03
   137    0.28693E+01    0.12796E-03
   138    0.28903E+01    0.12910E-03
   139    0.29112E+01    0.12978E-03
   140    0.29322E+01    0.13068E-03
   141    0.29531E+01    0.13174E-03
   142    0.29740E+01    0.13279E-03
   143    0.29950E+01    0.13395E-03
   144    0.30159E+01    0.13501E-03
   145    0.30369E+01    0.13646E-03
   146    0.30578E+01    0.13766E-03
   147    0.30788E+01    0.13862E-03
   148    0.30997E+01    0.14021E-03
   149    0.31206E+01    0.14079E-03
