k[unitless]    k[h/Mpc]    D^2(k)
     1    0.20944E-01    0.65839E-01
     2    0.41888E-01    0.32762E+00
     3    0.62832E-01    0.83853E+00
     4    0.83776E-01    0.13940E+01
     5    0.10472E+00    0.19442E+01
     6    0.12566E+00    0.27125E+01
     7    0.14661E+00    0.33743E+01
     8    0.16755E+00    0.38438E+01
     9    0.18850E+00    0.47099E+01
    10    0.20944E+00    0.53204E+01
    11    0.23038E+00    0.58843E+01
    12    0.25133E+00    0.68606E+01
    13    0.27227E+00    0.73806E+01
    14    0.29322E+00    0.78176E+01
    15    0.31416E+00    0.85481E+01
    16    0.33510E+00    0.91055E+01
    17    0.35605E+00    0.95074E+01
    18    0.37699E+00    0.10327E+02
    19    0.39794E+00    0.11253E+02
    20    0.41888E+00    0.11353E+02
    21    0.43982E+00    0.11971E+02
    22    0.46077E+00    0.12569E+02
    23    0.48171E+00    0.13227E+02
    24    0.50265E+00    0.13595E+02
    25    0.52360E+00    0.13854E+02
    26    0.54454E+00    0.14477E+02
    27    0.56549E+00    0.15197E+02
    28    0.58643E+00    0.15490E+02
    29    0.60737E+00    0.16006E+02
    30    0.62832E+00    0.16645E+02
    31    0.64926E+00    0.16938E+02
    32    0.67021E+00    0.17366E+02
    33    0.69115E+00    0.17962E+02
    34    0.71209E+00    0.18296E+02
    35    0.73304E+00    0.18596E+02
    36    0.75398E+00    0.19225E+02
    37    0.77493E+00    0.19297E+02
    38    0.79587E+00    0.19882E+02
    39    0.81681E+00    0.20077E+02
    40    0.83776E+00    0.20617E+02
    41    0.85870E+00    0.20768E+02
    42    0.87965E+00    0.21286E+02
    43    0.90059E+00    0.21481E+02
    44    0.92153E+00    0.22074E+02
    45    0.94248E+00    0.22169E+02
    46    0.96342E+00    0.22256E+02
    47    0.98437E+00    0.22837E+02
    48    0.10053E+01    0.23260E+02
    49    0.10263E+01    0.23202E+02
    50    0.10472E+01    0.23324E+02
    51    0.10681E+01    0.23575E+02
    52    0.10891E+01    0.23868E+02
    53    0.11100E+01    0.24040E+02
    54    0.11310E+01    0.24326E+02
    55    0.11519E+01    0.24612E+02
    56    0.11729E+01    0.24792E+02
    57    0.11938E+01    0.24967E+02
    58    0.12147E+01    0.24915E+02
    59    0.12357E+01    0.25411E+02
    60    0.12566E+01    0.25497E+02
    61    0.12776E+01    0.25503E+02
    62    0.12985E+01    0.25782E+02
    63    0.13195E+01    0.25725E+02
    64    0.13404E+01    0.25897E+02
    65    0.13614E+01    0.26121E+02
    66    0.13823E+01    0.25846E+02
    67    0.14032E+01    0.26179E+02
    68    0.14242E+01    0.26322E+02
    69    0.14451E+01    0.26493E+02
    70    0.14661E+01    0.26607E+02
    71    0.14870E+01    0.26394E+02
    72    0.15080E+01    0.26666E+02
    73    0.15289E+01    0.26602E+02
    74    0.15499E+01    0.26651E+02
    75    0.15708E+01    0.26862E+02
    76    0.15917E+01    0.26949E+02
    77    0.16127E+01    0.26678E+02
    78    0.16336E+01    0.26930E+02
    79    0.16546E+01    0.27091E+02
    80    0.16755E+01    0.27018E+02
    81    0.16965E+01    0.26922E+02
    82    0.17174E+01    0.26628E+02
    83    0.17383E+01    0.26864E+02
    84    0.17593E+01    0.26650E+02
    85    0.17802E+01    0.26680E+02
    86    0.18012E+01    0.26640E+02
    87    0.18221E+01    0.26795E+02
    88    0.18431E+01    0.26791E+02
    89    0.18640E+01    0.26662E+02
    90    0.18850E+01    0.26756E+02
    91    0.19059E+01    0.26418E+02
    92    0.19268E+01    0.26410E+02
    93    0.19478E+01    0.26473E+02
    94    0.19687E+01    0.26328E+02
    95    0.19897E+01    0.26319E+02
    96    0.20106E+01    0.26663E+02
    97    0.20316E+01    0.26168E+02
    98    0.20525E+01    0.26183E+02
    99    0.20735E+01    0.25904E+02
   100    0.20944E+01    0.26053E+02
   101    0.21153E+01    0.25725E+02
   102    0.21363E+01    0.25926E+02
   103    0.21572E+01    0.25558E+02
   104    0.21782E+01    0.25763E+02
   105    0.21991E+01    0.25504E+02
   106    0.22201E+01    0.25514E+02
   107    0.22410E+01    0.25339E+02
   108    0.22619E+01    0.25477E+02
   109    0.22829E+01    0.25124E+02
   110    0.23038E+01    0.25062E+02
   111    0.23248E+01    0.24685E+02
   112    0.23457E+01    0.24658E+02
   113    0.23667E+01    0.24678E+02
   114    0.23876E+01    0.24500E+02
   115    0.24086E+01    0.24327E+02
   116    0.24295E+01    0.24354E+02
   117    0.24504E+01    0.24242E+02
   118    0.24714E+01    0.23888E+02
   119    0.24923E+01    0.23873E+02
   120    0.25133E+01    0.23960E+02
   121    0.25342E+01    0.23480E+02
   122    0.25552E+01    0.23458E+02
   123    0.25761E+01    0.23388E+02
   124    0.25970E+01    0.23034E+02
   125    0.26180E+01    0.22926E+02
   126    0.26389E+01    0.22998E+02
   127    0.26599E+01    0.22539E+02
   128    0.26808E+01    0.22356E+02
   129    0.27018E+01    0.22396E+02
   130    0.27227E+01    0.22116E+02
   131    0.27437E+01    0.21942E+02
   132    0.27646E+01    0.21787E+02
   133    0.27855E+01    0.21720E+02
   134    0.28065E+01    0.21558E+02
   135    0.28274E+01    0.21304E+02
   136    0.28484E+01    0.21143E+02
   137    0.28693E+01    0.20877E+02
   138    0.28903E+01    0.20869E+02
   139    0.29112E+01    0.20689E+02
   140    0.29322E+01    0.20664E+02
   141    0.29531E+01    0.20366E+02
   142    0.29740E+01    0.20242E+02
   143    0.29950E+01    0.20090E+02
   144    0.30159E+01    0.20048E+02
   145    0.30369E+01    0.19964E+02
   146    0.30578E+01    0.19804E+02
   147    0.30788E+01    0.19757E+02
   148    0.30997E+01    0.19753E+02
   149    0.31206E+01    0.19785E+02
