k[unitless]    k[h/Mpc]    D^2(k)
     1    0.20944E-01    0.88815E-01
     2    0.41888E-01    0.44566E+00
     3    0.62832E-01    0.11476E+01
     4    0.83776E-01    0.19421E+01
     5    0.10472E+00    0.26245E+01
     6    0.12566E+00    0.36694E+01
     7    0.14661E+00    0.45413E+01
     8    0.16755E+00    0.51752E+01
     9    0.18850E+00    0.63381E+01
    10    0.20944E+00    0.71317E+01
    11    0.23038E+00    0.78446E+01
    12    0.25133E+00    0.89841E+01
    13    0.27227E+00    0.96840E+01
    14    0.29322E+00    0.10301E+02
    15    0.31416E+00    0.11198E+02
    16    0.33510E+00    0.11894E+02
    17    0.35605E+00    0.12398E+02
    18    0.37699E+00    0.13345E+02
    19    0.39794E+00    0.14135E+02
    20    0.41888E+00    0.14723E+02
    21    0.43982E+00    0.15223E+02
    22    0.46077E+00    0.15784E+02
    23    0.48171E+00    0.16505E+02
    24    0.50265E+00    0.17044E+02
    25    0.52360E+00    0.17476E+02
    26    0.54454E+00    0.18002E+02
    27    0.56549E+00    0.18765E+02
    28    0.58643E+00    0.19085E+02
    29    0.60737E+00    0.19696E+02
    30    0.62832E+00    0.20289E+02
    31    0.64926E+00    0.20650E+02
    32    0.67021E+00    0.21017E+02
    33    0.69115E+00    0.21608E+02
    34    0.71209E+00    0.21799E+02
    35    0.73304E+00    0.22237E+02
    36    0.75398E+00    0.22743E+02
    37    0.77493E+00    0.22898E+02
    38    0.79587E+00    0.23430E+02
    39    0.81681E+00    0.23591E+02
    40    0.83776E+00    0.24028E+02
    41    0.85870E+00    0.24068E+02
    42    0.87965E+00    0.24528E+02
    43    0.90059E+00    0.24695E+02
    44    0.92153E+00    0.25172E+02
    45    0.94248E+00    0.25379E+02
    46    0.96342E+00    0.25354E+02
    47    0.98437E+00    0.25904E+02
    48    0.10053E+01    0.26101E+02
    49    0.10263E+01    0.26090E+02
    50    0.10472E+01    0.26031E+02
    51    0.10681E+01    0.26275E+02
    52    0.10891E+01    0.26757E+02
    53    0.11100E+01    0.26363E+02
    54    0.11310E+01    0.26805E+02
    55    0.11519E+01    0.27027E+02
    56    0.11729E+01    0.27044E+02
    57    0.11938E+01    0.27083E+02
    58    0.12147E+01    0.26989E+02
    59    0.12357E+01    0.27174E+02
    60    0.12566E+01    0.27309E+02
    61    0.12776E+01    0.27187E+02
    62    0.12985E+01    0.27350E+02
    63    0.13195E+01    0.27166E+02
    64    0.13404E+01    0.27314E+02
    65    0.13614E+01    0.27287E+02
    66    0.13823E+01    0.27071E+02
    67    0.14032E+01    0.27056E+02
    68    0.14242E+01    0.27196E+02
    69    0.14451E+01    0.27198E+02
    70    0.14661E+01    0.27012E+02
    71    0.14870E+01    0.26870E+02
    72    0.15080E+01    0.26947E+02
    73    0.15289E+01    0.26809E+02
    74    0.15499E+01    0.26677E+02
    75    0.15708E+01    0.26786E+02
    76    0.15917E+01    0.26701E+02
    77    0.16127E+01    0.26302E+02
    78    0.16336E+01    0.26366E+02
    79    0.16546E+01    0.26314E+02
    80    0.16755E+01    0.26217E+02
    81    0.16965E+01    0.25915E+02
    82    0.17174E+01    0.25575E+02
    83    0.17383E+01    0.25497E+02
    84    0.17593E+01    0.25205E+02
    85    0.17802E+01    0.25184E+02
    86    0.18012E+01    0.24941E+02
    87    0.18221E+01    0.24961E+02
    88    0.18431E+01    0.24797E+02
    89    0.18640E+01    0.24457E+02
    90    0.18850E+01    0.24440E+02
    91    0.19059E+01    0.23884E+02
    92    0.19268E+01    0.23768E+02
    93    0.19478E+01    0.23722E+02
    94    0.19687E+01    0.23410E+02
    95    0.19897E+01    0.23232E+02
    96    0.20106E+01    0.23355E+02
    97    0.20316E+01    0.22776E+02
    98    0.20525E+01    0.22680E+02
    99    0.20735E+01    0.22307E+02
   100    0.20944E+01    0.22166E+02
   101    0.21153E+01    0.21811E+02
   102    0.21363E+01    0.21858E+02
   103    0.21572E+01    0.21311E+02
   104    0.21782E+01    0.21362E+02
   105    0.21991E+01    0.20995E+02
   106    0.22201E+01    0.20808E+02
   107    0.22410E+01    0.20579E+02
   108    0.22619E+01    0.20581E+02
   109    0.22829E+01    0.20194E+02
   110    0.23038E+01    0.19965E+02
   111    0.23248E+01    0.19491E+02
   112    0.23457E+01    0.19390E+02
   113    0.23667E+01    0.19145E+02
   114    0.23876E+01    0.18864E+02
   115    0.24086E+01    0.18646E+02
   116    0.24295E+01    0.18516E+02
   117    0.24504E+01    0.18292E+02
   118    0.24714E+01    0.18006E+02
   119    0.24923E+01    0.17893E+02
   120    0.25133E+01    0.17742E+02
   121    0.25342E+01    0.17210E+02
   122    0.25552E+01    0.17163E+02
   123    0.25761E+01    0.17066E+02
   124    0.25970E+01    0.16675E+02
   125    0.26180E+01    0.16446E+02
   126    0.26389E+01    0.16394E+02
   127    0.26599E+01    0.16037E+02
   128    0.26808E+01    0.15817E+02
   129    0.27018E+01    0.15717E+02
   130    0.27227E+01    0.15499E+02
   131    0.27437E+01    0.15230E+02
   132    0.27646E+01    0.15128E+02
   133    0.27855E+01    0.14992E+02
   134    0.28065E+01    0.14764E+02
   135    0.28274E+01    0.14625E+02
   136    0.28484E+01    0.14411E+02
   137    0.28693E+01    0.14251E+02
   138    0.28903E+01    0.14190E+02
   139    0.29112E+01    0.14005E+02
   140    0.29322E+01    0.13931E+02
   141    0.29531E+01    0.13777E+02
   142    0.29740E+01    0.13586E+02
   143    0.29950E+01    0.13469E+02
   144    0.30159E+01    0.13403E+02
   145    0.30369E+01    0.13306E+02
   146    0.30578E+01    0.13162E+02
   147    0.30788E+01    0.13132E+02
   148    0.30997E+01    0.13054E+02
   149    0.31206E+01    0.13025E+02
