k[unitless]    k[h/Mpc]    D^2(k)
     1    0.20944E-01    0.42397E-01
     2    0.41888E-01    0.21056E+00
     3    0.62832E-01    0.53362E+00
     4    0.83776E-01    0.86317E+00
     5    0.10472E+00    0.12903E+01
     6    0.12566E+00    0.18032E+01
     7    0.14661E+00    0.22925E+01
     8    0.16755E+00    0.26343E+01
     9    0.18850E+00    0.32391E+01
    10    0.20944E+00    0.37066E+01
    11    0.23038E+00    0.41833E+01
    12    0.25133E+00    0.50256E+01
    13    0.27227E+00    0.54412E+01
    14    0.29322E+00    0.57966E+01
    15    0.31416E+00    0.64544E+01
    16    0.33510E+00    0.69223E+01
    17    0.35605E+00    0.72896E+01
    18    0.37699E+00    0.80635E+01
    19    0.39794E+00    0.90562E+01
    20    0.41888E+00    0.89568E+01
    21    0.43982E+00    0.96338E+01
    22    0.46077E+00    0.10373E+02
    23    0.48171E+00    0.11006E+02
    24    0.50265E+00    0.11294E+02
    25    0.52360E+00    0.11481E+02
    26    0.54454E+00    0.12306E+02
    27    0.56549E+00    0.13085E+02
    28    0.58643E+00    0.13346E+02
    29    0.60737E+00    0.13812E+02
    30    0.62832E+00    0.14501E+02
    31    0.64926E+00    0.14906E+02
    32    0.67021E+00    0.15466E+02
    33    0.69115E+00    0.16100E+02
    34    0.71209E+00    0.16464E+02
    35    0.73304E+00    0.16780E+02
    36    0.75398E+00    0.17480E+02
    37    0.77493E+00    0.17552E+02
    38    0.79587E+00    0.18305E+02
    39    0.81681E+00    0.18447E+02
    40    0.83776E+00    0.19056E+02
    41    0.85870E+00    0.19283E+02
    42    0.87965E+00    0.19917E+02
    43    0.90059E+00    0.20190E+02
    44    0.92153E+00    0.20735E+02
    45    0.94248E+00    0.20916E+02
    46    0.96342E+00    0.20991E+02
    47    0.98437E+00    0.21652E+02
    48    0.10053E+01    0.22181E+02
    49    0.10263E+01    0.22194E+02
    50    0.10472E+01    0.22374E+02
    51    0.10681E+01    0.22665E+02
    52    0.10891E+01    0.22882E+02
    53    0.11100E+01    0.23345E+02
    54    0.11310E+01    0.23531E+02
    55    0.11519E+01    0.23886E+02
    56    0.11729E+01    0.24199E+02
    57    0.11938E+01    0.24476E+02
    58    0.12147E+01    0.24427E+02
    59    0.12357E+01    0.25067E+02
    60    0.12566E+01    0.25167E+02
    61    0.12776E+01    0.25242E+02
    62    0.12985E+01    0.25622E+02
    63    0.13195E+01    0.25565E+02
    64    0.13404E+01    0.25793E+02
    65    0.13614E+01    0.26111E+02
    66    0.13823E+01    0.25926E+02
    67    0.14032E+01    0.26437E+02
    68    0.14242E+01    0.26600E+02
    69    0.14451E+01    0.26753E+02
    70    0.14661E+01    0.26901E+02
    71    0.14870E+01    0.26835E+02
    72    0.15080E+01    0.27230E+02
    73    0.15289E+01    0.27261E+02
    74    0.15499E+01    0.27369E+02
    75    0.15708E+01    0.27578E+02
    76    0.15917E+01    0.27821E+02
    77    0.16127E+01    0.27601E+02
    78    0.16336E+01    0.27986E+02
    79    0.16546E+01    0.28304E+02
    80    0.16755E+01    0.28378E+02
    81    0.16965E+01    0.28381E+02
    82    0.17174E+01    0.28264E+02
    83    0.17383E+01    0.28555E+02
    84    0.17593E+01    0.28405E+02
    85    0.17802E+01    0.28522E+02
    86    0.18012E+01    0.28716E+02
    87    0.18221E+01    0.28865E+02
    88    0.18431E+01    0.28978E+02
    89    0.18640E+01    0.29129E+02
    90    0.18850E+01    0.29189E+02
    91    0.19059E+01    0.29084E+02
    92    0.19268E+01    0.29163E+02
    93    0.19478E+01    0.29301E+02
    94    0.19687E+01    0.29361E+02
    95    0.19897E+01    0.29524E+02
    96    0.20106E+01    0.29917E+02
    97    0.20316E+01    0.29546E+02
    98    0.20525E+01    0.29739E+02
    99    0.20735E+01    0.29597E+02
   100    0.20944E+01    0.29803E+02
   101    0.21153E+01    0.29743E+02
   102    0.21363E+01    0.29954E+02
   103    0.21572E+01    0.29727E+02
   104    0.21782E+01    0.29955E+02
   105    0.21991E+01    0.29934E+02
   106    0.22201E+01    0.30080E+02
   107    0.22410E+01    0.29927E+02
   108    0.22619E+01    0.30080E+02
   109    0.22829E+01    0.29836E+02
   110    0.23038E+01    0.29797E+02
   111    0.23248E+01    0.29553E+02
   112    0.23457E+01    0.29739E+02
   113    0.23667E+01    0.29830E+02
   114    0.23876E+01    0.29642E+02
   115    0.24086E+01    0.29665E+02
   116    0.24295E+01    0.29645E+02
   117    0.24504E+01    0.29690E+02
   118    0.24714E+01    0.29162E+02
   119    0.24923E+01    0.29527E+02
   120    0.25133E+01    0.29560E+02
   121    0.25342E+01    0.29074E+02
   122    0.25552E+01    0.29136E+02
   123    0.25761E+01    0.29011E+02
   124    0.25970E+01    0.28732E+02
   125    0.26180E+01    0.28758E+02
   126    0.26389E+01    0.28803E+02
   127    0.26599E+01    0.28338E+02
   128    0.26808E+01    0.28135E+02
   129    0.27018E+01    0.28082E+02
   130    0.27227E+01    0.27972E+02
   131    0.27437E+01    0.27749E+02
   132    0.27646E+01    0.27494E+02
   133    0.27855E+01    0.27515E+02
   134    0.28065E+01    0.27191E+02
   135    0.28274E+01    0.26976E+02
   136    0.28484E+01    0.26797E+02
   137    0.28693E+01    0.26429E+02
   138    0.28903E+01    0.26411E+02
   139    0.29112E+01    0.26224E+02
   140    0.29322E+01    0.26032E+02
   141    0.29531E+01    0.25643E+02
   142    0.29740E+01    0.25515E+02
   143    0.29950E+01    0.25394E+02
   144    0.30159E+01    0.25192E+02
   145    0.30369E+01    0.25117E+02
   146    0.30578E+01    0.24832E+02
   147    0.30788E+01    0.24701E+02
   148    0.30997E+01    0.24687E+02
   149    0.31206E+01    0.24601E+02
