k[unitless]    k[h/Mpc]    D^2(k)
     1    0.20944E-01    0.50713E+00
     2    0.41888E-01    0.19927E+01
     3    0.62832E-01    0.42808E+01
     4    0.83776E-01    0.50434E+01
     5    0.10472E+00    0.60960E+01
     6    0.12566E+00    0.68370E+01
     7    0.14661E+00    0.71270E+01
     8    0.16755E+00    0.69045E+01
     9    0.18850E+00    0.72408E+01
    10    0.20944E+00    0.71108E+01
    11    0.23038E+00    0.76876E+01
    12    0.25133E+00    0.76201E+01
    13    0.27227E+00    0.70462E+01
    14    0.29322E+00    0.72504E+01
    15    0.31416E+00    0.66676E+01
    16    0.33510E+00    0.71470E+01
    17    0.35605E+00    0.69219E+01
    18    0.37699E+00    0.69331E+01
    19    0.39794E+00    0.68961E+01
    20    0.41888E+00    0.70514E+01
    21    0.43982E+00    0.69675E+01
    22    0.46077E+00    0.70104E+01
    23    0.48171E+00    0.66731E+01
    24    0.50265E+00    0.65821E+01
    25    0.52360E+00    0.67029E+01
    26    0.54454E+00    0.66387E+01
    27    0.56549E+00    0.65427E+01
    28    0.58643E+00    0.66681E+01
    29    0.60737E+00    0.64397E+01
    30    0.62832E+00    0.65270E+01
    31    0.64926E+00    0.63431E+01
    32    0.67021E+00    0.65197E+01
    33    0.69115E+00    0.64814E+01
    34    0.71209E+00    0.63658E+01
    35    0.73304E+00    0.63344E+01
    36    0.75398E+00    0.62679E+01
    37    0.77493E+00    0.62092E+01
    38    0.79587E+00    0.63005E+01
    39    0.81681E+00    0.63057E+01
    40    0.83776E+00    0.62304E+01
    41    0.85870E+00    0.62462E+01
    42    0.87965E+00    0.62552E+01
    43    0.90059E+00    0.62186E+01
    44    0.92153E+00    0.61457E+01
    45    0.94248E+00    0.60699E+01
    46    0.96342E+00    0.61071E+01
    47    0.98437E+00    0.61820E+01
    48    0.10053E+01    0.61491E+01
    49    0.10263E+01    0.61234E+01
    50    0.10472E+01    0.61931E+01
    51    0.10681E+01    0.60564E+01
    52    0.10891E+01    0.60557E+01
    53    0.11100E+01    0.60408E+01
    54    0.11310E+01    0.59847E+01
    55    0.11519E+01    0.59787E+01
    56    0.11729E+01    0.59394E+01
    57    0.11938E+01    0.60023E+01
    58    0.12147E+01    0.60837E+01
    59    0.12357E+01    0.59957E+01
    60    0.12566E+01    0.59577E+01
    61    0.12776E+01    0.58842E+01
    62    0.12985E+01    0.59582E+01
    63    0.13195E+01    0.59517E+01
    64    0.13404E+01    0.60012E+01
    65    0.13614E+01    0.59368E+01
    66    0.13823E+01    0.59009E+01
    67    0.14032E+01    0.59640E+01
    68    0.14242E+01    0.58772E+01
    69    0.14451E+01    0.58808E+01
    70    0.14661E+01    0.58429E+01
    71    0.14870E+01    0.58495E+01
    72    0.15080E+01    0.58122E+01
    73    0.15289E+01    0.58235E+01
    74    0.15499E+01    0.58975E+01
    75    0.15708E+01    0.58508E+01
    76    0.15917E+01    0.59214E+01
    77    0.16127E+01    0.58675E+01
    78    0.16336E+01    0.57808E+01
    79    0.16546E+01    0.58279E+01
    80    0.16755E+01    0.57736E+01
    81    0.16965E+01    0.57554E+01
    82    0.17174E+01    0.57808E+01
    83    0.17383E+01    0.57015E+01
    84    0.17593E+01    0.57715E+01
    85    0.17802E+01    0.58124E+01
    86    0.18012E+01    0.58161E+01
    87    0.18221E+01    0.57774E+01
    88    0.18431E+01    0.57692E+01
    89    0.18640E+01    0.58055E+01
    90    0.18850E+01    0.57740E+01
    91    0.19059E+01    0.57566E+01
    92    0.19268E+01    0.57608E+01
    93    0.19478E+01    0.57646E+01
    94    0.19687E+01    0.57425E+01
    95    0.19897E+01    0.57392E+01
    96    0.20106E+01    0.57411E+01
    97    0.20316E+01    0.57186E+01
    98    0.20525E+01    0.57587E+01
    99    0.20735E+01    0.57471E+01
   100    0.20944E+01    0.57082E+01
   101    0.21153E+01    0.57050E+01
   102    0.21363E+01    0.56939E+01
   103    0.21572E+01    0.57199E+01
   104    0.21782E+01    0.56893E+01
   105    0.21991E+01    0.56790E+01
   106    0.22201E+01    0.56463E+01
   107    0.22410E+01    0.56297E+01
   108    0.22619E+01    0.56522E+01
   109    0.22829E+01    0.56726E+01
   110    0.23038E+01    0.56474E+01
   111    0.23248E+01    0.56701E+01
   112    0.23457E+01    0.56145E+01
   113    0.23667E+01    0.55867E+01
   114    0.23876E+01    0.55728E+01
   115    0.24086E+01    0.55900E+01
   116    0.24295E+01    0.55892E+01
   117    0.24504E+01    0.55531E+01
   118    0.24714E+01    0.55170E+01
   119    0.24923E+01    0.55372E+01
   120    0.25133E+01    0.54908E+01
   121    0.25342E+01    0.54633E+01
   122    0.25552E+01    0.54286E+01
   123    0.25761E+01    0.54414E+01
   124    0.25970E+01    0.54320E+01
   125    0.26180E+01    0.54090E+01
   126    0.26389E+01    0.53908E+01
   127    0.26599E+01    0.53778E+01
   128    0.26808E+01    0.53526E+01
   129    0.27018E+01    0.53398E+01
   130    0.27227E+01    0.52915E+01
   131    0.27437E+01    0.52735E+01
   132    0.27646E+01    0.52368E+01
   133    0.27855E+01    0.52018E+01
   134    0.28065E+01    0.52243E+01
   135    0.28274E+01    0.51811E+01
   136    0.28484E+01    0.51394E+01
   137    0.28693E+01    0.50944E+01
   138    0.28903E+01    0.50989E+01
   139    0.29112E+01    0.50778E+01
   140    0.29322E+01    0.50364E+01
   141    0.29531E+01    0.50446E+01
   142    0.29740E+01    0.50060E+01
   143    0.29950E+01    0.49982E+01
   144    0.30159E+01    0.49686E+01
   145    0.30369E+01    0.49355E+01
   146    0.30578E+01    0.49507E+01
   147    0.30788E+01    0.49613E+01
   148    0.30997E+01    0.49627E+01
   149    0.31206E+01    0.49571E+01
