k[unitless]    k[h/Mpc]    D^2(k)
     1    0.20944E-01    0.30802E-01
     2    0.41888E-01    0.16527E+00
     3    0.62832E-01    0.52519E+00
     4    0.83776E-01    0.10152E+01
     5    0.10472E+00    0.14317E+01
     6    0.12566E+00    0.22379E+01
     7    0.14661E+00    0.33645E+01
     8    0.16755E+00    0.42693E+01
     9    0.18850E+00    0.53354E+01
    10    0.20944E+00    0.61577E+01
    11    0.23038E+00    0.74447E+01
    12    0.25133E+00    0.82195E+01
    13    0.27227E+00    0.98301E+01
    14    0.29322E+00    0.10421E+02
    15    0.31416E+00    0.11802E+02
    16    0.33510E+00    0.12171E+02
    17    0.35605E+00    0.12855E+02
    18    0.37699E+00    0.14258E+02
    19    0.39794E+00    0.14407E+02
    20    0.41888E+00    0.16098E+02
    21    0.43982E+00    0.15962E+02
    22    0.46077E+00    0.16842E+02
    23    0.48171E+00    0.17490E+02
    24    0.50265E+00    0.17646E+02
    25    0.52360E+00    0.18592E+02
    26    0.54454E+00    0.19454E+02
    27    0.56549E+00    0.20092E+02
    28    0.58643E+00    0.20011E+02
    29    0.60737E+00    0.20722E+02
    30    0.62832E+00    0.20740E+02
    31    0.64926E+00    0.21478E+02
    32    0.67021E+00    0.22100E+02
    33    0.69115E+00    0.22067E+02
    34    0.71209E+00    0.21806E+02
    35    0.73304E+00    0.22401E+02
    36    0.75398E+00    0.23128E+02
    37    0.77493E+00    0.23195E+02
    38    0.79587E+00    0.23164E+02
    39    0.81681E+00    0.23136E+02
    40    0.83776E+00    0.23359E+02
    41    0.85870E+00    0.23878E+02
    42    0.87965E+00    0.24003E+02
    43    0.90059E+00    0.24243E+02
    44    0.92153E+00    0.24210E+02
    45    0.94248E+00    0.24092E+02
    46    0.96342E+00    0.24587E+02
    47    0.98437E+00    0.25068E+02
    48    0.10053E+01    0.24764E+02
    49    0.10263E+01    0.25199E+02
    50    0.10472E+01    0.24731E+02
    51    0.10681E+01    0.25256E+02
    52    0.10891E+01    0.25155E+02
    53    0.11100E+01    0.25398E+02
    54    0.11310E+01    0.25407E+02
    55    0.11519E+01    0.25467E+02
    56    0.11729E+01    0.25669E+02
    57    0.11938E+01    0.26021E+02
    58    0.12147E+01    0.25728E+02
    59    0.12357E+01    0.26163E+02
    60    0.12566E+01    0.25917E+02
    61    0.12776E+01    0.25929E+02
    62    0.12985E+01    0.26561E+02
    63    0.13195E+01    0.26410E+02
    64    0.13404E+01    0.26742E+02
    65    0.13614E+01    0.27131E+02
    66    0.13823E+01    0.26884E+02
    67    0.14032E+01    0.27033E+02
    68    0.14242E+01    0.27216E+02
    69    0.14451E+01    0.27182E+02
    70    0.14661E+01    0.27250E+02
    71    0.14870E+01    0.27362E+02
    72    0.15080E+01    0.27431E+02
    73    0.15289E+01    0.27560E+02
    74    0.15499E+01    0.28053E+02
    75    0.15708E+01    0.28128E+02
    76    0.15917E+01    0.28512E+02
    77    0.16127E+01    0.28675E+02
    78    0.16336E+01    0.28848E+02
    79    0.16546E+01    0.28890E+02
    80    0.16755E+01    0.29063E+02
    81    0.16965E+01    0.29368E+02
    82    0.17174E+01    0.29409E+02
    83    0.17383E+01    0.30118E+02
    84    0.17593E+01    0.29930E+02
    85    0.17802E+01    0.30339E+02
    86    0.18012E+01    0.30513E+02
    87    0.18221E+01    0.30740E+02
    88    0.18431E+01    0.31097E+02
    89    0.18640E+01    0.31196E+02
    90    0.18850E+01    0.31037E+02
    91    0.19059E+01    0.31368E+02
    92    0.19268E+01    0.31826E+02
    93    0.19478E+01    0.32210E+02
    94    0.19687E+01    0.32171E+02
    95    0.19897E+01    0.32343E+02
    96    0.20106E+01    0.32852E+02
    97    0.20316E+01    0.32893E+02
    98    0.20525E+01    0.32959E+02
    99    0.20735E+01    0.33205E+02
   100    0.20944E+01    0.33572E+02
   101    0.21153E+01    0.33555E+02
   102    0.21363E+01    0.34054E+02
   103    0.21572E+01    0.33984E+02
   104    0.21782E+01    0.34346E+02
   105    0.21991E+01    0.34158E+02
   106    0.22201E+01    0.34636E+02
   107    0.22410E+01    0.34625E+02
   108    0.22619E+01    0.34912E+02
   109    0.22829E+01    0.35020E+02
   110    0.23038E+01    0.35014E+02
   111    0.23248E+01    0.34987E+02
   112    0.23457E+01    0.35314E+02
   113    0.23667E+01    0.35282E+02
   114    0.23876E+01    0.35234E+02
   115    0.24086E+01    0.35565E+02
   116    0.24295E+01    0.35733E+02
   117    0.24504E+01    0.35468E+02
   118    0.24714E+01    0.35732E+02
   119    0.24923E+01    0.35866E+02
   120    0.25133E+01    0.35577E+02
   121    0.25342E+01    0.35612E+02
   122    0.25552E+01    0.35581E+02
   123    0.25761E+01    0.35504E+02
   124    0.25970E+01    0.35437E+02
   125    0.26180E+01    0.35155E+02
   126    0.26389E+01    0.35298E+02
   127    0.26599E+01    0.35166E+02
   128    0.26808E+01    0.34688E+02
   129    0.27018E+01    0.34835E+02
   130    0.27227E+01    0.34396E+02
   131    0.27437E+01    0.34332E+02
   132    0.27646E+01    0.34073E+02
   133    0.27855E+01    0.33920E+02
   134    0.28065E+01    0.33698E+02
   135    0.28274E+01    0.33361E+02
   136    0.28484E+01    0.33147E+02
   137    0.28693E+01    0.32728E+02
   138    0.28903E+01    0.32558E+02
   139    0.29112E+01    0.32170E+02
   140    0.29322E+01    0.32102E+02
   141    0.29531E+01    0.31695E+02
   142    0.29740E+01    0.31269E+02
   143    0.29950E+01    0.31056E+02
   144    0.30159E+01    0.30753E+02
   145    0.30369E+01    0.30427E+02
   146    0.30578E+01    0.30194E+02
   147    0.30788E+01    0.29924E+02
   148    0.30997E+01    0.29678E+02
   149    0.31206E+01    0.29717E+02
