k[unitless]    k[h/Mpc]    D^2(k)
     1    0.20944E-01    0.23417E-01
     2    0.41888E-01    0.12720E+00
     3    0.62832E-01    0.41352E+00
     4    0.83776E-01    0.80644E+00
     5    0.10472E+00    0.11818E+01
     6    0.12566E+00    0.18726E+01
     7    0.14661E+00    0.28763E+01
     8    0.16755E+00    0.36976E+01
     9    0.18850E+00    0.46488E+01
    10    0.20944E+00    0.54074E+01
    11    0.23038E+00    0.66091E+01
    12    0.25133E+00    0.73881E+01
    13    0.27227E+00    0.89092E+01
    14    0.29322E+00    0.94842E+01
    15    0.31416E+00    0.10827E+02
    16    0.33510E+00    0.11241E+02
    17    0.35605E+00    0.11919E+02
    18    0.37699E+00    0.13329E+02
    19    0.39794E+00    0.13578E+02
    20    0.41888E+00    0.15121E+02
    21    0.43982E+00    0.15069E+02
    22    0.46077E+00    0.16090E+02
    23    0.48171E+00    0.16740E+02
    24    0.50265E+00    0.16908E+02
    25    0.52360E+00    0.17804E+02
    26    0.54454E+00    0.18691E+02
    27    0.56549E+00    0.19467E+02
    28    0.58643E+00    0.19366E+02
    29    0.60737E+00    0.20086E+02
    30    0.62832E+00    0.20182E+02
    31    0.64926E+00    0.20915E+02
    32    0.67021E+00    0.21624E+02
    33    0.69115E+00    0.21631E+02
    34    0.71209E+00    0.21397E+02
    35    0.73304E+00    0.21979E+02
    36    0.75398E+00    0.22716E+02
    37    0.77493E+00    0.22877E+02
    38    0.79587E+00    0.22871E+02
    39    0.81681E+00    0.22879E+02
    40    0.83776E+00    0.23099E+02
    41    0.85870E+00    0.23588E+02
    42    0.87965E+00    0.23833E+02
    43    0.90059E+00    0.24089E+02
    44    0.92153E+00    0.24102E+02
    45    0.94248E+00    0.23963E+02
    46    0.96342E+00    0.24440E+02
    47    0.98437E+00    0.24995E+02
    48    0.10053E+01    0.24734E+02
    49    0.10263E+01    0.25102E+02
    50    0.10472E+01    0.24732E+02
    51    0.10681E+01    0.25269E+02
    52    0.10891E+01    0.25188E+02
    53    0.11100E+01    0.25398E+02
    54    0.11310E+01    0.25440E+02
    55    0.11519E+01    0.25556E+02
    56    0.11729E+01    0.25754E+02
    57    0.11938E+01    0.26082E+02
    58    0.12147E+01    0.25782E+02
    59    0.12357E+01    0.26246E+02
    60    0.12566E+01    0.26041E+02
    61    0.12776E+01    0.26020E+02
    62    0.12985E+01    0.26739E+02
    63    0.13195E+01    0.26526E+02
    64    0.13404E+01    0.26862E+02
    65    0.13614E+01    0.27257E+02
    66    0.13823E+01    0.27043E+02
    67    0.14032E+01    0.27201E+02
    68    0.14242E+01    0.27347E+02
    69    0.14451E+01    0.27377E+02
    70    0.14661E+01    0.27426E+02
    71    0.14870E+01    0.27577E+02
    72    0.15080E+01    0.27625E+02
    73    0.15289E+01    0.27801E+02
    74    0.15499E+01    0.28280E+02
    75    0.15708E+01    0.28280E+02
    76    0.15917E+01    0.28785E+02
    77    0.16127E+01    0.28890E+02
    78    0.16336E+01    0.29095E+02
    79    0.16546E+01    0.29131E+02
    80    0.16755E+01    0.29293E+02
    81    0.16965E+01    0.29629E+02
    82    0.17174E+01    0.29684E+02
    83    0.17383E+01    0.30431E+02
    84    0.17593E+01    0.30231E+02
    85    0.17802E+01    0.30623E+02
    86    0.18012E+01    0.30875E+02
    87    0.18221E+01    0.31029E+02
    88    0.18431E+01    0.31432E+02
    89    0.18640E+01    0.31502E+02
    90    0.18850E+01    0.31355E+02
    91    0.19059E+01    0.31710E+02
    92    0.19268E+01    0.32216E+02
    93    0.19478E+01    0.32553E+02
    94    0.19687E+01    0.32517E+02
    95    0.19897E+01    0.32710E+02
    96    0.20106E+01    0.33249E+02
    97    0.20316E+01    0.33288E+02
    98    0.20525E+01    0.33328E+02
    99    0.20735E+01    0.33607E+02
   100    0.20944E+01    0.33992E+02
   101    0.21153E+01    0.33950E+02
   102    0.21363E+01    0.34486E+02
   103    0.21572E+01    0.34375E+02
   104    0.21782E+01    0.34762E+02
   105    0.21991E+01    0.34545E+02
   106    0.22201E+01    0.35054E+02
   107    0.22410E+01    0.35063E+02
   108    0.22619E+01    0.35376E+02
   109    0.22829E+01    0.35428E+02
   110    0.23038E+01    0.35408E+02
   111    0.23248E+01    0.35468E+02
   112    0.23457E+01    0.35701E+02
   113    0.23667E+01    0.35785E+02
   114    0.23876E+01    0.35670E+02
   115    0.24086E+01    0.36023E+02
   116    0.24295E+01    0.36162E+02
   117    0.24504E+01    0.35885E+02
   118    0.24714E+01    0.36150E+02
   119    0.24923E+01    0.36356E+02
   120    0.25133E+01    0.36063E+02
   121    0.25342E+01    0.36045E+02
   122    0.25552E+01    0.36010E+02
   123    0.25761E+01    0.35956E+02
   124    0.25970E+01    0.35815E+02
   125    0.26180E+01    0.35615E+02
   126    0.26389E+01    0.35727E+02
   127    0.26599E+01    0.35660E+02
   128    0.26808E+01    0.35108E+02
   129    0.27018E+01    0.35223E+02
   130    0.27227E+01    0.34831E+02
   131    0.27437E+01    0.34788E+02
   132    0.27646E+01    0.34486E+02
   133    0.27855E+01    0.34311E+02
   134    0.28065E+01    0.33999E+02
   135    0.28274E+01    0.33745E+02
   136    0.28484E+01    0.33554E+02
   137    0.28693E+01    0.33102E+02
   138    0.28903E+01    0.32982E+02
   139    0.29112E+01    0.32582E+02
   140    0.29322E+01    0.32468E+02
   141    0.29531E+01    0.32079E+02
   142    0.29740E+01    0.31635E+02
   143    0.29950E+01    0.31372E+02
   144    0.30159E+01    0.31069E+02
   145    0.30369E+01    0.30738E+02
   146    0.30578E+01    0.30503E+02
   147    0.30788E+01    0.30186E+02
   148    0.30997E+01    0.29962E+02
   149    0.31206E+01    0.29966E+02
