k[unitless]    k[h/Mpc]    D^2(k)
     1    0.20944E-01    0.83294E-01
     2    0.41888E-01    0.41731E+00
     3    0.62832E-01    0.10720E+01
     4    0.83776E-01    0.18103E+01
     5    0.10472E+00    0.24592E+01
     6    0.12566E+00    0.34344E+01
     7    0.14661E+00    0.42573E+01
     8    0.16755E+00    0.48389E+01
     9    0.18850E+00    0.59316E+01
    10    0.20944E+00    0.66819E+01
    11    0.23038E+00    0.73493E+01
    12    0.25133E+00    0.84516E+01
    13    0.27227E+00    0.91105E+01
    14    0.29322E+00    0.96652E+01
    15    0.31416E+00    0.10515E+02
    16    0.33510E+00    0.11180E+02
    17    0.35605E+00    0.11641E+02
    18    0.37699E+00    0.12567E+02
    19    0.39794E+00    0.13380E+02
    20    0.41888E+00    0.13829E+02
    21    0.43982E+00    0.14368E+02
    22    0.46077E+00    0.14943E+02
    23    0.48171E+00    0.15622E+02
    24    0.50265E+00    0.16132E+02
    25    0.52360E+00    0.16489E+02
    26    0.54454E+00    0.17039E+02
    27    0.56549E+00    0.17785E+02
    28    0.58643E+00    0.18102E+02
    29    0.60737E+00    0.18694E+02
    30    0.62832E+00    0.19280E+02
    31    0.64926E+00    0.19610E+02
    32    0.67021E+00    0.19976E+02
    33    0.69115E+00    0.20576E+02
    34    0.71209E+00    0.20800E+02
    35    0.73304E+00    0.21183E+02
    36    0.75398E+00    0.21728E+02
    37    0.77493E+00    0.21885E+02
    38    0.79587E+00    0.22403E+02
    39    0.81681E+00    0.22581E+02
    40    0.83776E+00    0.23012E+02
    41    0.85870E+00    0.23078E+02
    42    0.87965E+00    0.23553E+02
    43    0.90059E+00    0.23733E+02
    44    0.92153E+00    0.24242E+02
    45    0.94248E+00    0.24402E+02
    46    0.96342E+00    0.24400E+02
    47    0.98437E+00    0.24934E+02
    48    0.10053E+01    0.25225E+02
    49    0.10263E+01    0.25179E+02
    50    0.10472E+01    0.25168E+02
    51    0.10681E+01    0.25432E+02
    52    0.10891E+01    0.25857E+02
    53    0.11100E+01    0.25626E+02
    54    0.11310E+01    0.26003E+02
    55    0.11519E+01    0.26216E+02
    56    0.11729E+01    0.26332E+02
    57    0.11938E+01    0.26390E+02
    58    0.12147E+01    0.26324E+02
    59    0.12357E+01    0.26563E+02
    60    0.12566E+01    0.26664E+02
    61    0.12776E+01    0.26603E+02
    62    0.12985E+01    0.26797E+02
    63    0.13195E+01    0.26672E+02
    64    0.13404E+01    0.26776E+02
    65    0.13614E+01    0.26850E+02
    66    0.13823E+01    0.26596E+02
    67    0.14032E+01    0.26673E+02
    68    0.14242E+01    0.26804E+02
    69    0.14451E+01    0.26876E+02
    70    0.14661E+01    0.26732E+02
    71    0.14870E+01    0.26620E+02
    72    0.15080E+01    0.26750E+02
    73    0.15289E+01    0.26625E+02
    74    0.15499E+01    0.26557E+02
    75    0.15708E+01    0.26677E+02
    76    0.15917E+01    0.26644E+02
    77    0.16127E+01    0.26299E+02
    78    0.16336E+01    0.26373E+02
    79    0.16546E+01    0.26386E+02
    80    0.16755E+01    0.26331E+02
    81    0.16965E+01    0.26076E+02
    82    0.17174E+01    0.25740E+02
    83    0.17383E+01    0.25716E+02
    84    0.17593E+01    0.25466E+02
    85    0.17802E+01    0.25476E+02
    86    0.18012E+01    0.25267E+02
    87    0.18221E+01    0.25305E+02
    88    0.18431E+01    0.25191E+02
    89    0.18640E+01    0.24913E+02
    90    0.18850E+01    0.24919E+02
    91    0.19059E+01    0.24423E+02
    92    0.19268E+01    0.24330E+02
    93    0.19478E+01    0.24366E+02
    94    0.19687E+01    0.24077E+02
    95    0.19897E+01    0.23901E+02
    96    0.20106E+01    0.24129E+02
    97    0.20316E+01    0.23544E+02
    98    0.20525E+01    0.23518E+02
    99    0.20735E+01    0.23159E+02
   100    0.20944E+01    0.23053E+02
   101    0.21153E+01    0.22730E+02
   102    0.21363E+01    0.22813E+02
   103    0.21572E+01    0.22324E+02
   104    0.21782E+01    0.22402E+02
   105    0.21991E+01    0.22073E+02
   106    0.22201E+01    0.21900E+02
   107    0.22410E+01    0.21693E+02
   108    0.22619E+01    0.21781E+02
   109    0.22829E+01    0.21352E+02
   110    0.23038E+01    0.21166E+02
   111    0.23248E+01    0.20747E+02
   112    0.23457E+01    0.20683E+02
   113    0.23667E+01    0.20509E+02
   114    0.23876E+01    0.20220E+02
   115    0.24086E+01    0.20035E+02
   116    0.24295E+01    0.19901E+02
   117    0.24504E+01    0.19733E+02
   118    0.24714E+01    0.19461E+02
   119    0.24923E+01    0.19349E+02
   120    0.25133E+01    0.19257E+02
   121    0.25342E+01    0.18729E+02
   122    0.25552E+01    0.18685E+02
   123    0.25761E+01    0.18610E+02
   124    0.25970E+01    0.18214E+02
   125    0.26180E+01    0.18055E+02
   126    0.26389E+01    0.18022E+02
   127    0.26599E+01    0.17617E+02
   128    0.26808E+01    0.17415E+02
   129    0.27018E+01    0.17350E+02
   130    0.27227E+01    0.17173E+02
   131    0.27437E+01    0.16919E+02
   132    0.27646E+01    0.16802E+02
   133    0.27855E+01    0.16705E+02
   134    0.28065E+01    0.16523E+02
   135    0.28274E+01    0.16339E+02
   136    0.28484E+01    0.16125E+02
   137    0.28693E+01    0.15978E+02
   138    0.28903E+01    0.15881E+02
   139    0.29112E+01    0.15737E+02
   140    0.29322E+01    0.15674E+02
   141    0.29531E+01    0.15496E+02
   142    0.29740E+01    0.15350E+02
   143    0.29950E+01    0.15224E+02
   144    0.30159E+01    0.15150E+02
   145    0.30369E+01    0.15091E+02
   146    0.30578E+01    0.14955E+02
   147    0.30788E+01    0.14909E+02
   148    0.30997E+01    0.14865E+02
   149    0.31206E+01    0.14889E+02
