k[unitless]    k[h/Mpc]    D^2(k)
     1    0.20944E-01    0.12442E+00
     2    0.41888E-01    0.37542E+00
     3    0.62832E-01    0.63787E+00
     4    0.83776E-01    0.80054E+00
     5    0.10472E+00    0.13296E+01
     6    0.12566E+00    0.13528E+01
     7    0.14661E+00    0.14723E+01
     8    0.16755E+00    0.13084E+01
     9    0.18850E+00    0.14463E+01
    10    0.20944E+00    0.14850E+01
    11    0.23038E+00    0.15396E+01
    12    0.25133E+00    0.13972E+01
    13    0.27227E+00    0.14575E+01
    14    0.29322E+00    0.14314E+01
    15    0.31416E+00    0.13744E+01
    16    0.33510E+00    0.14585E+01
    17    0.35605E+00    0.14249E+01
    18    0.37699E+00    0.14393E+01
    19    0.39794E+00    0.14715E+01
    20    0.41888E+00    0.14848E+01
    21    0.43982E+00    0.14246E+01
    22    0.46077E+00    0.14290E+01
    23    0.48171E+00    0.14166E+01
    24    0.50265E+00    0.13971E+01
    25    0.52360E+00    0.13764E+01
    26    0.54454E+00    0.13544E+01
    27    0.56549E+00    0.13457E+01
    28    0.58643E+00    0.13567E+01
    29    0.60737E+00    0.13418E+01
    30    0.62832E+00    0.13105E+01
    31    0.64926E+00    0.12787E+01
    32    0.67021E+00    0.13016E+01
    33    0.69115E+00    0.13188E+01
    34    0.71209E+00    0.12976E+01
    35    0.73304E+00    0.12888E+01
    36    0.75398E+00    0.13068E+01
    37    0.77493E+00    0.12867E+01
    38    0.79587E+00    0.12923E+01
    39    0.81681E+00    0.12878E+01
    40    0.83776E+00    0.12725E+01
    41    0.85870E+00    0.12857E+01
    42    0.87965E+00    0.12909E+01
    43    0.90059E+00    0.12726E+01
    44    0.92153E+00    0.12510E+01
    45    0.94248E+00    0.12437E+01
    46    0.96342E+00    0.12570E+01
    47    0.98437E+00    0.12633E+01
    48    0.10053E+01    0.12597E+01
    49    0.10263E+01    0.12399E+01
    50    0.10472E+01    0.12381E+01
    51    0.10681E+01    0.12323E+01
    52    0.10891E+01    0.12541E+01
    53    0.11100E+01    0.12307E+01
    54    0.11310E+01    0.12202E+01
    55    0.11519E+01    0.12230E+01
    56    0.11729E+01    0.11957E+01
    57    0.11938E+01    0.11882E+01
    58    0.12147E+01    0.11928E+01
    59    0.12357E+01    0.11941E+01
    60    0.12566E+01    0.11897E+01
    61    0.12776E+01    0.12016E+01
    62    0.12985E+01    0.12017E+01
    63    0.13195E+01    0.11849E+01
    64    0.13404E+01    0.11884E+01
    65    0.13614E+01    0.11815E+01
    66    0.13823E+01    0.11662E+01
    67    0.14032E+01    0.11837E+01
    68    0.14242E+01    0.11818E+01
    69    0.14451E+01    0.11806E+01
    70    0.14661E+01    0.11827E+01
    71    0.14870E+01    0.11770E+01
    72    0.15080E+01    0.11721E+01
    73    0.15289E+01    0.11762E+01
    74    0.15499E+01    0.11530E+01
    75    0.15708E+01    0.11476E+01
    76    0.15917E+01    0.11463E+01
    77    0.16127E+01    0.11496E+01
    78    0.16336E+01    0.11497E+01
    79    0.16546E+01    0.11477E+01
    80    0.16755E+01    0.11461E+01
    81    0.16965E+01    0.11457E+01
    82    0.17174E+01    0.11472E+01
    83    0.17383E+01    0.11457E+01
    84    0.17593E+01    0.11377E+01
    85    0.17802E+01    0.11420E+01
    86    0.18012E+01    0.11355E+01
    87    0.18221E+01    0.11346E+01
    88    0.18431E+01    0.11220E+01
    89    0.18640E+01    0.11283E+01
    90    0.18850E+01    0.11130E+01
    91    0.19059E+01    0.11114E+01
    92    0.19268E+01    0.11105E+01
    93    0.19478E+01    0.11053E+01
    94    0.19687E+01    0.11072E+01
    95    0.19897E+01    0.11037E+01
    96    0.20106E+01    0.11057E+01
    97    0.20316E+01    0.11061E+01
    98    0.20525E+01    0.11036E+01
    99    0.20735E+01    0.10984E+01
   100    0.20944E+01    0.10900E+01
   101    0.21153E+01    0.10850E+01
   102    0.21363E+01    0.10842E+01
   103    0.21572E+01    0.10813E+01
   104    0.21782E+01    0.10771E+01
   105    0.21991E+01    0.10661E+01
   106    0.22201E+01    0.10672E+01
   107    0.22410E+01    0.10646E+01
   108    0.22619E+01    0.10623E+01
   109    0.22829E+01    0.10646E+01
   110    0.23038E+01    0.10596E+01
   111    0.23248E+01    0.10598E+01
   112    0.23457E+01    0.10505E+01
   113    0.23667E+01    0.10583E+01
   114    0.23876E+01    0.10511E+01
   115    0.24086E+01    0.10453E+01
   116    0.24295E+01    0.10462E+01
   117    0.24504E+01    0.10379E+01
   118    0.24714E+01    0.10294E+01
   119    0.24923E+01    0.10286E+01
   120    0.25133E+01    0.10187E+01
   121    0.25342E+01    0.10142E+01
   122    0.25552E+01    0.10120E+01
   123    0.25761E+01    0.10062E+01
   124    0.25970E+01    0.10111E+01
   125    0.26180E+01    0.10052E+01
   126    0.26389E+01    0.10027E+01
   127    0.26599E+01    0.99683E+00
   128    0.26808E+01    0.99180E+00
   129    0.27018E+01    0.98442E+00
   130    0.27227E+01    0.98200E+00
   131    0.27437E+01    0.98210E+00
   132    0.27646E+01    0.97470E+00
   133    0.27855E+01    0.97602E+00
   134    0.28065E+01    0.96819E+00
   135    0.28274E+01    0.96429E+00
   136    0.28484E+01    0.95469E+00
   137    0.28693E+01    0.95272E+00
   138    0.28903E+01    0.94947E+00
   139    0.29112E+01    0.94356E+00
   140    0.29322E+01    0.94757E+00
   141    0.29531E+01    0.94057E+00
   142    0.29740E+01    0.93911E+00
   143    0.29950E+01    0.93498E+00
   144    0.30159E+01    0.93682E+00
   145    0.30369E+01    0.93353E+00
   146    0.30578E+01    0.92784E+00
   147    0.30788E+01    0.92924E+00
   148    0.30997E+01    0.93506E+00
   149    0.31206E+01    0.93579E+00
