k[unitless]    k[h/Mpc]    D^2(k)
     1    0.20944E-01    0.34640E-04
     2    0.41888E-01    0.19341E-03
     3    0.62832E-01    0.57516E-03
     4    0.83776E-01    0.14134E-02
     5    0.10472E+00    0.24500E-02
     6    0.12566E+00    0.32232E-02
     7    0.14661E+00    0.41607E-02
     8    0.16755E+00    0.53847E-02
     9    0.18850E+00    0.58693E-02
    10    0.20944E+00    0.59615E-02
    11    0.23038E+00    0.62402E-02
    12    0.25133E+00    0.65755E-02
    13    0.27227E+00    0.67314E-02
    14    0.29322E+00    0.66632E-02
    15    0.31416E+00    0.72244E-02
    16    0.33510E+00    0.75557E-02
    17    0.35605E+00    0.77455E-02
    18    0.37699E+00    0.80602E-02
    19    0.39794E+00    0.82761E-02
    20    0.41888E+00    0.83235E-02
    21    0.43982E+00    0.83349E-02
    22    0.46077E+00    0.80631E-02
    23    0.48171E+00    0.80651E-02
    24    0.50265E+00    0.82330E-02
    25    0.52360E+00    0.80542E-02
    26    0.54454E+00    0.80343E-02
    27    0.56549E+00    0.79065E-02
    28    0.58643E+00    0.79689E-02
    29    0.60737E+00    0.77824E-02
    30    0.62832E+00    0.75051E-02
    31    0.64926E+00    0.73648E-02
    32    0.67021E+00    0.72368E-02
    33    0.69115E+00    0.70213E-02
    34    0.71209E+00    0.67415E-02
    35    0.73304E+00    0.66849E-02
    36    0.75398E+00    0.67737E-02
    37    0.77493E+00    0.66567E-02
    38    0.79587E+00    0.65037E-02
    39    0.81681E+00    0.64564E-02
    40    0.83776E+00    0.65746E-02
    41    0.85870E+00    0.63438E-02
    42    0.87965E+00    0.60667E-02
    43    0.90059E+00    0.59575E-02
    44    0.92153E+00    0.58404E-02
    45    0.94248E+00    0.57164E-02
    46    0.96342E+00    0.55758E-02
    47    0.98437E+00    0.55527E-02
    48    0.10053E+01    0.55418E-02
    49    0.10263E+01    0.55834E-02
    50    0.10472E+01    0.55861E-02
    51    0.10681E+01    0.56061E-02
    52    0.10891E+01    0.56116E-02
    53    0.11100E+01    0.55551E-02
    54    0.11310E+01    0.55043E-02
    55    0.11519E+01    0.54989E-02
    56    0.11729E+01    0.54788E-02
    57    0.11938E+01    0.54410E-02
    58    0.12147E+01    0.54711E-02
    59    0.12357E+01    0.54983E-02
    60    0.12566E+01    0.55301E-02
    61    0.12776E+01    0.56022E-02
    62    0.12985E+01    0.56869E-02
    63    0.13195E+01    0.58102E-02
    64    0.13404E+01    0.59032E-02
    65    0.13614E+01    0.59855E-02
    66    0.13823E+01    0.62381E-02
    67    0.14032E+01    0.63959E-02
    68    0.14242E+01    0.64725E-02
    69    0.14451E+01    0.65755E-02
    70    0.14661E+01    0.67336E-02
    71    0.14870E+01    0.67497E-02
    72    0.15080E+01    0.66986E-02
    73    0.15289E+01    0.66521E-02
    74    0.15499E+01    0.66012E-02
    75    0.15708E+01    0.65390E-02
    76    0.15917E+01    0.64747E-02
    77    0.16127E+01    0.64713E-02
    78    0.16336E+01    0.64632E-02
    79    0.16546E+01    0.65433E-02
    80    0.16755E+01    0.64850E-02
    81    0.16965E+01    0.65864E-02
    82    0.17174E+01    0.66498E-02
    83    0.17383E+01    0.66898E-02
    84    0.17593E+01    0.66633E-02
    85    0.17802E+01    0.67030E-02
    86    0.18012E+01    0.66777E-02
    87    0.18221E+01    0.65267E-02
    88    0.18431E+01    0.64255E-02
    89    0.18640E+01    0.62480E-02
    90    0.18850E+01    0.60538E-02
    91    0.19059E+01    0.59883E-02
    92    0.19268E+01    0.58883E-02
    93    0.19478E+01    0.58170E-02
    94    0.19687E+01    0.58541E-02
    95    0.19897E+01    0.59836E-02
    96    0.20106E+01    0.60883E-02
    97    0.20316E+01    0.61357E-02
    98    0.20525E+01    0.62504E-02
    99    0.20735E+01    0.63595E-02
   100    0.20944E+01    0.63882E-02
   101    0.21153E+01    0.63837E-02
   102    0.21363E+01    0.63783E-02
   103    0.21572E+01    0.62711E-02
   104    0.21782E+01    0.60901E-02
   105    0.21991E+01    0.59738E-02
   106    0.22201E+01    0.58787E-02
   107    0.22410E+01    0.57254E-02
   108    0.22619E+01    0.55574E-02
   109    0.22829E+01    0.54574E-02
   110    0.23038E+01    0.54210E-02
   111    0.23248E+01    0.54098E-02
   112    0.23457E+01    0.54181E-02
   113    0.23667E+01    0.54397E-02
   114    0.23876E+01    0.54866E-02
   115    0.24086E+01    0.55264E-02
   116    0.24295E+01    0.54791E-02
   117    0.24504E+01    0.54627E-02
   118    0.24714E+01    0.54294E-02
   119    0.24923E+01    0.53772E-02
   120    0.25133E+01    0.52726E-02
   121    0.25342E+01    0.51408E-02
   122    0.25552E+01    0.50791E-02
   123    0.25761E+01    0.50703E-02
   124    0.25970E+01    0.50637E-02
   125    0.26180E+01    0.50585E-02
   126    0.26389E+01    0.50688E-02
   127    0.26599E+01    0.51391E-02
   128    0.26808E+01    0.51902E-02
   129    0.27018E+01    0.52517E-02
   130    0.27227E+01    0.53152E-02
   131    0.27437E+01    0.53506E-02
   132    0.27646E+01    0.54111E-02
   133    0.27855E+01    0.54107E-02
   134    0.28065E+01    0.54085E-02
   135    0.28274E+01    0.53613E-02
   136    0.28484E+01    0.53205E-02
   137    0.28693E+01    0.53022E-02
   138    0.28903E+01    0.52502E-02
   139    0.29112E+01    0.52128E-02
   140    0.29322E+01    0.51165E-02
   141    0.29531E+01    0.50576E-02
   142    0.29740E+01    0.50580E-02
   143    0.29950E+01    0.50117E-02
   144    0.30159E+01    0.49707E-02
   145    0.30369E+01    0.49127E-02
   146    0.30578E+01    0.48951E-02
   147    0.30788E+01    0.49174E-02
   148    0.30997E+01    0.49357E-02
   149    0.31206E+01    0.49814E-02
