k[unitless]    k[h/Mpc]    D^2(k)
     1    0.20944E-01    0.51550E-02
     2    0.41888E-01    0.15289E-01
     3    0.62832E-01    0.29131E-01
     4    0.83776E-01    0.57884E-01
     5    0.10472E+00    0.96980E-01
     6    0.12566E+00    0.96634E-01
     7    0.14661E+00    0.10348E+00
     8    0.16755E+00    0.10764E+00
     9    0.18850E+00    0.10999E+00
    10    0.20944E+00    0.11905E+00
    11    0.23038E+00    0.12435E+00
    12    0.25133E+00    0.14331E+00
    13    0.27227E+00    0.15114E+00
    14    0.29322E+00    0.14508E+00
    15    0.31416E+00    0.13766E+00
    16    0.33510E+00    0.14018E+00
    17    0.35605E+00    0.15876E+00
    18    0.37699E+00    0.15153E+00
    19    0.39794E+00    0.14857E+00
    20    0.41888E+00    0.14891E+00
    21    0.43982E+00    0.15962E+00
    22    0.46077E+00    0.16019E+00
    23    0.48171E+00    0.15177E+00
    24    0.50265E+00    0.14635E+00
    25    0.52360E+00    0.15300E+00
    26    0.54454E+00    0.14416E+00
    27    0.56549E+00    0.14528E+00
    28    0.58643E+00    0.14465E+00
    29    0.60737E+00    0.14934E+00
    30    0.62832E+00    0.14669E+00
    31    0.64926E+00    0.14291E+00
    32    0.67021E+00    0.13960E+00
    33    0.69115E+00    0.13514E+00
    34    0.71209E+00    0.13182E+00
    35    0.73304E+00    0.13805E+00
    36    0.75398E+00    0.14191E+00
    37    0.77493E+00    0.14096E+00
    38    0.79587E+00    0.13664E+00
    39    0.81681E+00    0.13366E+00
    40    0.83776E+00    0.13222E+00
    41    0.85870E+00    0.12965E+00
    42    0.87965E+00    0.13216E+00
    43    0.90059E+00    0.13099E+00
    44    0.92153E+00    0.13134E+00
    45    0.94248E+00    0.13088E+00
    46    0.96342E+00    0.13163E+00
    47    0.98437E+00    0.12969E+00
    48    0.10053E+01    0.12725E+00
    49    0.10263E+01    0.12544E+00
    50    0.10472E+01    0.12271E+00
    51    0.10681E+01    0.12502E+00
    52    0.10891E+01    0.12514E+00
    53    0.11100E+01    0.12492E+00
    54    0.11310E+01    0.12621E+00
    55    0.11519E+01    0.12731E+00
    56    0.11729E+01    0.12591E+00
    57    0.11938E+01    0.12588E+00
    58    0.12147E+01    0.12402E+00
    59    0.12357E+01    0.12355E+00
    60    0.12566E+01    0.12420E+00
    61    0.12776E+01    0.12557E+00
    62    0.12985E+01    0.12468E+00
    63    0.13195E+01    0.12510E+00
    64    0.13404E+01    0.12465E+00
    65    0.13614E+01    0.12026E+00
    66    0.13823E+01    0.11991E+00
    67    0.14032E+01    0.11923E+00
    68    0.14242E+01    0.11704E+00
    69    0.14451E+01    0.11747E+00
    70    0.14661E+01    0.11869E+00
    71    0.14870E+01    0.11712E+00
    72    0.15080E+01    0.11699E+00
    73    0.15289E+01    0.11797E+00
    74    0.15499E+01    0.11688E+00
    75    0.15708E+01    0.11575E+00
    76    0.15917E+01    0.11505E+00
    77    0.16127E+01    0.11261E+00
    78    0.16336E+01    0.11203E+00
    79    0.16546E+01    0.11415E+00
    80    0.16755E+01    0.11247E+00
    81    0.16965E+01    0.11322E+00
    82    0.17174E+01    0.11158E+00
    83    0.17383E+01    0.11039E+00
    84    0.17593E+01    0.11185E+00
    85    0.17802E+01    0.11103E+00
    86    0.18012E+01    0.11058E+00
    87    0.18221E+01    0.10958E+00
    88    0.18431E+01    0.11109E+00
    89    0.18640E+01    0.10950E+00
    90    0.18850E+01    0.10925E+00
    91    0.19059E+01    0.10850E+00
    92    0.19268E+01    0.10725E+00
    93    0.19478E+01    0.10783E+00
    94    0.19687E+01    0.10785E+00
    95    0.19897E+01    0.10807E+00
    96    0.20106E+01    0.10741E+00
    97    0.20316E+01    0.10582E+00
    98    0.20525E+01    0.10614E+00
    99    0.20735E+01    0.10496E+00
   100    0.20944E+01    0.10502E+00
   101    0.21153E+01    0.10599E+00
   102    0.21363E+01    0.10663E+00
   103    0.21572E+01    0.10797E+00
   104    0.21782E+01    0.10616E+00
   105    0.21991E+01    0.10588E+00
   106    0.22201E+01    0.10570E+00
   107    0.22410E+01    0.10461E+00
   108    0.22619E+01    0.10451E+00
   109    0.22829E+01    0.10339E+00
   110    0.23038E+01    0.10271E+00
   111    0.23248E+01    0.10160E+00
   112    0.23457E+01    0.10148E+00
   113    0.23667E+01    0.10091E+00
   114    0.23876E+01    0.99928E-01
   115    0.24086E+01    0.10012E+00
   116    0.24295E+01    0.10074E+00
   117    0.24504E+01    0.98888E-01
   118    0.24714E+01    0.99533E-01
   119    0.24923E+01    0.98933E-01
   120    0.25133E+01    0.98622E-01
   121    0.25342E+01    0.99199E-01
   122    0.25552E+01    0.99011E-01
   123    0.25761E+01    0.97957E-01
   124    0.25970E+01    0.97780E-01
   125    0.26180E+01    0.97160E-01
   126    0.26389E+01    0.96937E-01
   127    0.26599E+01    0.95588E-01
   128    0.26808E+01    0.95232E-01
   129    0.27018E+01    0.95567E-01
   130    0.27227E+01    0.95077E-01
   131    0.27437E+01    0.94656E-01
   132    0.27646E+01    0.94513E-01
   133    0.27855E+01    0.94813E-01
   134    0.28065E+01    0.94969E-01
   135    0.28274E+01    0.95175E-01
   136    0.28484E+01    0.94331E-01
   137    0.28693E+01    0.93903E-01
   138    0.28903E+01    0.92962E-01
   139    0.29112E+01    0.93238E-01
   140    0.29322E+01    0.92199E-01
   141    0.29531E+01    0.92175E-01
   142    0.29740E+01    0.92014E-01
   143    0.29950E+01    0.92137E-01
   144    0.30159E+01    0.91149E-01
   145    0.30369E+01    0.91474E-01
   146    0.30578E+01    0.92304E-01
   147    0.30788E+01    0.91827E-01
   148    0.30997E+01    0.91847E-01
   149    0.31206E+01    0.91479E-01
