k[unitless]    k[h/Mpc]    D^2(k)
     1    0.20944E-01    0.22826E+00
     2    0.41888E-01    0.11340E+01
     3    0.62832E-01    0.31605E+01
     4    0.83776E-01    0.54777E+01
     5    0.10472E+00    0.65812E+01
     6    0.12566E+00    0.89823E+01
     7    0.14661E+00    0.11455E+02
     8    0.16755E+00    0.12540E+02
     9    0.18850E+00    0.14666E+02
    10    0.20944E+00    0.15960E+02
    11    0.23038E+00    0.16991E+02
    12    0.25133E+00    0.17106E+02
    13    0.27227E+00    0.18490E+02
    14    0.29322E+00    0.18644E+02
    15    0.31416E+00    0.19194E+02
    16    0.33510E+00    0.19721E+02
    17    0.35605E+00    0.20200E+02
    18    0.37699E+00    0.20435E+02
    19    0.39794E+00    0.20091E+02
    20    0.41888E+00    0.21630E+02
    21    0.43982E+00    0.21459E+02
    22    0.46077E+00    0.20870E+02
    23    0.48171E+00    0.21013E+02
    24    0.50265E+00    0.21356E+02
    25    0.52360E+00    0.21726E+02
    26    0.54454E+00    0.22065E+02
    27    0.56549E+00    0.21613E+02
    28    0.58643E+00    0.21853E+02
    29    0.60737E+00    0.22031E+02
    30    0.62832E+00    0.21469E+02
    31    0.64926E+00    0.22129E+02
    32    0.67021E+00    0.22004E+02
    33    0.69115E+00    0.21960E+02
    34    0.71209E+00    0.21280E+02
    35    0.73304E+00    0.21410E+02
    36    0.75398E+00    0.21774E+02
    37    0.77493E+00    0.21473E+02
    38    0.79587E+00    0.21934E+02
    39    0.81681E+00    0.22228E+02
    40    0.83776E+00    0.21590E+02
    41    0.85870E+00    0.21929E+02
    42    0.87965E+00    0.21439E+02
    43    0.90059E+00    0.21508E+02
    44    0.92153E+00    0.21374E+02
    45    0.94248E+00    0.21805E+02
    46    0.96342E+00    0.21617E+02
    47    0.98437E+00    0.21730E+02
    48    0.10053E+01    0.21752E+02
    49    0.10263E+01    0.21824E+02
    50    0.10472E+01    0.21634E+02
    51    0.10681E+01    0.21769E+02
    52    0.10891E+01    0.21625E+02
    53    0.11100E+01    0.21929E+02
    54    0.11310E+01    0.21798E+02
    55    0.11519E+01    0.21791E+02
    56    0.11729E+01    0.21621E+02
    57    0.11938E+01    0.21600E+02
    58    0.12147E+01    0.21855E+02
    59    0.12357E+01    0.21761E+02
    60    0.12566E+01    0.21858E+02
    61    0.12776E+01    0.21687E+02
    62    0.12985E+01    0.21908E+02
    63    0.13195E+01    0.21807E+02
    64    0.13404E+01    0.21976E+02
    65    0.13614E+01    0.22049E+02
    66    0.13823E+01    0.22016E+02
    67    0.14032E+01    0.21884E+02
    68    0.14242E+01    0.21997E+02
    69    0.14451E+01    0.21851E+02
    70    0.14661E+01    0.22144E+02
    71    0.14870E+01    0.22325E+02
    72    0.15080E+01    0.22232E+02
    73    0.15289E+01    0.22140E+02
    74    0.15499E+01    0.22193E+02
    75    0.15708E+01    0.22423E+02
    76    0.15917E+01    0.22449E+02
    77    0.16127E+01    0.22732E+02
    78    0.16336E+01    0.22624E+02
    79    0.16546E+01    0.22785E+02
    80    0.16755E+01    0.22807E+02
    81    0.16965E+01    0.22897E+02
    82    0.17174E+01    0.23090E+02
    83    0.17383E+01    0.23332E+02
    84    0.17593E+01    0.23286E+02
    85    0.17802E+01    0.23544E+02
    86    0.18012E+01    0.23252E+02
    87    0.18221E+01    0.23637E+02
    88    0.18431E+01    0.23782E+02
    89    0.18640E+01    0.23771E+02
    90    0.18850E+01    0.23916E+02
    91    0.19059E+01    0.23933E+02
    92    0.19268E+01    0.24066E+02
    93    0.19478E+01    0.24222E+02
    94    0.19687E+01    0.24350E+02
    95    0.19897E+01    0.24322E+02
    96    0.20106E+01    0.24609E+02
    97    0.20316E+01    0.24676E+02
    98    0.20525E+01    0.24699E+02
    99    0.20735E+01    0.24823E+02
   100    0.20944E+01    0.24966E+02
   101    0.21153E+01    0.24985E+02
   102    0.21363E+01    0.25395E+02
   103    0.21572E+01    0.25196E+02
   104    0.21782E+01    0.25150E+02
   105    0.21991E+01    0.25328E+02
   106    0.22201E+01    0.25293E+02
   107    0.22410E+01    0.25516E+02
   108    0.22619E+01    0.25722E+02
   109    0.22829E+01    0.25628E+02
   110    0.23038E+01    0.25580E+02
   111    0.23248E+01    0.25779E+02
   112    0.23457E+01    0.25752E+02
   113    0.23667E+01    0.25818E+02
   114    0.23876E+01    0.25864E+02
   115    0.24086E+01    0.25832E+02
   116    0.24295E+01    0.25885E+02
   117    0.24504E+01    0.25642E+02
   118    0.24714E+01    0.25722E+02
   119    0.24923E+01    0.25850E+02
   120    0.25133E+01    0.25740E+02
   121    0.25342E+01    0.25634E+02
   122    0.25552E+01    0.25631E+02
   123    0.25761E+01    0.25713E+02
   124    0.25970E+01    0.25648E+02
   125    0.26180E+01    0.25345E+02
   126    0.26389E+01    0.25602E+02
   127    0.26599E+01    0.25333E+02
   128    0.26808E+01    0.24979E+02
   129    0.27018E+01    0.25189E+02
   130    0.27227E+01    0.24988E+02
   131    0.27437E+01    0.24972E+02
   132    0.27646E+01    0.24759E+02
   133    0.27855E+01    0.24583E+02
   134    0.28065E+01    0.24360E+02
   135    0.28274E+01    0.24272E+02
   136    0.28484E+01    0.24065E+02
   137    0.28693E+01    0.23751E+02
   138    0.28903E+01    0.23717E+02
   139    0.29112E+01    0.23420E+02
   140    0.29322E+01    0.23260E+02
   141    0.29531E+01    0.23121E+02
   142    0.29740E+01    0.22853E+02
   143    0.29950E+01    0.22763E+02
   144    0.30159E+01    0.22574E+02
   145    0.30369E+01    0.22488E+02
   146    0.30578E+01    0.22260E+02
   147    0.30788E+01    0.22164E+02
   148    0.30997E+01    0.22123E+02
   149    0.31206E+01    0.22081E+02
