k[unitless]    k[h/Mpc]    D^2(k)
     1    0.20944E-01    0.57351E+00
     2    0.41888E-01    0.24449E+01
     3    0.62832E-01    0.55357E+01
     4    0.83776E-01    0.70104E+01
     5    0.10472E+00    0.79019E+01
     6    0.12566E+00    0.90174E+01
     7    0.14661E+00    0.96783E+01
     8    0.16755E+00    0.92783E+01
     9    0.18850E+00    0.99998E+01
    10    0.20944E+00    0.10060E+02
    11    0.23038E+00    0.10200E+02
    12    0.25133E+00    0.10464E+02
    13    0.27227E+00    0.98999E+01
    14    0.29322E+00    0.10039E+02
    15    0.31416E+00    0.90689E+01
    16    0.33510E+00    0.99196E+01
    17    0.35605E+00    0.95672E+01
    18    0.37699E+00    0.96394E+01
    19    0.39794E+00    0.94353E+01
    20    0.41888E+00    0.96394E+01
    21    0.43982E+00    0.98181E+01
    22    0.46077E+00    0.97556E+01
    23    0.48171E+00    0.91842E+01
    24    0.50265E+00    0.90601E+01
    25    0.52360E+00    0.92495E+01
    26    0.54454E+00    0.93790E+01
    27    0.56549E+00    0.92800E+01
    28    0.58643E+00    0.93266E+01
    29    0.60737E+00    0.91270E+01
    30    0.62832E+00    0.91621E+01
    31    0.64926E+00    0.89421E+01
    32    0.67021E+00    0.90665E+01
    33    0.69115E+00    0.91034E+01
    34    0.71209E+00    0.88589E+01
    35    0.73304E+00    0.88694E+01
    36    0.75398E+00    0.88290E+01
    37    0.77493E+00    0.86649E+01
    38    0.79587E+00    0.88613E+01
    39    0.81681E+00    0.87861E+01
    40    0.83776E+00    0.87882E+01
    41    0.85870E+00    0.86980E+01
    42    0.87965E+00    0.87030E+01
    43    0.90059E+00    0.87256E+01
    44    0.92153E+00    0.87698E+01
    45    0.94248E+00    0.86012E+01
    46    0.96342E+00    0.85735E+01
    47    0.98437E+00    0.85861E+01
    48    0.10053E+01    0.85679E+01
    49    0.10263E+01    0.84944E+01
    50    0.10472E+01    0.86093E+01
    51    0.10681E+01    0.85312E+01
    52    0.10891E+01    0.84309E+01
    53    0.11100E+01    0.84689E+01
    54    0.11310E+01    0.83554E+01
    55    0.11519E+01    0.83228E+01
    56    0.11729E+01    0.83092E+01
    57    0.11938E+01    0.83941E+01
    58    0.12147E+01    0.84598E+01
    59    0.12357E+01    0.84199E+01
    60    0.12566E+01    0.82375E+01
    61    0.12776E+01    0.83390E+01
    62    0.12985E+01    0.84244E+01
    63    0.13195E+01    0.83073E+01
    64    0.13404E+01    0.84123E+01
    65    0.13614E+01    0.82771E+01
    66    0.13823E+01    0.83037E+01
    67    0.14032E+01    0.82966E+01
    68    0.14242E+01    0.82934E+01
    69    0.14451E+01    0.82334E+01
    70    0.14661E+01    0.82683E+01
    71    0.14870E+01    0.82775E+01
    72    0.15080E+01    0.82789E+01
    73    0.15289E+01    0.82967E+01
    74    0.15499E+01    0.82977E+01
    75    0.15708E+01    0.82162E+01
    76    0.15917E+01    0.83168E+01
    77    0.16127E+01    0.83046E+01
    78    0.16336E+01    0.81094E+01
    79    0.16546E+01    0.81895E+01
    80    0.16755E+01    0.82134E+01
    81    0.16965E+01    0.82580E+01
    82    0.17174E+01    0.81926E+01
    83    0.17383E+01    0.81511E+01
    84    0.17593E+01    0.82485E+01
    85    0.17802E+01    0.83067E+01
    86    0.18012E+01    0.82535E+01
    87    0.18221E+01    0.82440E+01
    88    0.18431E+01    0.82296E+01
    89    0.18640E+01    0.82802E+01
    90    0.18850E+01    0.82264E+01
    91    0.19059E+01    0.81813E+01
    92    0.19268E+01    0.83020E+01
    93    0.19478E+01    0.82330E+01
    94    0.19687E+01    0.82790E+01
    95    0.19897E+01    0.82443E+01
    96    0.20106E+01    0.82253E+01
    97    0.20316E+01    0.82588E+01
    98    0.20525E+01    0.82625E+01
    99    0.20735E+01    0.82385E+01
   100    0.20944E+01    0.81826E+01
   101    0.21153E+01    0.81802E+01
   102    0.21363E+01    0.82016E+01
   103    0.21572E+01    0.82132E+01
   104    0.21782E+01    0.81976E+01
   105    0.21991E+01    0.81885E+01
   106    0.22201E+01    0.81402E+01
   107    0.22410E+01    0.82122E+01
   108    0.22619E+01    0.81562E+01
   109    0.22829E+01    0.81793E+01
   110    0.23038E+01    0.81623E+01
   111    0.23248E+01    0.81620E+01
   112    0.23457E+01    0.81444E+01
   113    0.23667E+01    0.80875E+01
   114    0.23876E+01    0.81015E+01
   115    0.24086E+01    0.80673E+01
   116    0.24295E+01    0.80990E+01
   117    0.24504E+01    0.80631E+01
   118    0.24714E+01    0.79906E+01
   119    0.24923E+01    0.80276E+01
   120    0.25133E+01    0.79928E+01
   121    0.25342E+01    0.79067E+01
   122    0.25552E+01    0.79005E+01
   123    0.25761E+01    0.79179E+01
   124    0.25970E+01    0.78733E+01
   125    0.26180E+01    0.77982E+01
   126    0.26389E+01    0.78412E+01
   127    0.26599E+01    0.77807E+01
   128    0.26808E+01    0.77796E+01
   129    0.27018E+01    0.77541E+01
   130    0.27227E+01    0.76836E+01
   131    0.27437E+01    0.76545E+01
   132    0.27646E+01    0.76021E+01
   133    0.27855E+01    0.75393E+01
   134    0.28065E+01    0.75658E+01
   135    0.28274E+01    0.74983E+01
   136    0.28484E+01    0.74800E+01
   137    0.28693E+01    0.74264E+01
   138    0.28903E+01    0.73975E+01
   139    0.29112E+01    0.73595E+01
   140    0.29322E+01    0.73156E+01
   141    0.29531E+01    0.72983E+01
   142    0.29740E+01    0.72593E+01
   143    0.29950E+01    0.72211E+01
   144    0.30159E+01    0.71964E+01
   145    0.30369E+01    0.71937E+01
   146    0.30578E+01    0.71728E+01
   147    0.30788E+01    0.71546E+01
   148    0.30997E+01    0.71596E+01
   149    0.31206E+01    0.71430E+01
