k[unitless]    k[h/Mpc]    D^2(k)
     1    0.20944E-01    0.21701E-01
     2    0.41888E-01    0.59404E-01
     3    0.62832E-01    0.10156E+00
     4    0.83776E-01    0.16882E+00
     5    0.10472E+00    0.29326E+00
     6    0.12566E+00    0.30204E+00
     7    0.14661E+00    0.32255E+00
     8    0.16755E+00    0.30570E+00
     9    0.18850E+00    0.34821E+00
    10    0.20944E+00    0.37088E+00
    11    0.23038E+00    0.39041E+00
    12    0.25133E+00    0.40896E+00
    13    0.27227E+00    0.40582E+00
    14    0.29322E+00    0.38217E+00
    15    0.31416E+00    0.35435E+00
    16    0.33510E+00    0.38206E+00
    17    0.35605E+00    0.40949E+00
    18    0.37699E+00    0.38651E+00
    19    0.39794E+00    0.39087E+00
    20    0.41888E+00    0.38998E+00
    21    0.43982E+00    0.37861E+00
    22    0.46077E+00    0.37344E+00
    23    0.48171E+00    0.36221E+00
    24    0.50265E+00    0.35750E+00
    25    0.52360E+00    0.35695E+00
    26    0.54454E+00    0.34966E+00
    27    0.56549E+00    0.34769E+00
    28    0.58643E+00    0.35897E+00
    29    0.60737E+00    0.34980E+00
    30    0.62832E+00    0.34849E+00
    31    0.64926E+00    0.33392E+00
    32    0.67021E+00    0.33913E+00
    33    0.69115E+00    0.34026E+00
    34    0.71209E+00    0.32069E+00
    35    0.73304E+00    0.32897E+00
    36    0.75398E+00    0.33349E+00
    37    0.77493E+00    0.33179E+00
    38    0.79587E+00    0.32485E+00
    39    0.81681E+00    0.32344E+00
    40    0.83776E+00    0.32446E+00
    41    0.85870E+00    0.32061E+00
    42    0.87965E+00    0.32415E+00
    43    0.90059E+00    0.32404E+00
    44    0.92153E+00    0.32511E+00
    45    0.94248E+00    0.32695E+00
    46    0.96342E+00    0.32530E+00
    47    0.98437E+00    0.32121E+00
    48    0.10053E+01    0.32012E+00
    49    0.10263E+01    0.31769E+00
    50    0.10472E+01    0.31420E+00
    51    0.10681E+01    0.31875E+00
    52    0.10891E+01    0.31139E+00
    53    0.11100E+01    0.31154E+00
    54    0.11310E+01    0.30962E+00
    55    0.11519E+01    0.31099E+00
    56    0.11729E+01    0.31316E+00
    57    0.11938E+01    0.30615E+00
    58    0.12147E+01    0.30748E+00
    59    0.12357E+01    0.30502E+00
    60    0.12566E+01    0.30721E+00
    61    0.12776E+01    0.30555E+00
    62    0.12985E+01    0.30484E+00
    63    0.13195E+01    0.30537E+00
    64    0.13404E+01    0.30470E+00
    65    0.13614E+01    0.30087E+00
    66    0.13823E+01    0.30189E+00
    67    0.14032E+01    0.29438E+00
    68    0.14242E+01    0.29361E+00
    69    0.14451E+01    0.29619E+00
    70    0.14661E+01    0.29466E+00
    71    0.14870E+01    0.29933E+00
    72    0.15080E+01    0.30031E+00
    73    0.15289E+01    0.30092E+00
    74    0.15499E+01    0.29786E+00
    75    0.15708E+01    0.29243E+00
    76    0.15917E+01    0.29164E+00
    77    0.16127E+01    0.29314E+00
    78    0.16336E+01    0.29162E+00
    79    0.16546E+01    0.29121E+00
    80    0.16755E+01    0.28821E+00
    81    0.16965E+01    0.29068E+00
    82    0.17174E+01    0.29151E+00
    83    0.17383E+01    0.28512E+00
    84    0.17593E+01    0.28531E+00
    85    0.17802E+01    0.28589E+00
    86    0.18012E+01    0.28382E+00
    87    0.18221E+01    0.28207E+00
    88    0.18431E+01    0.27949E+00
    89    0.18640E+01    0.28097E+00
    90    0.18850E+01    0.27881E+00
    91    0.19059E+01    0.27760E+00
    92    0.19268E+01    0.27641E+00
    93    0.19478E+01    0.27427E+00
    94    0.19687E+01    0.27419E+00
    95    0.19897E+01    0.27423E+00
    96    0.20106E+01    0.27469E+00
    97    0.20316E+01    0.27316E+00
    98    0.20525E+01    0.27570E+00
    99    0.20735E+01    0.27344E+00
   100    0.20944E+01    0.27423E+00
   101    0.21153E+01    0.27395E+00
   102    0.21363E+01    0.27338E+00
   103    0.21572E+01    0.27233E+00
   104    0.21782E+01    0.26975E+00
   105    0.21991E+01    0.26710E+00
   106    0.22201E+01    0.26812E+00
   107    0.22410E+01    0.27077E+00
   108    0.22619E+01    0.26815E+00
   109    0.22829E+01    0.26655E+00
   110    0.23038E+01    0.26503E+00
   111    0.23248E+01    0.26677E+00
   112    0.23457E+01    0.26673E+00
   113    0.23667E+01    0.26314E+00
   114    0.23876E+01    0.26400E+00
   115    0.24086E+01    0.26166E+00
   116    0.24295E+01    0.26213E+00
   117    0.24504E+01    0.26059E+00
   118    0.24714E+01    0.25876E+00
   119    0.24923E+01    0.25697E+00
   120    0.25133E+01    0.25644E+00
   121    0.25342E+01    0.25604E+00
   122    0.25552E+01    0.25501E+00
   123    0.25761E+01    0.25553E+00
   124    0.25970E+01    0.25354E+00
   125    0.26180E+01    0.25148E+00
   126    0.26389E+01    0.25102E+00
   127    0.26599E+01    0.24980E+00
   128    0.26808E+01    0.24747E+00
   129    0.27018E+01    0.24747E+00
   130    0.27227E+01    0.24570E+00
   131    0.27437E+01    0.24523E+00
   132    0.27646E+01    0.24261E+00
   133    0.27855E+01    0.24248E+00
   134    0.28065E+01    0.24280E+00
   135    0.28274E+01    0.24124E+00
   136    0.28484E+01    0.24020E+00
   137    0.28693E+01    0.23977E+00
   138    0.28903E+01    0.23757E+00
   139    0.29112E+01    0.23680E+00
   140    0.29322E+01    0.23590E+00
   141    0.29531E+01    0.23484E+00
   142    0.29740E+01    0.23343E+00
   143    0.29950E+01    0.23239E+00
   144    0.30159E+01    0.23209E+00
   145    0.30369E+01    0.23222E+00
   146    0.30578E+01    0.23521E+00
   147    0.30788E+01    0.23537E+00
   148    0.30997E+01    0.23657E+00
   149    0.31206E+01    0.23614E+00
