k[unitless]    k[h/Mpc]    D^2(k)
     1    0.20944E-01    0.20561E+00
     2    0.41888E-01    0.10247E+01
     3    0.62832E-01    0.28780E+01
     4    0.83776E-01    0.50321E+01
     5    0.10472E+00    0.60953E+01
     6    0.12566E+00    0.83986E+01
     7    0.14661E+00    0.10826E+02
     8    0.16755E+00    0.12003E+02
     9    0.18850E+00    0.14087E+02
    10    0.20944E+00    0.15397E+02
    11    0.23038E+00    0.16533E+02
    12    0.25133E+00    0.16735E+02
    13    0.27227E+00    0.18218E+02
    14    0.29322E+00    0.18436E+02
    15    0.31416E+00    0.19093E+02
    16    0.33510E+00    0.19518E+02
    17    0.35605E+00    0.20067E+02
    18    0.37699E+00    0.20418E+02
    19    0.39794E+00    0.20082E+02
    20    0.41888E+00    0.21709E+02
    21    0.43982E+00    0.21526E+02
    22    0.46077E+00    0.20965E+02
    23    0.48171E+00    0.21154E+02
    24    0.50265E+00    0.21484E+02
    25    0.52360E+00    0.21933E+02
    26    0.54454E+00    0.22328E+02
    27    0.56549E+00    0.21862E+02
    28    0.58643E+00    0.22123E+02
    29    0.60737E+00    0.22326E+02
    30    0.62832E+00    0.21799E+02
    31    0.64926E+00    0.22506E+02
    32    0.67021E+00    0.22368E+02
    33    0.69115E+00    0.22311E+02
    34    0.71209E+00    0.21683E+02
    35    0.73304E+00    0.21837E+02
    36    0.75398E+00    0.22261E+02
    37    0.77493E+00    0.21893E+02
    38    0.79587E+00    0.22363E+02
    39    0.81681E+00    0.22640E+02
    40    0.83776E+00    0.22016E+02
    41    0.85870E+00    0.22386E+02
    42    0.87965E+00    0.21835E+02
    43    0.90059E+00    0.21975E+02
    44    0.92153E+00    0.21834E+02
    45    0.94248E+00    0.22275E+02
    46    0.96342E+00    0.22072E+02
    47    0.98437E+00    0.22236E+02
    48    0.10053E+01    0.22183E+02
    49    0.10263E+01    0.22365E+02
    50    0.10472E+01    0.22109E+02
    51    0.10681E+01    0.22284E+02
    52    0.10891E+01    0.22123E+02
    53    0.11100E+01    0.22398E+02
    54    0.11310E+01    0.22314E+02
    55    0.11519E+01    0.22301E+02
    56    0.11729E+01    0.22166E+02
    57    0.11938E+01    0.22184E+02
    58    0.12147E+01    0.22396E+02
    59    0.12357E+01    0.22355E+02
    60    0.12566E+01    0.22390E+02
    61    0.12776E+01    0.22258E+02
    62    0.12985E+01    0.22457E+02
    63    0.13195E+01    0.22397E+02
    64    0.13404E+01    0.22550E+02
    65    0.13614E+01    0.22623E+02
    66    0.13823E+01    0.22593E+02
    67    0.14032E+01    0.22476E+02
    68    0.14242E+01    0.22601E+02
    69    0.14451E+01    0.22488E+02
    70    0.14661E+01    0.22786E+02
    71    0.14870E+01    0.22923E+02
    72    0.15080E+01    0.22842E+02
    73    0.15289E+01    0.22721E+02
    74    0.15499E+01    0.22821E+02
    75    0.15708E+01    0.23045E+02
    76    0.15917E+01    0.23105E+02
    77    0.16127E+01    0.23387E+02
    78    0.16336E+01    0.23329E+02
    79    0.16546E+01    0.23486E+02
    80    0.16755E+01    0.23484E+02
    81    0.16965E+01    0.23603E+02
    82    0.17174E+01    0.23766E+02
    83    0.17383E+01    0.24025E+02
    84    0.17593E+01    0.24018E+02
    85    0.17802E+01    0.24260E+02
    86    0.18012E+01    0.23953E+02
    87    0.18221E+01    0.24367E+02
    88    0.18431E+01    0.24553E+02
    89    0.18640E+01    0.24560E+02
    90    0.18850E+01    0.24690E+02
    91    0.19059E+01    0.24693E+02
    92    0.19268E+01    0.24811E+02
    93    0.19478E+01    0.25015E+02
    94    0.19687E+01    0.25175E+02
    95    0.19897E+01    0.25130E+02
    96    0.20106E+01    0.25462E+02
    97    0.20316E+01    0.25511E+02
    98    0.20525E+01    0.25564E+02
    99    0.20735E+01    0.25667E+02
   100    0.20944E+01    0.25820E+02
   101    0.21153E+01    0.25890E+02
   102    0.21363E+01    0.26253E+02
   103    0.21572E+01    0.26082E+02
   104    0.21782E+01    0.26079E+02
   105    0.21991E+01    0.26226E+02
   106    0.22201E+01    0.26211E+02
   107    0.22410E+01    0.26470E+02
   108    0.22619E+01    0.26663E+02
   109    0.22829E+01    0.26559E+02
   110    0.23038E+01    0.26519E+02
   111    0.23248E+01    0.26700E+02
   112    0.23457E+01    0.26686E+02
   113    0.23667E+01    0.26745E+02
   114    0.23876E+01    0.26839E+02
   115    0.24086E+01    0.26784E+02
   116    0.24295E+01    0.26870E+02
   117    0.24504E+01    0.26618E+02
   118    0.24714E+01    0.26686E+02
   119    0.24923E+01    0.26831E+02
   120    0.25133E+01    0.26724E+02
   121    0.25342E+01    0.26623E+02
   122    0.25552E+01    0.26636E+02
   123    0.25761E+01    0.26709E+02
   124    0.25970E+01    0.26629E+02
   125    0.26180E+01    0.26334E+02
   126    0.26389E+01    0.26551E+02
   127    0.26599E+01    0.26301E+02
   128    0.26808E+01    0.25943E+02
   129    0.27018E+01    0.26150E+02
   130    0.27227E+01    0.25941E+02
   131    0.27437E+01    0.25915E+02
   132    0.27646E+01    0.25674E+02
   133    0.27855E+01    0.25530E+02
   134    0.28065E+01    0.25282E+02
   135    0.28274E+01    0.25213E+02
   136    0.28484E+01    0.24971E+02
   137    0.28693E+01    0.24639E+02
   138    0.28903E+01    0.24629E+02
   139    0.29112E+01    0.24338E+02
   140    0.29322E+01    0.24088E+02
   141    0.29531E+01    0.23965E+02
   142    0.29740E+01    0.23708E+02
   143    0.29950E+01    0.23596E+02
   144    0.30159E+01    0.23406E+02
   145    0.30369E+01    0.23297E+02
   146    0.30578E+01    0.23038E+02
   147    0.30788E+01    0.22954E+02
   148    0.30997E+01    0.22943E+02
   149    0.31206E+01    0.22889E+02
