k[unitless]    k[h/Mpc]    D^2(k)
     1    0.20944E-01    0.16173E+00
     2    0.41888E-01    0.81221E+00
     3    0.62832E-01    0.23165E+01
     4    0.83776E-01    0.41246E+01
     5    0.10472E+00    0.50820E+01
     6    0.12566E+00    0.71483E+01
     7    0.14661E+00    0.94184E+01
     8    0.16755E+00    0.10717E+02
     9    0.18850E+00    0.12686E+02
    10    0.20944E+00    0.13988E+02
    11    0.23038E+00    0.15300E+02
    12    0.25133E+00    0.15678E+02
    13    0.27227E+00    0.17339E+02
    14    0.29322E+00    0.17674E+02
    15    0.31416E+00    0.18563E+02
    16    0.33510E+00    0.18832E+02
    17    0.35605E+00    0.19469E+02
    18    0.37699E+00    0.20070E+02
    19    0.39794E+00    0.19765E+02
    20    0.41888E+00    0.21561E+02
    21    0.43982E+00    0.21321E+02
    22    0.46077E+00    0.20895E+02
    23    0.48171E+00    0.21191E+02
    24    0.50265E+00    0.21509E+02
    25    0.52360E+00    0.22127E+02
    26    0.54454E+00    0.22618E+02
    27    0.56549E+00    0.22174E+02
    28    0.58643E+00    0.22482E+02
    29    0.60737E+00    0.22754E+02
    30    0.62832E+00    0.22288E+02
    31    0.64926E+00    0.23068E+02
    32    0.67021E+00    0.22942E+02
    33    0.69115E+00    0.22841E+02
    34    0.71209E+00    0.22321E+02
    35    0.73304E+00    0.22582E+02
    36    0.75398E+00    0.23148E+02
    37    0.77493E+00    0.22655E+02
    38    0.79587E+00    0.23081E+02
    39    0.81681E+00    0.23250E+02
    40    0.83776E+00    0.22747E+02
    41    0.85870E+00    0.23187E+02
    42    0.87965E+00    0.22614E+02
    43    0.90059E+00    0.22820E+02
    44    0.92153E+00    0.22713E+02
    45    0.94248E+00    0.23103E+02
    46    0.96342E+00    0.22911E+02
    47    0.98437E+00    0.23167E+02
    48    0.10053E+01    0.22935E+02
    49    0.10263E+01    0.23335E+02
    50    0.10472E+01    0.22936E+02
    51    0.10681E+01    0.23183E+02
    52    0.10891E+01    0.23006E+02
    53    0.11100E+01    0.23246E+02
    54    0.11310E+01    0.23261E+02
    55    0.11519E+01    0.23257E+02
    56    0.11729E+01    0.23176E+02
    57    0.11938E+01    0.23299E+02
    58    0.12147E+01    0.23366E+02
    59    0.12357E+01    0.23435E+02
    60    0.12566E+01    0.23308E+02
    61    0.12776E+01    0.23326E+02
    62    0.12985E+01    0.23497E+02
    63    0.13195E+01    0.23489E+02
    64    0.13404E+01    0.23655E+02
    65    0.13614E+01    0.23698E+02
    66    0.13823E+01    0.23634E+02
    67    0.14032E+01    0.23542E+02
    68    0.14242E+01    0.23780E+02
    69    0.14451E+01    0.23733E+02
    70    0.14661E+01    0.23970E+02
    71    0.14870E+01    0.24017E+02
    72    0.15080E+01    0.24021E+02
    73    0.15289E+01    0.23871E+02
    74    0.15499E+01    0.24028E+02
    75    0.15708E+01    0.24297E+02
    76    0.15917E+01    0.24386E+02
    77    0.16127E+01    0.24624E+02
    78    0.16336E+01    0.24672E+02
    79    0.16546E+01    0.24791E+02
    80    0.16755E+01    0.24818E+02
    81    0.16965E+01    0.24924E+02
    82    0.17174E+01    0.25064E+02
    83    0.17383E+01    0.25326E+02
    84    0.17593E+01    0.25415E+02
    85    0.17802E+01    0.25623E+02
    86    0.18012E+01    0.25342E+02
    87    0.18221E+01    0.25775E+02
    88    0.18431E+01    0.26081E+02
    89    0.18640E+01    0.26066E+02
    90    0.18850E+01    0.26113E+02
    91    0.19059E+01    0.26137E+02
    92    0.19268E+01    0.26313E+02
    93    0.19478E+01    0.26565E+02
    94    0.19687E+01    0.26716E+02
    95    0.19897E+01    0.26829E+02
    96    0.20106E+01    0.27129E+02
    97    0.20316E+01    0.27167E+02
    98    0.20525E+01    0.27257E+02
    99    0.20735E+01    0.27425E+02
   100    0.20944E+01    0.27450E+02
   101    0.21153E+01    0.27645E+02
   102    0.21363E+01    0.27975E+02
   103    0.21572E+01    0.27851E+02
   104    0.21782E+01    0.27911E+02
   105    0.21991E+01    0.28038E+02
   106    0.22201E+01    0.28080E+02
   107    0.22410E+01    0.28250E+02
   108    0.22619E+01    0.28483E+02
   109    0.22829E+01    0.28444E+02
   110    0.23038E+01    0.28412E+02
   111    0.23248E+01    0.28539E+02
   112    0.23457E+01    0.28587E+02
   113    0.23667E+01    0.28604E+02
   114    0.23876E+01    0.28715E+02
   115    0.24086E+01    0.28667E+02
   116    0.24295E+01    0.28851E+02
   117    0.24504E+01    0.28524E+02
   118    0.24714E+01    0.28683E+02
   119    0.24923E+01    0.28884E+02
   120    0.25133E+01    0.28644E+02
   121    0.25342E+01    0.28569E+02
   122    0.25552E+01    0.28625E+02
   123    0.25761E+01    0.28652E+02
   124    0.25970E+01    0.28582E+02
   125    0.26180E+01    0.28381E+02
   126    0.26389E+01    0.28497E+02
   127    0.26599E+01    0.28264E+02
   128    0.26808E+01    0.27926E+02
   129    0.27018E+01    0.28063E+02
   130    0.27227E+01    0.27778E+02
   131    0.27437E+01    0.27805E+02
   132    0.27646E+01    0.27523E+02
   133    0.27855E+01    0.27389E+02
   134    0.28065E+01    0.27107E+02
   135    0.28274E+01    0.27000E+02
   136    0.28484E+01    0.26766E+02
   137    0.28693E+01    0.26373E+02
   138    0.28903E+01    0.26403E+02
   139    0.29112E+01    0.26114E+02
   140    0.29322E+01    0.25855E+02
   141    0.29531E+01    0.25690E+02
   142    0.29740E+01    0.25363E+02
   143    0.29950E+01    0.25239E+02
   144    0.30159E+01    0.25037E+02
   145    0.30369E+01    0.24969E+02
   146    0.30578E+01    0.24657E+02
   147    0.30788E+01    0.24528E+02
   148    0.30997E+01    0.24529E+02
   149    0.31206E+01    0.24453E+02
