k[unitless]    k[h/Mpc]    D^2(k)
     1    0.20944E-01    0.56068E+00
     2    0.41888E-01    0.25853E+01
     3    0.62832E-01    0.62576E+01
     4    0.83776E-01    0.87846E+01
     5    0.10472E+00    0.96258E+01
     6    0.12566E+00    0.11284E+02
     7    0.14661E+00    0.12591E+02
     8    0.16755E+00    0.12072E+02
     9    0.18850E+00    0.13388E+02
    10    0.20944E+00    0.13858E+02
    11    0.23038E+00    0.13762E+02
    12    0.25133E+00    0.13904E+02
    13    0.27227E+00    0.13583E+02
    14    0.29322E+00    0.13331E+02
    15    0.31416E+00    0.12725E+02
    16    0.33510E+00    0.13681E+02
    17    0.35605E+00    0.13369E+02
    18    0.37699E+00    0.13354E+02
    19    0.39794E+00    0.12976E+02
    20    0.41888E+00    0.13335E+02
    21    0.43982E+00    0.13656E+02
    22    0.46077E+00    0.13473E+02
    23    0.48171E+00    0.12804E+02
    24    0.50265E+00    0.12609E+02
    25    0.52360E+00    0.12746E+02
    26    0.54454E+00    0.12991E+02
    27    0.56549E+00    0.12848E+02
    28    0.58643E+00    0.12778E+02
    29    0.60737E+00    0.13122E+02
    30    0.62832E+00    0.12803E+02
    31    0.64926E+00    0.12612E+02
    32    0.67021E+00    0.12629E+02
    33    0.69115E+00    0.12612E+02
    34    0.71209E+00    0.12296E+02
    35    0.73304E+00    0.12451E+02
    36    0.75398E+00    0.12455E+02
    37    0.77493E+00    0.12223E+02
    38    0.79587E+00    0.12480E+02
    39    0.81681E+00    0.12138E+02
    40    0.83776E+00    0.12216E+02
    41    0.85870E+00    0.12058E+02
    42    0.87965E+00    0.12203E+02
    43    0.90059E+00    0.12412E+02
    44    0.92153E+00    0.12128E+02
    45    0.94248E+00    0.12134E+02
    46    0.96342E+00    0.12063E+02
    47    0.98437E+00    0.12009E+02
    48    0.10053E+01    0.11964E+02
    49    0.10263E+01    0.11988E+02
    50    0.10472E+01    0.12065E+02
    51    0.10681E+01    0.12034E+02
    52    0.10891E+01    0.11891E+02
    53    0.11100E+01    0.11943E+02
    54    0.11310E+01    0.11833E+02
    55    0.11519E+01    0.11717E+02
    56    0.11729E+01    0.11752E+02
    57    0.11938E+01    0.11931E+02
    58    0.12147E+01    0.11890E+02
    59    0.12357E+01    0.11942E+02
    60    0.12566E+01    0.11782E+02
    61    0.12776E+01    0.11764E+02
    62    0.12985E+01    0.11800E+02
    63    0.13195E+01    0.11772E+02
    64    0.13404E+01    0.11797E+02
    65    0.13614E+01    0.11688E+02
    66    0.13823E+01    0.11840E+02
    67    0.14032E+01    0.11668E+02
    68    0.14242E+01    0.11858E+02
    69    0.14451E+01    0.11623E+02
    70    0.14661E+01    0.11659E+02
    71    0.14870E+01    0.11685E+02
    72    0.15080E+01    0.11823E+02
    73    0.15289E+01    0.11818E+02
    74    0.15499E+01    0.11815E+02
    75    0.15708E+01    0.11772E+02
    76    0.15917E+01    0.11733E+02
    77    0.16127E+01    0.11822E+02
    78    0.16336E+01    0.11719E+02
    79    0.16546E+01    0.11748E+02
    80    0.16755E+01    0.11903E+02
    81    0.16965E+01    0.11800E+02
    82    0.17174E+01    0.11774E+02
    83    0.17383E+01    0.11716E+02
    84    0.17593E+01    0.11951E+02
    85    0.17802E+01    0.11983E+02
    86    0.18012E+01    0.11770E+02
    87    0.18221E+01    0.11880E+02
    88    0.18431E+01    0.11938E+02
    89    0.18640E+01    0.11946E+02
    90    0.18850E+01    0.11947E+02
    91    0.19059E+01    0.11870E+02
    92    0.19268E+01    0.11876E+02
    93    0.19478E+01    0.11993E+02
    94    0.19687E+01    0.12062E+02
    95    0.19897E+01    0.11946E+02
    96    0.20106E+01    0.11985E+02
    97    0.20316E+01    0.12013E+02
    98    0.20525E+01    0.12022E+02
    99    0.20735E+01    0.11972E+02
   100    0.20944E+01    0.11969E+02
   101    0.21153E+01    0.11968E+02
   102    0.21363E+01    0.12045E+02
   103    0.21572E+01    0.11977E+02
   104    0.21782E+01    0.11989E+02
   105    0.21991E+01    0.11991E+02
   106    0.22201E+01    0.11977E+02
   107    0.22410E+01    0.11959E+02
   108    0.22619E+01    0.11931E+02
   109    0.22829E+01    0.12002E+02
   110    0.23038E+01    0.12023E+02
   111    0.23248E+01    0.11999E+02
   112    0.23457E+01    0.12066E+02
   113    0.23667E+01    0.11983E+02
   114    0.23876E+01    0.12003E+02
   115    0.24086E+01    0.11930E+02
   116    0.24295E+01    0.11933E+02
   117    0.24504E+01    0.11928E+02
   118    0.24714E+01    0.11901E+02
   119    0.24923E+01    0.11893E+02
   120    0.25133E+01    0.11902E+02
   121    0.25342E+01    0.11730E+02
   122    0.25552E+01    0.11742E+02
   123    0.25761E+01    0.11777E+02
   124    0.25970E+01    0.11625E+02
   125    0.26180E+01    0.11582E+02
   126    0.26389E+01    0.11620E+02
   127    0.26599E+01    0.11540E+02
   128    0.26808E+01    0.11483E+02
   129    0.27018E+01    0.11438E+02
   130    0.27227E+01    0.11409E+02
   131    0.27437E+01    0.11292E+02
   132    0.27646E+01    0.11310E+02
   133    0.27855E+01    0.11210E+02
   134    0.28065E+01    0.11198E+02
   135    0.28274E+01    0.11102E+02
   136    0.28484E+01    0.11037E+02
   137    0.28693E+01    0.10962E+02
   138    0.28903E+01    0.10916E+02
   139    0.29112E+01    0.10821E+02
   140    0.29322E+01    0.10809E+02
   141    0.29531E+01    0.10755E+02
   142    0.29740E+01    0.10714E+02
   143    0.29950E+01    0.10667E+02
   144    0.30159E+01    0.10579E+02
   145    0.30369E+01    0.10584E+02
   146    0.30578E+01    0.10498E+02
   147    0.30788E+01    0.10517E+02
   148    0.30997E+01    0.10488E+02
   149    0.31206E+01    0.10537E+02
