k[unitless]    k[h/Mpc]    D^2(k)
     1    0.20944E-01    0.54702E+00
     2    0.41888E-01    0.25525E+01
     3    0.62832E-01    0.62524E+01
     4    0.83776E-01    0.89633E+01
     5    0.10472E+00    0.98270E+01
     6    0.12566E+00    0.11616E+02
     7    0.14661E+00    0.13068E+02
     8    0.16755E+00    0.12559E+02
     9    0.18850E+00    0.13993E+02
    10    0.20944E+00    0.14532E+02
    11    0.23038E+00    0.14460E+02
    12    0.25133E+00    0.14546E+02
    13    0.27227E+00    0.14304E+02
    14    0.29322E+00    0.13952E+02
    15    0.31416E+00    0.13462E+02
    16    0.33510E+00    0.14472E+02
    17    0.35605E+00    0.14129E+02
    18    0.37699E+00    0.14109E+02
    19    0.39794E+00    0.13731E+02
    20    0.41888E+00    0.14115E+02
    21    0.43982E+00    0.14402E+02
    22    0.46077E+00    0.14190E+02
    23    0.48171E+00    0.13598E+02
    24    0.50265E+00    0.13388E+02
    25    0.52360E+00    0.13508E+02
    26    0.54454E+00    0.13714E+02
    27    0.56549E+00    0.13574E+02
    28    0.58643E+00    0.13549E+02
    29    0.60737E+00    0.13934E+02
    30    0.62832E+00    0.13559E+02
    31    0.64926E+00    0.13373E+02
    32    0.67021E+00    0.13399E+02
    33    0.69115E+00    0.13400E+02
    34    0.71209E+00    0.13021E+02
    35    0.73304E+00    0.13165E+02
    36    0.75398E+00    0.13197E+02
    37    0.77493E+00    0.12985E+02
    38    0.79587E+00    0.13263E+02
    39    0.81681E+00    0.12883E+02
    40    0.83776E+00    0.12933E+02
    41    0.85870E+00    0.12838E+02
    42    0.87965E+00    0.12994E+02
    43    0.90059E+00    0.13201E+02
    44    0.92153E+00    0.12844E+02
    45    0.94248E+00    0.12879E+02
    46    0.96342E+00    0.12830E+02
    47    0.98437E+00    0.12796E+02
    48    0.10053E+01    0.12699E+02
    49    0.10263E+01    0.12764E+02
    50    0.10472E+01    0.12816E+02
    51    0.10681E+01    0.12763E+02
    52    0.10891E+01    0.12635E+02
    53    0.11100E+01    0.12692E+02
    54    0.11310E+01    0.12579E+02
    55    0.11519E+01    0.12464E+02
    56    0.11729E+01    0.12522E+02
    57    0.11938E+01    0.12632E+02
    58    0.12147E+01    0.12631E+02
    59    0.12357E+01    0.12684E+02
    60    0.12566E+01    0.12517E+02
    61    0.12776E+01    0.12525E+02
    62    0.12985E+01    0.12530E+02
    63    0.13195E+01    0.12508E+02
    64    0.13404E+01    0.12502E+02
    65    0.13614E+01    0.12431E+02
    66    0.13823E+01    0.12594E+02
    67    0.14032E+01    0.12418E+02
    68    0.14242E+01    0.12624E+02
    69    0.14451E+01    0.12356E+02
    70    0.14661E+01    0.12420E+02
    71    0.14870E+01    0.12444E+02
    72    0.15080E+01    0.12574E+02
    73    0.15289E+01    0.12579E+02
    74    0.15499E+01    0.12601E+02
    75    0.15708E+01    0.12517E+02
    76    0.15917E+01    0.12496E+02
    77    0.16127E+01    0.12607E+02
    78    0.16336E+01    0.12499E+02
    79    0.16546E+01    0.12504E+02
    80    0.16755E+01    0.12701E+02
    81    0.16965E+01    0.12580E+02
    82    0.17174E+01    0.12559E+02
    83    0.17383E+01    0.12502E+02
    84    0.17593E+01    0.12759E+02
    85    0.17802E+01    0.12793E+02
    86    0.18012E+01    0.12562E+02
    87    0.18221E+01    0.12676E+02
    88    0.18431E+01    0.12728E+02
    89    0.18640E+01    0.12789E+02
    90    0.18850E+01    0.12777E+02
    91    0.19059E+01    0.12702E+02
    92    0.19268E+01    0.12679E+02
    93    0.19478E+01    0.12798E+02
    94    0.19687E+01    0.12860E+02
    95    0.19897E+01    0.12768E+02
    96    0.20106E+01    0.12814E+02
    97    0.20316E+01    0.12833E+02
    98    0.20525E+01    0.12836E+02
    99    0.20735E+01    0.12823E+02
   100    0.20944E+01    0.12834E+02
   101    0.21153E+01    0.12808E+02
   102    0.21363E+01    0.12892E+02
   103    0.21572E+01    0.12824E+02
   104    0.21782E+01    0.12845E+02
   105    0.21991E+01    0.12845E+02
   106    0.22201E+01    0.12841E+02
   107    0.22410E+01    0.12814E+02
   108    0.22619E+01    0.12827E+02
   109    0.22829E+01    0.12868E+02
   110    0.23038E+01    0.12911E+02
   111    0.23248E+01    0.12872E+02
   112    0.23457E+01    0.12925E+02
   113    0.23667E+01    0.12884E+02
   114    0.23876E+01    0.12891E+02
   115    0.24086E+01    0.12797E+02
   116    0.24295E+01    0.12811E+02
   117    0.24504E+01    0.12812E+02
   118    0.24714E+01    0.12783E+02
   119    0.24923E+01    0.12755E+02
   120    0.25133E+01    0.12790E+02
   121    0.25342E+01    0.12605E+02
   122    0.25552E+01    0.12597E+02
   123    0.25761E+01    0.12629E+02
   124    0.25970E+01    0.12510E+02
   125    0.26180E+01    0.12433E+02
   126    0.26389E+01    0.12481E+02
   127    0.26599E+01    0.12405E+02
   128    0.26808E+01    0.12320E+02
   129    0.27018E+01    0.12316E+02
   130    0.27227E+01    0.12255E+02
   131    0.27437E+01    0.12142E+02
   132    0.27646E+01    0.12154E+02
   133    0.27855E+01    0.12057E+02
   134    0.28065E+01    0.12016E+02
   135    0.28274E+01    0.11928E+02
   136    0.28484E+01    0.11877E+02
   137    0.28693E+01    0.11773E+02
   138    0.28903E+01    0.11731E+02
   139    0.29112E+01    0.11620E+02
   140    0.29322E+01    0.11614E+02
   141    0.29531E+01    0.11553E+02
   142    0.29740E+01    0.11481E+02
   143    0.29950E+01    0.11452E+02
   144    0.30159E+01    0.11330E+02
   145    0.30369E+01    0.11359E+02
   146    0.30578E+01    0.11264E+02
   147    0.30788E+01    0.11253E+02
   148    0.30997E+01    0.11229E+02
   149    0.31206E+01    0.11325E+02
