k[unitless]    k[h/Mpc]    D^2(k)
     1    0.20944E-01    0.10433E-03
     2    0.41888E-01    0.50489E-03
     3    0.62832E-01    0.13918E-02
     4    0.83776E-01    0.34836E-02
     5    0.10472E+00    0.60060E-02
     6    0.12566E+00    0.74929E-02
     7    0.14661E+00    0.92240E-02
     8    0.16755E+00    0.11375E-01
     9    0.18850E+00    0.11659E-01
    10    0.20944E+00    0.11477E-01
    11    0.23038E+00    0.11586E-01
    12    0.25133E+00    0.11756E-01
    13    0.27227E+00    0.12039E-01
    14    0.29322E+00    0.11846E-01
    15    0.31416E+00    0.12660E-01
    16    0.33510E+00    0.12973E-01
    17    0.35605E+00    0.13326E-01
    18    0.37699E+00    0.13690E-01
    19    0.39794E+00    0.13827E-01
    20    0.41888E+00    0.13733E-01
    21    0.43982E+00    0.13706E-01
    22    0.46077E+00    0.13074E-01
    23    0.48171E+00    0.13369E-01
    24    0.50265E+00    0.14178E-01
    25    0.52360E+00    0.14067E-01
    26    0.54454E+00    0.13997E-01
    27    0.56549E+00    0.13718E-01
    28    0.58643E+00    0.13465E-01
    29    0.60737E+00    0.12974E-01
    30    0.62832E+00    0.12665E-01
    31    0.64926E+00    0.12273E-01
    32    0.67021E+00    0.11998E-01
    33    0.69115E+00    0.11741E-01
    34    0.71209E+00    0.11463E-01
    35    0.73304E+00    0.11583E-01
    36    0.75398E+00    0.11648E-01
    37    0.77493E+00    0.11533E-01
    38    0.79587E+00    0.11280E-01
    39    0.81681E+00    0.11414E-01
    40    0.83776E+00    0.11573E-01
    41    0.85870E+00    0.11323E-01
    42    0.87965E+00    0.11132E-01
    43    0.90059E+00    0.11000E-01
    44    0.92153E+00    0.11016E-01
    45    0.94248E+00    0.11208E-01
    46    0.96342E+00    0.11372E-01
    47    0.98437E+00    0.11414E-01
    48    0.10053E+01    0.11365E-01
    49    0.10263E+01    0.11561E-01
    50    0.10472E+01    0.11444E-01
    51    0.10681E+01    0.11304E-01
    52    0.10891E+01    0.11169E-01
    53    0.11100E+01    0.10978E-01
    54    0.11310E+01    0.10976E-01
    55    0.11519E+01    0.11018E-01
    56    0.11729E+01    0.11050E-01
    57    0.11938E+01    0.11070E-01
    58    0.12147E+01    0.11435E-01
    59    0.12357E+01    0.11626E-01
    60    0.12566E+01    0.11580E-01
    61    0.12776E+01    0.11765E-01
    62    0.12985E+01    0.12188E-01
    63    0.13195E+01    0.12393E-01
    64    0.13404E+01    0.12500E-01
    65    0.13614E+01    0.12703E-01
    66    0.13823E+01    0.12853E-01
    67    0.14032E+01    0.12680E-01
    68    0.14242E+01    0.12565E-01
    69    0.14451E+01    0.12583E-01
    70    0.14661E+01    0.12479E-01
    71    0.14870E+01    0.12305E-01
    72    0.15080E+01    0.12190E-01
    73    0.15289E+01    0.11956E-01
    74    0.15499E+01    0.11736E-01
    75    0.15708E+01    0.11587E-01
    76    0.15917E+01    0.11614E-01
    77    0.16127E+01    0.11496E-01
    78    0.16336E+01    0.11209E-01
    79    0.16546E+01    0.11232E-01
    80    0.16755E+01    0.11145E-01
    81    0.16965E+01    0.11207E-01
    82    0.17174E+01    0.10957E-01
    83    0.17383E+01    0.10918E-01
    84    0.17593E+01    0.10717E-01
    85    0.17802E+01    0.10499E-01
    86    0.18012E+01    0.10371E-01
    87    0.18221E+01    0.10294E-01
    88    0.18431E+01    0.10165E-01
    89    0.18640E+01    0.99108E-02
    90    0.18850E+01    0.98965E-02
    91    0.19059E+01    0.10053E-01
    92    0.19268E+01    0.10142E-01
    93    0.19478E+01    0.10071E-01
    94    0.19687E+01    0.10071E-01
    95    0.19897E+01    0.10216E-01
    96    0.20106E+01    0.10301E-01
    97    0.20316E+01    0.10329E-01
    98    0.20525E+01    0.10434E-01
    99    0.20735E+01    0.10545E-01
   100    0.20944E+01    0.10491E-01
   101    0.21153E+01    0.10509E-01
   102    0.21363E+01    0.10499E-01
   103    0.21572E+01    0.10372E-01
   104    0.21782E+01    0.10015E-01
   105    0.21991E+01    0.98249E-02
   106    0.22201E+01    0.96870E-02
   107    0.22410E+01    0.94432E-02
   108    0.22619E+01    0.92944E-02
   109    0.22829E+01    0.92405E-02
   110    0.23038E+01    0.92201E-02
   111    0.23248E+01    0.91380E-02
   112    0.23457E+01    0.90577E-02
   113    0.23667E+01    0.90677E-02
   114    0.23876E+01    0.90422E-02
   115    0.24086E+01    0.90513E-02
   116    0.24295E+01    0.89110E-02
   117    0.24504E+01    0.88183E-02
   118    0.24714E+01    0.88472E-02
   119    0.24923E+01    0.89589E-02
   120    0.25133E+01    0.89788E-02
   121    0.25342E+01    0.88956E-02
   122    0.25552E+01    0.89576E-02
   123    0.25761E+01    0.89520E-02
   124    0.25970E+01    0.89945E-02
   125    0.26180E+01    0.90339E-02
   126    0.26389E+01    0.90628E-02
   127    0.26599E+01    0.90501E-02
   128    0.26808E+01    0.91316E-02
   129    0.27018E+01    0.91625E-02
   130    0.27227E+01    0.90635E-02
   131    0.27437E+01    0.89362E-02
   132    0.27646E+01    0.89026E-02
   133    0.27855E+01    0.88224E-02
   134    0.28065E+01    0.87341E-02
   135    0.28274E+01    0.86277E-02
   136    0.28484E+01    0.85582E-02
   137    0.28693E+01    0.84926E-02
   138    0.28903E+01    0.84479E-02
   139    0.29112E+01    0.83124E-02
   140    0.29322E+01    0.81430E-02
   141    0.29531E+01    0.80605E-02
   142    0.29740E+01    0.79838E-02
   143    0.29950E+01    0.78586E-02
   144    0.30159E+01    0.78774E-02
   145    0.30369E+01    0.79278E-02
   146    0.30578E+01    0.79825E-02
   147    0.30788E+01    0.79795E-02
   148    0.30997E+01    0.80214E-02
   149    0.31206E+01    0.81474E-02
