k[unitless]    k[h/Mpc]    D^2(k)
     1    0.20944E-01    0.49888E-01
     2    0.41888E-01    0.26136E+00
     3    0.62832E-01    0.80165E+00
     4    0.83776E-01    0.15181E+01
     5    0.10472E+00    0.20378E+01
     6    0.12566E+00    0.30970E+01
     7    0.14661E+00    0.44883E+01
     8    0.16755E+00    0.55613E+01
     9    0.18850E+00    0.68609E+01
    10    0.20944E+00    0.78052E+01
    11    0.23038E+00    0.92195E+01
    12    0.25133E+00    0.99790E+01
    13    0.27227E+00    0.11726E+02
    14    0.29322E+00    0.12318E+02
    15    0.31416E+00    0.13712E+02
    16    0.33510E+00    0.13986E+02
    17    0.35605E+00    0.14682E+02
    18    0.37699E+00    0.15992E+02
    19    0.39794E+00    0.15995E+02
    20    0.41888E+00    0.17884E+02
    21    0.43982E+00    0.17631E+02
    22    0.46077E+00    0.18220E+02
    23    0.48171E+00    0.18808E+02
    24    0.50265E+00    0.18993E+02
    25    0.52360E+00    0.19959E+02
    26    0.54454E+00    0.20781E+02
    27    0.56549E+00    0.21120E+02
    28    0.58643E+00    0.21131E+02
    29    0.60737E+00    0.21751E+02
    30    0.62832E+00    0.21623E+02
    31    0.64926E+00    0.22412E+02
    32    0.67021E+00    0.22836E+02
    33    0.69115E+00    0.22731E+02
    34    0.71209E+00    0.22437E+02
    35    0.73304E+00    0.22996E+02
    36    0.75398E+00    0.23768E+02
    37    0.77493E+00    0.23624E+02
    38    0.79587E+00    0.23601E+02
    39    0.81681E+00    0.23505E+02
    40    0.83776E+00    0.23700E+02
    41    0.85870E+00    0.24236E+02
    42    0.87965E+00    0.24138E+02
    43    0.90059E+00    0.24336E+02
    44    0.92153E+00    0.24330E+02
    45    0.94248E+00    0.24205E+02
    46    0.96342E+00    0.24656E+02
    47    0.98437E+00    0.25006E+02
    48    0.10053E+01    0.24634E+02
    49    0.10263E+01    0.25187E+02
    50    0.10472E+01    0.24600E+02
    51    0.10681E+01    0.25048E+02
    52    0.10891E+01    0.24976E+02
    53    0.11100E+01    0.25202E+02
    54    0.11310E+01    0.25233E+02
    55    0.11519E+01    0.25254E+02
    56    0.11729E+01    0.25400E+02
    57    0.11938E+01    0.25751E+02
    58    0.12147E+01    0.25486E+02
    59    0.12357E+01    0.25827E+02
    60    0.12566E+01    0.25607E+02
    61    0.12776E+01    0.25628E+02
    62    0.12985E+01    0.26115E+02
    63    0.13195E+01    0.26031E+02
    64    0.13404E+01    0.26347E+02
    65    0.13614E+01    0.26742E+02
    66    0.13823E+01    0.26430E+02
    67    0.14032E+01    0.26462E+02
    68    0.14242E+01    0.26741E+02
    69    0.14451E+01    0.26691E+02
    70    0.14661E+01    0.26760E+02
    71    0.14870E+01    0.26771E+02
    72    0.15080E+01    0.26877E+02
    73    0.15289E+01    0.26992E+02
    74    0.15499E+01    0.27442E+02
    75    0.15708E+01    0.27679E+02
    76    0.15917E+01    0.27844E+02
    77    0.16127E+01    0.28095E+02
    78    0.16336E+01    0.28215E+02
    79    0.16546E+01    0.28271E+02
    80    0.16755E+01    0.28510E+02
    81    0.16965E+01    0.28630E+02
    82    0.17174E+01    0.28739E+02
    83    0.17383E+01    0.29312E+02
    84    0.17593E+01    0.29229E+02
    85    0.17802E+01    0.29556E+02
    86    0.18012E+01    0.29625E+02
    87    0.18221E+01    0.29936E+02
    88    0.18431E+01    0.30241E+02
    89    0.18640E+01    0.30389E+02
    90    0.18850E+01    0.30238E+02
    91    0.19059E+01    0.30501E+02
    92    0.19268E+01    0.30867E+02
    93    0.19478E+01    0.31315E+02
    94    0.19687E+01    0.31219E+02
    95    0.19897E+01    0.31449E+02
    96    0.20106E+01    0.31897E+02
    97    0.20316E+01    0.31932E+02
    98    0.20525E+01    0.32046E+02
    99    0.20735E+01    0.32314E+02
   100    0.20944E+01    0.32544E+02
   101    0.21153E+01    0.32616E+02
   102    0.21363E+01    0.33013E+02
   103    0.21572E+01    0.32933E+02
   104    0.21782E+01    0.33245E+02
   105    0.21991E+01    0.33183E+02
   106    0.22201E+01    0.33542E+02
   107    0.22410E+01    0.33518E+02
   108    0.22619E+01    0.33837E+02
   109    0.22829E+01    0.33872E+02
   110    0.23038E+01    0.33981E+02
   111    0.23248E+01    0.33936E+02
   112    0.23457E+01    0.34274E+02
   113    0.23667E+01    0.34081E+02
   114    0.23876E+01    0.34141E+02
   115    0.24086E+01    0.34471E+02
   116    0.24295E+01    0.34658E+02
   117    0.24504E+01    0.34259E+02
   118    0.24714E+01    0.34538E+02
   119    0.24923E+01    0.34729E+02
   120    0.25133E+01    0.34456E+02
   121    0.25342E+01    0.34572E+02
   122    0.25552E+01    0.34496E+02
   123    0.25761E+01    0.34414E+02
   124    0.25970E+01    0.34335E+02
   125    0.26180E+01    0.34040E+02
   126    0.26389E+01    0.34194E+02
   127    0.26599E+01    0.33959E+02
   128    0.26808E+01    0.33561E+02
   129    0.27018E+01    0.33780E+02
   130    0.27227E+01    0.33282E+02
   131    0.27437E+01    0.33232E+02
   132    0.27646E+01    0.33092E+02
   133    0.27855E+01    0.32863E+02
   134    0.28065E+01    0.32780E+02
   135    0.28274E+01    0.32365E+02
   136    0.28484E+01    0.32095E+02
   137    0.28693E+01    0.31680E+02
   138    0.28903E+01    0.31534E+02
   139    0.29112E+01    0.31175E+02
   140    0.29322E+01    0.31081E+02
   141    0.29531E+01    0.30726E+02
   142    0.29740E+01    0.30350E+02
   143    0.29950E+01    0.30145E+02
   144    0.30159E+01    0.29853E+02
   145    0.30369E+01    0.29535E+02
   146    0.30578E+01    0.29287E+02
   147    0.30788E+01    0.29087E+02
   148    0.30997E+01    0.28839E+02
   149    0.31206E+01    0.28940E+02
