k[unitless]    k[h/Mpc]    D^2(k)
     1    0.20944E-01    0.58164E+00
     2    0.41888E-01    0.25627E+01
     3    0.62832E-01    0.59680E+01
     4    0.83776E-01    0.78678E+01
     5    0.10472E+00    0.87067E+01
     6    0.12566E+00    0.10022E+02
     7    0.14661E+00    0.10915E+02
     8    0.16755E+00    0.10448E+02
     9    0.18850E+00    0.11412E+02
    10    0.20944E+00    0.11625E+02
    11    0.23038E+00    0.11600E+02
    12    0.25133E+00    0.11877E+02
    13    0.27227E+00    0.11380E+02
    14    0.29322E+00    0.11415E+02
    15    0.31416E+00    0.10480E+02
    16    0.33510E+00    0.11378E+02
    17    0.35605E+00    0.11069E+02
    18    0.37699E+00    0.11116E+02
    19    0.39794E+00    0.10808E+02
    20    0.41888E+00    0.11073E+02
    21    0.43982E+00    0.11361E+02
    22    0.46077E+00    0.11270E+02
    23    0.48171E+00    0.10561E+02
    24    0.50265E+00    0.10421E+02
    25    0.52360E+00    0.10604E+02
    26    0.54454E+00    0.10832E+02
    27    0.56549E+00    0.10711E+02
    28    0.58643E+00    0.10638E+02
    29    0.60737E+00    0.10702E+02
    30    0.62832E+00    0.10599E+02
    31    0.64926E+00    0.10362E+02
    32    0.67021E+00    0.10437E+02
    33    0.69115E+00    0.10461E+02
    34    0.71209E+00    0.10208E+02
    35    0.73304E+00    0.10257E+02
    36    0.75398E+00    0.10254E+02
    37    0.77493E+00    0.10035E+02
    38    0.79587E+00    0.10248E+02
    39    0.81681E+00    0.10060E+02
    40    0.83776E+00    0.10171E+02
    41    0.85870E+00    0.99862E+01
    42    0.87965E+00    0.10031E+02
    43    0.90059E+00    0.10107E+02
    44    0.92153E+00    0.10114E+02
    45    0.94248E+00    0.99771E+01
    46    0.96342E+00    0.98895E+01
    47    0.98437E+00    0.98551E+01
    48    0.10053E+01    0.98590E+01
    49    0.10263E+01    0.98265E+01
    50    0.10472E+01    0.99414E+01
    51    0.10681E+01    0.99103E+01
    52    0.10891E+01    0.97340E+01
    53    0.11100E+01    0.97903E+01
    54    0.11310E+01    0.96691E+01
    55    0.11519E+01    0.95823E+01
    56    0.11729E+01    0.96139E+01
    57    0.11938E+01    0.97765E+01
    58    0.12147E+01    0.97553E+01
    59    0.12357E+01    0.97849E+01
    60    0.12566E+01    0.95939E+01
    61    0.12776E+01    0.96409E+01
    62    0.12985E+01    0.97449E+01
    63    0.13195E+01    0.96486E+01
    64    0.13404E+01    0.97474E+01
    65    0.13614E+01    0.96078E+01
    66    0.13823E+01    0.96514E+01
    67    0.14032E+01    0.96161E+01
    68    0.14242E+01    0.96331E+01
    69    0.14451E+01    0.95692E+01
    70    0.14661E+01    0.95521E+01
    71    0.14870E+01    0.96036E+01
    72    0.15080E+01    0.96258E+01
    73    0.15289E+01    0.96638E+01
    74    0.15499E+01    0.96270E+01
    75    0.15708E+01    0.95683E+01
    76    0.15917E+01    0.96218E+01
    77    0.16127E+01    0.96340E+01
    78    0.16336E+01    0.94622E+01
    79    0.16546E+01    0.95647E+01
    80    0.16755E+01    0.96141E+01
    81    0.16965E+01    0.96312E+01
    82    0.17174E+01    0.95372E+01
    83    0.17383E+01    0.95340E+01
    84    0.17593E+01    0.96577E+01
    85    0.17802E+01    0.96797E+01
    86    0.18012E+01    0.96191E+01
    87    0.18221E+01    0.96277E+01
    88    0.18431E+01    0.96190E+01
    89    0.18640E+01    0.96844E+01
    90    0.18850E+01    0.96589E+01
    91    0.19059E+01    0.95604E+01
    92    0.19268E+01    0.96424E+01
    93    0.19478E+01    0.96582E+01
    94    0.19687E+01    0.97213E+01
    95    0.19897E+01    0.96330E+01
    96    0.20106E+01    0.96523E+01
    97    0.20316E+01    0.97043E+01
    98    0.20525E+01    0.96921E+01
    99    0.20735E+01    0.96685E+01
   100    0.20944E+01    0.95842E+01
   101    0.21153E+01    0.96304E+01
   102    0.21363E+01    0.96355E+01
   103    0.21572E+01    0.96296E+01
   104    0.21782E+01    0.96805E+01
   105    0.21991E+01    0.96410E+01
   106    0.22201E+01    0.95512E+01
   107    0.22410E+01    0.96088E+01
   108    0.22619E+01    0.95884E+01
   109    0.22829E+01    0.96066E+01
   110    0.23038E+01    0.96355E+01
   111    0.23248E+01    0.95947E+01
   112    0.23457E+01    0.95954E+01
   113    0.23667E+01    0.95597E+01
   114    0.23876E+01    0.95462E+01
   115    0.24086E+01    0.95343E+01
   116    0.24295E+01    0.95072E+01
   117    0.24504E+01    0.94892E+01
   118    0.24714E+01    0.94541E+01
   119    0.24923E+01    0.94851E+01
   120    0.25133E+01    0.94659E+01
   121    0.25342E+01    0.93306E+01
   122    0.25552E+01    0.93714E+01
   123    0.25761E+01    0.94093E+01
   124    0.25970E+01    0.92950E+01
   125    0.26180E+01    0.92384E+01
   126    0.26389E+01    0.92898E+01
   127    0.26599E+01    0.91792E+01
   128    0.26808E+01    0.91852E+01
   129    0.27018E+01    0.91467E+01
   130    0.27227E+01    0.90744E+01
   131    0.27437E+01    0.90094E+01
   132    0.27646E+01    0.90163E+01
   133    0.27855E+01    0.89288E+01
   134    0.28065E+01    0.89384E+01
   135    0.28274E+01    0.88737E+01
   136    0.28484E+01    0.88165E+01
   137    0.28693E+01    0.87464E+01
   138    0.28903E+01    0.87077E+01
   139    0.29112E+01    0.86633E+01
   140    0.29322E+01    0.86286E+01
   141    0.29531E+01    0.85754E+01
   142    0.29740E+01    0.85524E+01
   143    0.29950E+01    0.85193E+01
   144    0.30159E+01    0.84621E+01
   145    0.30369E+01    0.84798E+01
   146    0.30578E+01    0.84390E+01
   147    0.30788E+01    0.84117E+01
   148    0.30997E+01    0.84109E+01
   149    0.31206E+01    0.84192E+01
