k[unitless]    k[h/Mpc]    D^2(k)
     1    0.20944E-01    0.53091E+00
     2    0.41888E-01    0.25011E+01
     3    0.62832E-01    0.61976E+01
     4    0.83776E-01    0.90639E+01
     5    0.10472E+00    0.99641E+01
     6    0.12566E+00    0.11885E+02
     7    0.14661E+00    0.13481E+02
     8    0.16755E+00    0.13002E+02
     9    0.18850E+00    0.14550E+02
    10    0.20944E+00    0.15145E+02
    11    0.23038E+00    0.15121E+02
    12    0.25133E+00    0.15148E+02
    13    0.27227E+00    0.15004E+02
    14    0.29322E+00    0.14554E+02
    15    0.31416E+00    0.14175E+02
    16    0.33510E+00    0.15244E+02
    17    0.35605E+00    0.14875E+02
    18    0.37699E+00    0.14849E+02
    19    0.39794E+00    0.14481E+02
    20    0.41888E+00    0.14888E+02
    21    0.43982E+00    0.15120E+02
    22    0.46077E+00    0.14885E+02
    23    0.48171E+00    0.14390E+02
    24    0.50265E+00    0.14171E+02
    25    0.52360E+00    0.14269E+02
    26    0.54454E+00    0.14439E+02
    27    0.56549E+00    0.14311E+02
    28    0.58643E+00    0.14323E+02
    29    0.60737E+00    0.14740E+02
    30    0.62832E+00    0.14302E+02
    31    0.64926E+00    0.14131E+02
    32    0.67021E+00    0.14167E+02
    33    0.69115E+00    0.14194E+02
    34    0.71209E+00    0.13740E+02
    35    0.73304E+00    0.13869E+02
    36    0.75398E+00    0.13928E+02
    37    0.77493E+00    0.13752E+02
    38    0.79587E+00    0.14056E+02
    39    0.81681E+00    0.13646E+02
    40    0.83776E+00    0.13654E+02
    41    0.85870E+00    0.13651E+02
    42    0.87965E+00    0.13778E+02
    43    0.90059E+00    0.13960E+02
    44    0.92153E+00    0.13570E+02
    45    0.94248E+00    0.13630E+02
    46    0.96342E+00    0.13587E+02
    47    0.98437E+00    0.13598E+02
    48    0.10053E+01    0.13431E+02
    49    0.10263E+01    0.13519E+02
    50    0.10472E+01    0.13576E+02
    51    0.10681E+01    0.13500E+02
    52    0.10891E+01    0.13369E+02
    53    0.11100E+01    0.13465E+02
    54    0.11310E+01    0.13318E+02
    55    0.11519E+01    0.13213E+02
    56    0.11729E+01    0.13314E+02
    57    0.11938E+01    0.13322E+02
    58    0.12147E+01    0.13368E+02
    59    0.12357E+01    0.13401E+02
    60    0.12566E+01    0.13235E+02
    61    0.12776E+01    0.13293E+02
    62    0.12985E+01    0.13258E+02
    63    0.13195E+01    0.13267E+02
    64    0.13404E+01    0.13228E+02
    65    0.13614E+01    0.13183E+02
    66    0.13823E+01    0.13343E+02
    67    0.14032E+01    0.13167E+02
    68    0.14242E+01    0.13384E+02
    69    0.14451E+01    0.13122E+02
    70    0.14661E+01    0.13206E+02
    71    0.14870E+01    0.13219E+02
    72    0.15080E+01    0.13315E+02
    73    0.15289E+01    0.13336E+02
    74    0.15499E+01    0.13372E+02
    75    0.15708E+01    0.13267E+02
    76    0.15917E+01    0.13258E+02
    77    0.16127E+01    0.13390E+02
    78    0.16336E+01    0.13278E+02
    79    0.16546E+01    0.13273E+02
    80    0.16755E+01    0.13488E+02
    81    0.16965E+01    0.13370E+02
    82    0.17174E+01    0.13355E+02
    83    0.17383E+01    0.13301E+02
    84    0.17593E+01    0.13581E+02
    85    0.17802E+01    0.13591E+02
    86    0.18012E+01    0.13387E+02
    87    0.18221E+01    0.13497E+02
    88    0.18431E+01    0.13506E+02
    89    0.18640E+01    0.13637E+02
    90    0.18850E+01    0.13597E+02
    91    0.19059E+01    0.13537E+02
    92    0.19268E+01    0.13498E+02
    93    0.19478E+01    0.13607E+02
    94    0.19687E+01    0.13660E+02
    95    0.19897E+01    0.13601E+02
    96    0.20106E+01    0.13652E+02
    97    0.20316E+01    0.13662E+02
    98    0.20525E+01    0.13674E+02
    99    0.20735E+01    0.13684E+02
   100    0.20944E+01    0.13704E+02
   101    0.21153E+01    0.13700E+02
   102    0.21363E+01    0.13763E+02
   103    0.21572E+01    0.13704E+02
   104    0.21782E+01    0.13731E+02
   105    0.21991E+01    0.13716E+02
   106    0.22201E+01    0.13703E+02
   107    0.22410E+01    0.13699E+02
   108    0.22619E+01    0.13741E+02
   109    0.22829E+01    0.13745E+02
   110    0.23038E+01    0.13807E+02
   111    0.23248E+01    0.13762E+02
   112    0.23457E+01    0.13800E+02
   113    0.23667E+01    0.13794E+02
   114    0.23876E+01    0.13788E+02
   115    0.24086E+01    0.13687E+02
   116    0.24295E+01    0.13701E+02
   117    0.24504E+01    0.13722E+02
   118    0.24714E+01    0.13672E+02
   119    0.24923E+01    0.13668E+02
   120    0.25133E+01    0.13696E+02
   121    0.25342E+01    0.13520E+02
   122    0.25552E+01    0.13479E+02
   123    0.25761E+01    0.13500E+02
   124    0.25970E+01    0.13402E+02
   125    0.26180E+01    0.13312E+02
   126    0.26389E+01    0.13365E+02
   127    0.26599E+01    0.13263E+02
   128    0.26808E+01    0.13192E+02
   129    0.27018E+01    0.13188E+02
   130    0.27227E+01    0.13116E+02
   131    0.27437E+01    0.13033E+02
   132    0.27646E+01    0.13012E+02
   133    0.27855E+01    0.12903E+02
   134    0.28065E+01    0.12860E+02
   135    0.28274E+01    0.12786E+02
   136    0.28484E+01    0.12717E+02
   137    0.28693E+01    0.12611E+02
   138    0.28903E+01    0.12566E+02
   139    0.29112E+01    0.12441E+02
   140    0.29322E+01    0.12436E+02
   141    0.29531E+01    0.12366E+02
   142    0.29740E+01    0.12257E+02
   143    0.29950E+01    0.12243E+02
   144    0.30159E+01    0.12100E+02
   145    0.30369E+01    0.12150E+02
   146    0.30578E+01    0.12052E+02
   147    0.30788E+01    0.12029E+02
   148    0.30997E+01    0.11988E+02
   149    0.31206E+01    0.12080E+02
