k[unitless]    k[h/Mpc]    D^2(k)
     1    0.20944E-01    0.53907E-01
     2    0.41888E-01    0.26843E+00
     3    0.62832E-01    0.68495E+00
     4    0.83776E-01    0.11251E+01
     5    0.10472E+00    0.16126E+01
     6    0.12566E+00    0.22480E+01
     7    0.14661E+00    0.28196E+01
     8    0.16755E+00    0.32217E+01
     9    0.18850E+00    0.39512E+01
    10    0.20944E+00    0.44820E+01
    11    0.23038E+00    0.49919E+01
    12    0.25133E+00    0.59076E+01
    13    0.27227E+00    0.63468E+01
    14    0.29322E+00    0.67447E+01
    15    0.31416E+00    0.74166E+01
    16    0.33510E+00    0.79259E+01
    17    0.35605E+00    0.83030E+01
    18    0.37699E+00    0.90900E+01
    19    0.39794E+00    0.10063E+02
    20    0.41888E+00    0.10024E+02
    21    0.43982E+00    0.10670E+02
    22    0.46077E+00    0.11319E+02
    23    0.48171E+00    0.11980E+02
    24    0.50265E+00    0.12287E+02
    25    0.52360E+00    0.12483E+02
    26    0.54454E+00    0.13215E+02
    27    0.56549E+00    0.13943E+02
    28    0.58643E+00    0.14218E+02
    29    0.60737E+00    0.14713E+02
    30    0.62832E+00    0.15361E+02
    31    0.64926E+00    0.15703E+02
    32    0.67021E+00    0.16202E+02
    33    0.69115E+00    0.16797E+02
    34    0.71209E+00    0.17153E+02
    35    0.73304E+00    0.17474E+02
    36    0.75398E+00    0.18123E+02
    37    0.77493E+00    0.18192E+02
    38    0.79587E+00    0.18881E+02
    39    0.81681E+00    0.19052E+02
    40    0.83776E+00    0.19597E+02
    41    0.85870E+00    0.19819E+02
    42    0.87965E+00    0.20381E+02
    43    0.90059E+00    0.20611E+02
    44    0.92153E+00    0.21212E+02
    45    0.94248E+00    0.21329E+02
    46    0.96342E+00    0.21418E+02
    47    0.98437E+00    0.22002E+02
    48    0.10053E+01    0.22555E+02
    49    0.10263E+01    0.22501E+02
    50    0.10472E+01    0.22674E+02
    51    0.10681E+01    0.22928E+02
    52    0.10891E+01    0.23174E+02
    53    0.11100E+01    0.23524E+02
    54    0.11310E+01    0.23756E+02
    55    0.11519E+01    0.24104E+02
    56    0.11729E+01    0.24349E+02
    57    0.11938E+01    0.24578E+02
    58    0.12147E+01    0.24525E+02
    59    0.12357E+01    0.25081E+02
    60    0.12566E+01    0.25213E+02
    61    0.12776E+01    0.25247E+02
    62    0.12985E+01    0.25598E+02
    63    0.13195E+01    0.25539E+02
    64    0.13404E+01    0.25759E+02
    65    0.13614E+01    0.26004E+02
    66    0.13823E+01    0.25828E+02
    67    0.14032E+01    0.26199E+02
    68    0.14242E+01    0.26353E+02
    69    0.14451E+01    0.26571E+02
    70    0.14661E+01    0.26691E+02
    71    0.14870E+01    0.26541E+02
    72    0.15080E+01    0.26855E+02
    73    0.15289E+01    0.26845E+02
    74    0.15499E+01    0.26975E+02
    75    0.15708E+01    0.27183E+02
    76    0.15917E+01    0.27366E+02
    77    0.16127E+01    0.27168E+02
    78    0.16336E+01    0.27462E+02
    79    0.16546E+01    0.27710E+02
    80    0.16755E+01    0.27649E+02
    81    0.16965E+01    0.27633E+02
    82    0.17174E+01    0.27437E+02
    83    0.17383E+01    0.27688E+02
    84    0.17593E+01    0.27593E+02
    85    0.17802E+01    0.27615E+02
    86    0.18012E+01    0.27672E+02
    87    0.18221E+01    0.27817E+02
    88    0.18431E+01    0.27882E+02
    89    0.18640E+01    0.27917E+02
    90    0.18850E+01    0.27970E+02
    91    0.19059E+01    0.27773E+02
    92    0.19268E+01    0.27768E+02
    93    0.19478E+01    0.27896E+02
    94    0.19687E+01    0.27876E+02
    95    0.19897E+01    0.27976E+02
    96    0.20106E+01    0.28275E+02
    97    0.20316E+01    0.27890E+02
    98    0.20525E+01    0.27980E+02
    99    0.20735E+01    0.27759E+02
   100    0.20944E+01    0.28019E+02
   101    0.21153E+01    0.27793E+02
   102    0.21363E+01    0.27954E+02
   103    0.21572E+01    0.27680E+02
   104    0.21782E+01    0.27949E+02
   105    0.21991E+01    0.27787E+02
   106    0.22201E+01    0.27871E+02
   107    0.22410E+01    0.27710E+02
   108    0.22619E+01    0.27802E+02
   109    0.22829E+01    0.27509E+02
   110    0.23038E+01    0.27449E+02
   111    0.23248E+01    0.27185E+02
   112    0.23457E+01    0.27243E+02
   113    0.23667E+01    0.27282E+02
   114    0.23876E+01    0.27133E+02
   115    0.24086E+01    0.27060E+02
   116    0.24295E+01    0.27075E+02
   117    0.24504E+01    0.26983E+02
   118    0.24714E+01    0.26584E+02
   119    0.24923E+01    0.26710E+02
   120    0.25133E+01    0.26806E+02
   121    0.25342E+01    0.26331E+02
   122    0.25552E+01    0.26388E+02
   123    0.25761E+01    0.26246E+02
   124    0.25970E+01    0.25971E+02
   125    0.26180E+01    0.25873E+02
   126    0.26389E+01    0.25948E+02
   127    0.26599E+01    0.25513E+02
   128    0.26808E+01    0.25312E+02
   129    0.27018E+01    0.25339E+02
   130    0.27227E+01    0.25090E+02
   131    0.27437E+01    0.24872E+02
   132    0.27646E+01    0.24748E+02
   133    0.27855E+01    0.24720E+02
   134    0.28065E+01    0.24412E+02
   135    0.28274E+01    0.24216E+02
   136    0.28484E+01    0.24021E+02
   137    0.28693E+01    0.23726E+02
   138    0.28903E+01    0.23708E+02
   139    0.29112E+01    0.23575E+02
   140    0.29322E+01    0.23456E+02
   141    0.29531E+01    0.23067E+02
   142    0.29740E+01    0.22946E+02
   143    0.29950E+01    0.22832E+02
   144    0.30159E+01    0.22754E+02
   145    0.30369E+01    0.22686E+02
   146    0.30578E+01    0.22413E+02
   147    0.30788E+01    0.22318E+02
   148    0.30997E+01    0.22379E+02
   149    0.31206E+01    0.22294E+02
