k[unitless]    k[h/Mpc]    D^2(k)
     1    0.20944E-01    0.38908E+00
     2    0.41888E-01    0.18934E+01
     3    0.62832E-01    0.50041E+01
     4    0.83776E-01    0.80980E+01
     5    0.10472E+00    0.92504E+01
     6    0.12566E+00    0.11823E+02
     7    0.14661E+00    0.14129E+02
     8    0.16755E+00    0.14305E+02
     9    0.18850E+00    0.16408E+02
    10    0.20944E+00    0.17391E+02
    11    0.23038E+00    0.17792E+02
    12    0.25133E+00    0.17588E+02
    13    0.27227E+00    0.18217E+02
    14    0.29322E+00    0.17799E+02
    15    0.31416E+00    0.17857E+02
    16    0.33510E+00    0.18952E+02
    17    0.35605E+00    0.18852E+02
    18    0.37699E+00    0.18721E+02
    19    0.39794E+00    0.18429E+02
    20    0.41888E+00    0.19265E+02
    21    0.43982E+00    0.19180E+02
    22    0.46077E+00    0.18632E+02
    23    0.48171E+00    0.18644E+02
    24    0.50265E+00    0.18685E+02
    25    0.52360E+00    0.18797E+02
    26    0.54454E+00    0.19053E+02
    27    0.56549E+00    0.18708E+02
    28    0.58643E+00    0.18803E+02
    29    0.60737E+00    0.19042E+02
    30    0.62832E+00    0.18454E+02
    31    0.64926E+00    0.18563E+02
    32    0.67021E+00    0.18657E+02
    33    0.69115E+00    0.18778E+02
    34    0.71209E+00    0.18022E+02
    35    0.73304E+00    0.18102E+02
    36    0.75398E+00    0.18275E+02
    37    0.77493E+00    0.18294E+02
    38    0.79587E+00    0.18477E+02
    39    0.81681E+00    0.18446E+02
    40    0.83776E+00    0.18093E+02
    41    0.85870E+00    0.18513E+02
    42    0.87965E+00    0.18265E+02
    43    0.90059E+00    0.17910E+02
    44    0.92153E+00    0.17949E+02
    45    0.94248E+00    0.18079E+02
    46    0.96342E+00    0.18041E+02
    47    0.98437E+00    0.18064E+02
    48    0.10053E+01    0.17994E+02
    49    0.10263E+01    0.17911E+02
    50    0.10472E+01    0.17985E+02
    51    0.10681E+01    0.17818E+02
    52    0.10891E+01    0.17922E+02
    53    0.11100E+01    0.18291E+02
    54    0.11310E+01    0.17763E+02
    55    0.11519E+01    0.17814E+02
    56    0.11729E+01    0.17693E+02
    57    0.11938E+01    0.17625E+02
    58    0.12147E+01    0.17810E+02
    59    0.12357E+01    0.17721E+02
    60    0.12566E+01    0.17635E+02
    61    0.12776E+01    0.17898E+02
    62    0.12985E+01    0.17865E+02
    63    0.13195E+01    0.17779E+02
    64    0.13404E+01    0.17898E+02
    65    0.13614E+01    0.17769E+02
    66    0.13823E+01    0.17819E+02
    67    0.14032E+01    0.17637E+02
    68    0.14242E+01    0.17944E+02
    69    0.14451E+01    0.17766E+02
    70    0.14661E+01    0.18004E+02
    71    0.14870E+01    0.17932E+02
    72    0.15080E+01    0.17966E+02
    73    0.15289E+01    0.17999E+02
    74    0.15499E+01    0.18041E+02
    75    0.15708E+01    0.17992E+02
    76    0.15917E+01    0.17941E+02
    77    0.16127E+01    0.18115E+02
    78    0.16336E+01    0.18135E+02
    79    0.16546E+01    0.18202E+02
    80    0.16755E+01    0.18198E+02
    81    0.16965E+01    0.18230E+02
    82    0.17174E+01    0.18386E+02
    83    0.17383E+01    0.18298E+02
    84    0.17593E+01    0.18473E+02
    85    0.17802E+01    0.18599E+02
    86    0.18012E+01    0.18458E+02
    87    0.18221E+01    0.18618E+02
    88    0.18431E+01    0.18725E+02
    89    0.18640E+01    0.18694E+02
    90    0.18850E+01    0.18835E+02
    91    0.19059E+01    0.18649E+02
    92    0.19268E+01    0.18778E+02
    93    0.19478E+01    0.18982E+02
    94    0.19687E+01    0.18977E+02
    95    0.19897E+01    0.18927E+02
    96    0.20106E+01    0.19139E+02
    97    0.20316E+01    0.19122E+02
    98    0.20525E+01    0.19161E+02
    99    0.20735E+01    0.19127E+02
   100    0.20944E+01    0.19295E+02
   101    0.21153E+01    0.19267E+02
   102    0.21363E+01    0.19465E+02
   103    0.21572E+01    0.19312E+02
   104    0.21782E+01    0.19250E+02
   105    0.21991E+01    0.19430E+02
   106    0.22201E+01    0.19379E+02
   107    0.22410E+01    0.19445E+02
   108    0.22619E+01    0.19554E+02
   109    0.22829E+01    0.19560E+02
   110    0.23038E+01    0.19559E+02
   111    0.23248E+01    0.19616E+02
   112    0.23457E+01    0.19651E+02
   113    0.23667E+01    0.19578E+02
   114    0.23876E+01    0.19650E+02
   115    0.24086E+01    0.19572E+02
   116    0.24295E+01    0.19743E+02
   117    0.24504E+01    0.19543E+02
   118    0.24714E+01    0.19495E+02
   119    0.24923E+01    0.19642E+02
   120    0.25133E+01    0.19612E+02
   121    0.25342E+01    0.19419E+02
   122    0.25552E+01    0.19423E+02
   123    0.25761E+01    0.19379E+02
   124    0.25970E+01    0.19328E+02
   125    0.26180E+01    0.19255E+02
   126    0.26389E+01    0.19279E+02
   127    0.26599E+01    0.18994E+02
   128    0.26808E+01    0.19004E+02
   129    0.27018E+01    0.18985E+02
   130    0.27227E+01    0.18823E+02
   131    0.27437E+01    0.18778E+02
   132    0.27646E+01    0.18706E+02
   133    0.27855E+01    0.18509E+02
   134    0.28065E+01    0.18476E+02
   135    0.28274E+01    0.18308E+02
   136    0.28484E+01    0.18254E+02
   137    0.28693E+01    0.18077E+02
   138    0.28903E+01    0.17921E+02
   139    0.29112E+01    0.17826E+02
   140    0.29322E+01    0.17698E+02
   141    0.29531E+01    0.17645E+02
   142    0.29740E+01    0.17451E+02
   143    0.29950E+01    0.17400E+02
   144    0.30159E+01    0.17221E+02
   145    0.30369E+01    0.17177E+02
   146    0.30578E+01    0.17079E+02
   147    0.30788E+01    0.16993E+02
   148    0.30997E+01    0.16992E+02
   149    0.31206E+01    0.16984E+02
