k[unitless]    k[h/Mpc]    D^2(k)
     1    0.20944E-01    0.36936E-01
     2    0.41888E-01    0.18316E+00
     3    0.62832E-01    0.46271E+00
     4    0.83776E-01    0.74204E+00
     5    0.10472E+00    0.11420E+01
     6    0.12566E+00    0.15970E+01
     7    0.14661E+00    0.20546E+01
     8    0.16755E+00    0.23809E+01
     9    0.18850E+00    0.29305E+01
    10    0.20944E+00    0.33712E+01
    11    0.23038E+00    0.38318E+01
    12    0.25133E+00    0.46536E+01
    13    0.27227E+00    0.50641E+01
    14    0.29322E+00    0.54049E+01
    15    0.31416E+00    0.60660E+01
    16    0.33510E+00    0.65228E+01
    17    0.35605E+00    0.68991E+01
    18    0.37699E+00    0.76842E+01
    19    0.39794E+00    0.86809E+01
    20    0.41888E+00    0.85717E+01
    21    0.43982E+00    0.92484E+01
    22    0.46077E+00    0.10054E+02
    23    0.48171E+00    0.10686E+02
    24    0.50265E+00    0.10963E+02
    25    0.52360E+00    0.11146E+02
    26    0.54454E+00    0.12019E+02
    27    0.56549E+00    0.12827E+02
    28    0.58643E+00    0.13097E+02
    29    0.60737E+00    0.13550E+02
    30    0.62832E+00    0.14267E+02
    31    0.64926E+00    0.14677E+02
    32    0.67021E+00    0.15311E+02
    33    0.69115E+00    0.15927E+02
    34    0.71209E+00    0.16287E+02
    35    0.73304E+00    0.16623E+02
    36    0.75398E+00    0.17349E+02
    37    0.77493E+00    0.17427E+02
    38    0.79587E+00    0.18199E+02
    39    0.81681E+00    0.18304E+02
    40    0.83776E+00    0.18956E+02
    41    0.85870E+00    0.19175E+02
    42    0.87965E+00    0.19862E+02
    43    0.90059E+00    0.20136E+02
    44    0.92153E+00    0.20673E+02
    45    0.94248E+00    0.20863E+02
    46    0.96342E+00    0.20908E+02
    47    0.98437E+00    0.21641E+02
    48    0.10053E+01    0.22104E+02
    49    0.10263E+01    0.22171E+02
    50    0.10472E+01    0.22382E+02
    51    0.10681E+01    0.22637E+02
    52    0.10891E+01    0.22881E+02
    53    0.11100E+01    0.23349E+02
    54    0.11310E+01    0.23505E+02
    55    0.11519E+01    0.23884E+02
    56    0.11729E+01    0.24242E+02
    57    0.11938E+01    0.24520E+02
    58    0.12147E+01    0.24440E+02
    59    0.12357E+01    0.25104E+02
    60    0.12566E+01    0.25229E+02
    61    0.12776E+01    0.25307E+02
    62    0.12985E+01    0.25734E+02
    63    0.13195E+01    0.25614E+02
    64    0.13404E+01    0.25866E+02
    65    0.13614E+01    0.26206E+02
    66    0.13823E+01    0.26018E+02
    67    0.14032E+01    0.26580E+02
    68    0.14242E+01    0.26730E+02
    69    0.14451E+01    0.26855E+02
    70    0.14661E+01    0.27024E+02
    71    0.14870E+01    0.26990E+02
    72    0.15080E+01    0.27362E+02
    73    0.15289E+01    0.27473E+02
    74    0.15499E+01    0.27576E+02
    75    0.15708E+01    0.27825E+02
    76    0.15917E+01    0.28063E+02
    77    0.16127E+01    0.27838E+02
    78    0.16336E+01    0.28294E+02
    79    0.16546E+01    0.28592E+02
    80    0.16755E+01    0.28704E+02
    81    0.16965E+01    0.28715E+02
    82    0.17174E+01    0.28601E+02
    83    0.17383E+01    0.28959E+02
    84    0.17593E+01    0.28826E+02
    85    0.17802E+01    0.28941E+02
    86    0.18012E+01    0.29175E+02
    87    0.18221E+01    0.29324E+02
    88    0.18431E+01    0.29439E+02
    89    0.18640E+01    0.29662E+02
    90    0.18850E+01    0.29722E+02
    91    0.19059E+01    0.29639E+02
    92    0.19268E+01    0.29756E+02
    93    0.19478E+01    0.29983E+02
    94    0.19687E+01    0.30024E+02
    95    0.19897E+01    0.30160E+02
    96    0.20106E+01    0.30623E+02
    97    0.20316E+01    0.30277E+02
    98    0.20525E+01    0.30522E+02
    99    0.20735E+01    0.30381E+02
   100    0.20944E+01    0.30617E+02
   101    0.21153E+01    0.30597E+02
   102    0.21363E+01    0.30813E+02
   103    0.21572E+01    0.30628E+02
   104    0.21782E+01    0.30905E+02
   105    0.21991E+01    0.30911E+02
   106    0.22201E+01    0.31040E+02
   107    0.22410E+01    0.30917E+02
   108    0.22619E+01    0.31088E+02
   109    0.22829E+01    0.30888E+02
   110    0.23038E+01    0.30890E+02
   111    0.23248E+01    0.30610E+02
   112    0.23457E+01    0.30798E+02
   113    0.23667E+01    0.30962E+02
   114    0.23876E+01    0.30810E+02
   115    0.24086E+01    0.30809E+02
   116    0.24295E+01    0.30844E+02
   117    0.24504E+01    0.30862E+02
   118    0.24714E+01    0.30298E+02
   119    0.24923E+01    0.30723E+02
   120    0.25133E+01    0.30806E+02
   121    0.25342E+01    0.30309E+02
   122    0.25552E+01    0.30331E+02
   123    0.25761E+01    0.30243E+02
   124    0.25970E+01    0.30019E+02
   125    0.26180E+01    0.30030E+02
   126    0.26389E+01    0.30072E+02
   127    0.26599E+01    0.29627E+02
   128    0.26808E+01    0.29346E+02
   129    0.27018E+01    0.29326E+02
   130    0.27227E+01    0.29202E+02
   131    0.27437E+01    0.29049E+02
   132    0.27646E+01    0.28686E+02
   133    0.27855E+01    0.28772E+02
   134    0.28065E+01    0.28417E+02
   135    0.28274E+01    0.28174E+02
   136    0.28484E+01    0.28022E+02
   137    0.28693E+01    0.27638E+02
   138    0.28903E+01    0.27586E+02
   139    0.29112E+01    0.27332E+02
   140    0.29322E+01    0.27132E+02
   141    0.29531E+01    0.26804E+02
   142    0.29740E+01    0.26630E+02
   143    0.29950E+01    0.26457E+02
   144    0.30159E+01    0.26215E+02
   145    0.30369E+01    0.26173E+02
   146    0.30578E+01    0.25876E+02
   147    0.30788E+01    0.25723E+02
   148    0.30997E+01    0.25646E+02
   149    0.31206E+01    0.25610E+02
