k[unitless]    k[h/Mpc]    D^2(k)
     1    0.20944E-01    0.58008E+00
     2    0.41888E-01    0.25136E+01
     3    0.62832E-01    0.57691E+01
     4    0.83776E-01    0.74480E+01
     5    0.10472E+00    0.83096E+01
     6    0.12566E+00    0.95188E+01
     7    0.14661E+00    0.10290E+02
     8    0.16755E+00    0.98545E+01
     9    0.18850E+00    0.10693E+02
    10    0.20944E+00    0.10824E+02
    11    0.23038E+00    0.10872E+02
    12    0.25133E+00    0.11157E+02
    13    0.27227E+00    0.10623E+02
    14    0.29322E+00    0.10718E+02
    15    0.31416E+00    0.97411E+01
    16    0.33510E+00    0.10626E+02
    17    0.35605E+00    0.10287E+02
    18    0.37699E+00    0.10353E+02
    19    0.39794E+00    0.10096E+02
    20    0.41888E+00    0.10329E+02
    21    0.43982E+00    0.10568E+02
    22    0.46077E+00    0.10487E+02
    23    0.48171E+00    0.98410E+01
    24    0.50265E+00    0.97167E+01
    25    0.52360E+00    0.99056E+01
    26    0.54454E+00    0.10087E+02
    27    0.56549E+00    0.99791E+01
    28    0.58643E+00    0.99602E+01
    29    0.60737E+00    0.98829E+01
    30    0.62832E+00    0.98517E+01
    31    0.64926E+00    0.96208E+01
    32    0.67021E+00    0.97313E+01
    33    0.69115E+00    0.97659E+01
    34    0.71209E+00    0.95121E+01
    35    0.73304E+00    0.95309E+01
    36    0.75398E+00    0.95142E+01
    37    0.77493E+00    0.93269E+01
    38    0.79587E+00    0.95277E+01
    39    0.81681E+00    0.94021E+01
    40    0.83776E+00    0.94620E+01
    41    0.85870E+00    0.93215E+01
    42    0.87965E+00    0.93428E+01
    43    0.90059E+00    0.93767E+01
    44    0.92153E+00    0.94325E+01
    45    0.94248E+00    0.92600E+01
    46    0.96342E+00    0.92069E+01
    47    0.98437E+00    0.91921E+01
    48    0.10053E+01    0.91846E+01
    49    0.10263E+01    0.91343E+01
    50    0.10472E+01    0.92452E+01
    51    0.10681E+01    0.91956E+01
    52    0.10891E+01    0.90573E+01
    53    0.11100E+01    0.91028E+01
    54    0.11310E+01    0.89828E+01
    55    0.11519E+01    0.89188E+01
    56    0.11729E+01    0.89311E+01
    57    0.11938E+01    0.90507E+01
    58    0.12147E+01    0.90802E+01
    59    0.12357E+01    0.90769E+01
    60    0.12566E+01    0.88847E+01
    61    0.12776E+01    0.89739E+01
    62    0.12985E+01    0.90609E+01
    63    0.13195E+01    0.89493E+01
    64    0.13404E+01    0.90557E+01
    65    0.13614E+01    0.89176E+01
    66    0.13823E+01    0.89504E+01
    67    0.14032E+01    0.89240E+01
    68    0.14242E+01    0.89304E+01
    69    0.14451E+01    0.88779E+01
    70    0.14661E+01    0.88766E+01
    71    0.14870E+01    0.89224E+01
    72    0.15080E+01    0.89209E+01
    73    0.15289E+01    0.89672E+01
    74    0.15499E+01    0.89334E+01
    75    0.15708E+01    0.88629E+01
    76    0.15917E+01    0.89398E+01
    77    0.16127E+01    0.89429E+01
    78    0.16336E+01    0.87465E+01
    79    0.16546E+01    0.88518E+01
    80    0.16755E+01    0.88744E+01
    81    0.16965E+01    0.89305E+01
    82    0.17174E+01    0.88384E+01
    83    0.17383E+01    0.88165E+01
    84    0.17593E+01    0.89173E+01
    85    0.17802E+01    0.89506E+01
    86    0.18012E+01    0.89120E+01
    87    0.18221E+01    0.89099E+01
    88    0.18431E+01    0.88875E+01
    89    0.18640E+01    0.89685E+01
    90    0.18850E+01    0.89085E+01
    91    0.19059E+01    0.88390E+01
    92    0.19268E+01    0.89470E+01
    93    0.19478E+01    0.89092E+01
    94    0.19687E+01    0.89688E+01
    95    0.19897E+01    0.89217E+01
    96    0.20106E+01    0.89004E+01
    97    0.20316E+01    0.89474E+01
    98    0.20525E+01    0.89508E+01
    99    0.20735E+01    0.89186E+01
   100    0.20944E+01    0.88557E+01
   101    0.21153E+01    0.88694E+01
   102    0.21363E+01    0.88820E+01
   103    0.21572E+01    0.88978E+01
   104    0.21782E+01    0.89005E+01
   105    0.21991E+01    0.88860E+01
   106    0.22201E+01    0.88210E+01
   107    0.22410E+01    0.88877E+01
   108    0.22619E+01    0.88427E+01
   109    0.22829E+01    0.88556E+01
   110    0.23038E+01    0.88662E+01
   111    0.23248E+01    0.88582E+01
   112    0.23457E+01    0.88258E+01
   113    0.23667E+01    0.87968E+01
   114    0.23876E+01    0.87913E+01
   115    0.24086E+01    0.87634E+01
   116    0.24295E+01    0.87775E+01
   117    0.24504E+01    0.87361E+01
   118    0.24714E+01    0.86794E+01
   119    0.24923E+01    0.87234E+01
   120    0.25133E+01    0.86940E+01
   121    0.25342E+01    0.85833E+01
   122    0.25552E+01    0.86010E+01
   123    0.25761E+01    0.86179E+01
   124    0.25970E+01    0.85511E+01
   125    0.26180E+01    0.85076E+01
   126    0.26389E+01    0.85304E+01
   127    0.26599E+01    0.84392E+01
   128    0.26808E+01    0.84508E+01
   129    0.27018E+01    0.84256E+01
   130    0.27227E+01    0.83476E+01
   131    0.27437E+01    0.83033E+01
   132    0.27646E+01    0.82726E+01
   133    0.27855E+01    0.82073E+01
   134    0.28065E+01    0.82235E+01
   135    0.28274E+01    0.81497E+01
   136    0.28484E+01    0.81320E+01
   137    0.28693E+01    0.80557E+01
   138    0.28903E+01    0.80196E+01
   139    0.29112E+01    0.79729E+01
   140    0.29322E+01    0.79500E+01
   141    0.29531E+01    0.79000E+01
   142    0.29740E+01    0.78800E+01
   143    0.29950E+01    0.78429E+01
   144    0.30159E+01    0.77939E+01
   145    0.30369E+01    0.78137E+01
   146    0.30578E+01    0.77715E+01
   147    0.30788E+01    0.77430E+01
   148    0.30997E+01    0.77551E+01
   149    0.31206E+01    0.77536E+01
